1.000000000000000000e+00
1.000000000000000000e+00
1.000000000000000000e+00
9.366693954582758219e-02
6.509536688566773810e-01
9.999999999756101765e-01
1.000000000000000000e+00
1.000000000000000000e+00
1.000000000000000000e+00
9.993062670006572227e-15
1.000000000000000000e+00
1.000000000000000000e+00
1.000000000000000000e+00
1.000000000000000000e+00
1.000000000000000000e+00
1.000000000000000000e+00
1.288562793744474293e-15
9.597899393604429012e-05
1.000000000000000000e+00
7.599291700513061043e-19
1.000000000000000000e+00
5.259666839180810973e-20
1.000000000000000000e+00
6.887540731741584365e-04
1.000000000000000000e+00
4.938302077046382515e-16
1.000000000000000000e+00
9.999999995424992960e-01
1.706628353941613721e-05
9.995572716434805161e-01
1.000000000000000000e+00
7.503356270369255037e-10
5.810975780902355626e-05
1.000000000000000000e+00
1.000000000000000000e+00
4.840189980594965709e-10
1.000000000000000000e+00
1.000000000000000000e+00
1.000000000000000000e+00
1.000000000000000000e+00
1.000000000000000000e+00
1.000000000000000000e+00
4.191901036874952850e-10
9.295451821414590921e-01
1.000000000000000000e+00
1.860265838934298038e-08
1.000000000000000000e+00
1.000000000000000000e+00
3.993938457177635404e-01
1.000000000000000000e+00
1.000000000000000000e+00
1.753853344305790198e-21
1.000000000000000000e+00
1.000000000000000000e+00
1.000000000000000000e+00
1.217834167680294196e-08
1.746414283434245834e-05
9.353306877531635255e-01
1.000000000000000000e+00
1.000000000000000000e+00
1.000000000000000000e+00
9.966202415158862404e-01
3.890437492258270456e-21
9.715894034353802500e-01
