1.000000000000000000e+00
2.155919843906329265e-10
1.000000000000000000e+00
2.810059709218571746e-16
1.000000000000000000e+00
1.460324453053716276e-01
5.853412812433414671e-10
1.000000000000000000e+00
2.096890877654851700e-15
1.000000000000000000e+00
1.000000000000000000e+00
9.999999624710803614e-01
1.000000000000000000e+00
1.000000000000000000e+00
1.000000000000000000e+00
9.999999949340283578e-01
1.000000000000000000e+00
3.125512730375583461e-15
1.000000000000000000e+00
1.000000000000000000e+00
1.000000000000000000e+00
1.000000000000000000e+00
3.772457455142242471e-18
1.000000000000000000e+00
1.000000000000000000e+00
1.000000000000000000e+00
1.000000000000000000e+00
3.319909316144550150e-14
6.475138924803228838e-16
1.000000000000000000e+00
8.183515841712195593e-01
3.682810977973163683e-12
1.000000000000000000e+00
1.000000000000000000e+00
8.352953664450941673e-01
3.409370309598923753e-14
1.000000000000000000e+00
1.000000000000000000e+00
9.999999985647287648e-01
2.354076892515351861e-06
4.368333989097268994e-16
9.999999973350581772e-01
1.000000000000000000e+00
1.794973119356965592e-16
1.000000000000000000e+00
1.000000000000000000e+00
1.000000000000000000e+00
1.000000000000000000e+00
1.000000000000000000e+00
1.000000000000000000e+00
8.065588749338482577e-01
1.000000000000000000e+00
1.000000000000000000e+00
9.999999842413997975e-01
1.000000000000000000e+00
1.000000000000000000e+00
9.922546791271573685e-01
1.000000000000000000e+00
9.999999999909070514e-01
2.004117963491049760e-08
1.000000000000000000e+00
1.000000000000000000e+00
2.531070153645646292e-04
1.000000000000000000e+00
