9.999999065733321535e-01
9.999085986113039892e-01
4.560962613187916244e-03
1.000000000000000000e+00
3.630840047076919422e-29
1.000000000000000000e+00
1.000000000000000000e+00
1.000000000000000000e+00
5.258509068942407053e-10
1.000000000000000000e+00
1.000000000000000000e+00
1.405652722028021330e-08
9.999999999999584777e-01
2.146001901263274573e-15
1.000000000000000000e+00
1.000000000000000000e+00
1.000000000000000000e+00
1.000000000000000000e+00
9.999999999862456690e-01
7.530570597657762488e-02
1.000000000000000000e+00
1.000000000000000000e+00
7.532607943948520512e-01
1.082033742270674040e-07
1.000000000000000000e+00
1.000000000000000000e+00
1.000000000000000000e+00
1.000000000000000000e+00
1.000000000000000000e+00
2.150691478843555429e-27
1.000000000000000000e+00
9.999999999999915623e-01
1.000000000000000000e+00
1.000000000000000000e+00
1.000000000000000000e+00
1.000000000000000000e+00
7.691160511959140251e-07
1.000000000000000000e+00
2.162055653806986381e-03
1.000000000000000000e+00
1.000000000000000000e+00
1.000000000000000000e+00
1.000000000000000000e+00
1.000000000000000000e+00
8.048183236179458298e-17
1.000000000000000000e+00
1.000000000000000000e+00
1.000000000000000000e+00
2.200494487788357817e-15
4.187738845667923586e-03
9.999999999425464026e-01
1.000000000000000000e+00
1.000000000000000000e+00
1.000000000000000000e+00
1.000000000000000000e+00
1.000000000000000000e+00
1.000000000000000000e+00
1.000000000000000000e+00
9.999999996342008313e-01
1.000000000000000000e+00
1.000000000000000000e+00
9.999990694495999310e-01
1.000000000000000000e+00
9.999999999999396039e-01
