9.953291964908853595e-01
1.000000000000000000e+00
1.000000000000000000e+00
1.143345752189090826e-02
1.000000000000000000e+00
1.000000000000000000e+00
1.000000000000000000e+00
3.028083028807400101e-01
9.884017891047861548e-01
1.000000000000000000e+00
1.000000000000000000e+00
1.721861431776984726e-11
1.000000000000000000e+00
5.375463680193245335e-10
1.000000000000000000e+00
5.512015896671954018e-03
1.000000000000000000e+00
9.999999999823216967e-01
1.000000000000000000e+00
5.904669796568242085e-27
1.000000000000000000e+00
1.000000000000000000e+00
6.192319932722429622e-03
1.000000000000000000e+00
1.000000000000000000e+00
1.000000000000000000e+00
1.000000000000000000e+00
7.972023439936936073e-01
1.000000000000000000e+00
5.918430949655788458e-07
1.000000000000000000e+00
1.000000000000000000e+00
9.754417425914081452e-01
1.613878556988514179e-02
9.999999999999500400e-01
1.000000000000000000e+00
1.000000000000000000e+00
9.999998902585660598e-01
9.999999994847552642e-01
9.354839273603720029e-01
1.174508935894779613e-05
9.999821306872965776e-01
5.461567749367556143e-04
9.999992345407959782e-01
1.586141456829981700e-01
9.900020163106812987e-01
7.954071066770822540e-01
1.000000000000000000e+00
1.000000000000000000e+00
1.000000000000000000e+00
9.999954740355666560e-01
1.000000000000000000e+00
4.736384588064410477e-16
2.403315708381624782e-01
9.285643866997214113e-01
9.955418636566063517e-01
9.999999999999282796e-01
1.003561158361954608e-07
1.000000000000000000e+00
1.000000000000000000e+00
1.000000000000000000e+00
5.402732962002050296e-19
1.000000000000000000e+00
1.000000000000000000e+00
