1.000000000000000000e+00
4.279225094251408110e-03
1.000000000000000000e+00
1.000000000000000000e+00
9.990785725671506023e-01
1.068909397548130204e-06
1.000000000000000000e+00
1.000000000000000000e+00
1.000000000000000000e+00
9.999967464723665822e-01
1.000000000000000000e+00
6.003683519400478952e-01
1.000000000000000000e+00
1.000000000000000000e+00
1.000000000000000000e+00
1.648928278277432269e-01
8.502652893532135492e-01
1.000000000000000000e+00
9.999999996417532344e-01
1.000000000000000000e+00
2.735464562187298109e-14
1.000000000000000000e+00
5.336231277811682994e-02
1.000000000000000000e+00
2.479697450027207139e-07
1.411155335247269478e-12
1.000000000000000000e+00
1.000000000000000000e+00
9.999998190121578423e-01
1.000000000000000000e+00
1.000000000000000000e+00
9.999999999996933564e-01
9.990771343583749742e-01
1.000000000000000000e+00
2.681445828928976211e-17
9.999999999998081535e-01
1.000000000000000000e+00
1.000000000000000000e+00
1.000000000000000000e+00
1.000000000000000000e+00
9.304277886239091799e-01
1.000000000000000000e+00
1.000000000000000000e+00
1.000000000000000000e+00
1.000000000000000000e+00
8.335906136807834654e-01
1.670640945636218191e-11
1.138808298207712455e-01
9.999999999999802380e-01
1.000000000000000000e+00
1.000000000000000000e+00
2.741788712575947940e-11
9.999999999787800853e-01
1.000000000000000000e+00
5.685458224505354208e-01
1.000000000000000000e+00
1.000000000000000000e+00
1.000000000000000000e+00
9.999999999999991118e-01
6.825212778036395011e-05
1.000000000000000000e+00
9.525917471451242920e-07
3.954718521216415403e-05
1.000000000000000000e+00
