9.999963278943230227e-01
9.999977034750338056e-01
9.999495988066953167e-01
9.999975019957881850e-01
9.999974931293450497e-01
9.999986606443065362e-01
9.999977177475987133e-01
9.999983676875375815e-01
9.999969426049700738e-01
9.999349771529126851e-01
9.999940524331182301e-01
9.999958390360548233e-01
9.999840937590014356e-01
9.999969500574291681e-01
9.999945804166681107e-01
9.999897903471531846e-01
9.999939205213176363e-01
9.999975873604250998e-01
9.999953476911837003e-01
9.999884777072191033e-01
9.999946277328999322e-01
9.999945758698103315e-01
9.999984796189381742e-01
9.999726596751095098e-01
9.999049351723672263e-01
9.999990625466497196e-01
9.999979485373059473e-01
9.999922550933963983e-01
9.999979574478941036e-01
9.999922445150469796e-01
9.999934588763518262e-01
9.999970048163536740e-01
9.999967728210076290e-01
9.999982301784638983e-01
9.999956677470183131e-01
9.999869529740924579e-01
9.999945708409025968e-01
9.999978335417714082e-01
9.999972961311142106e-01
9.999956813116949172e-01
9.999752122323183334e-01
9.999989345746824743e-01
9.999935357177052175e-01
9.999961652342598262e-01
9.999986245793373030e-01
9.999977583722927665e-01
9.999985064824518100e-01
9.999954841952494178e-01
9.999979695325692530e-01
9.999987691363629860e-01
9.999943747012310924e-01
9.999977981052052822e-01
9.999826804228035826e-01
9.999970366850056136e-01
9.999923202986710224e-01
9.999990018832228822e-01
9.999911273138262224e-01
9.999967673837855120e-01
9.999978840565696414e-01
9.999857460634530293e-01
9.999977516599447558e-01
9.999973176717007473e-01
9.999989952666547000e-01
9.999953522838147535e-01
