1.000000000000000000e+00
8.448740514544829106e-01
9.999992984333311297e-01
2.731285554928205081e-07
9.021757807672408324e-06
2.751890072526206321e-01
1.000000000000000000e+00
9.910178614185465307e-01
1.120443997988650227e-11
9.999999388597897720e-01
1.000000000000000000e+00
9.999598462552274913e-01
1.905321543614579101e-03
1.000000000000000000e+00
1.000000000000000000e+00
1.000000000000000000e+00
3.651513805469562558e-06
1.000000000000000000e+00
1.000000000000000000e+00
9.996601919955055982e-01
1.000000000000000000e+00
1.000000000000000000e+00
1.000000000000000000e+00
9.999807359337982149e-01
9.999661858617033827e-01
1.000000000000000000e+00
9.999999999821262975e-01
4.879973458953736797e-07
1.000000000000000000e+00
1.000000000000000000e+00
1.000000000000000000e+00
1.000000000000000000e+00
1.000000000000000000e+00
1.000000000000000000e+00
3.669630059827225232e-01
9.998586411571199761e-01
1.000000000000000000e+00
1.000000000000000000e+00
9.999995480423162775e-01
1.000000000000000000e+00
1.000000000000000000e+00
3.462644166598913801e-05
9.315906554437470843e-01
1.257296669136879501e-18
1.952023223038057796e-06
8.740033358042528233e-01
3.403917869161355224e-11
1.000000000000000000e+00
9.999999965456745077e-01
5.111775669169788977e-15
9.998694660358921071e-01
1.000000000000000000e+00
1.000000000000000000e+00
1.000000000000000000e+00
1.525655670222894954e-07
9.999036186677192628e-01
8.610973756526911771e-01
1.000000000000000000e+00
1.000000000000000000e+00
1.000000000000000000e+00
1.000000000000000000e+00
1.000000000000000000e+00
9.999856441454181288e-01
3.457374441514413066e-04
