1.428632053449034146e-26
1.926177320443034463e-14
1.000000000000000000e+00
1.000000000000000000e+00
1.260228369311242113e-18
1.000000000000000000e+00
1.000000000000000000e+00
3.880935798166328119e-35
1.000000000000000000e+00
6.073938896495886097e-32
9.999999999999997780e-01
1.000000000000000000e+00
1.000000000000000000e+00
1.522043289261420985e-26
1.000000000000000000e+00
1.000000000000000000e+00
1.000000000000000000e+00
1.000000000000000000e+00
1.000000000000000000e+00
1.000000000000000000e+00
1.000000000000000000e+00
1.000000000000000000e+00
5.696729476996561861e-15
1.000000000000000000e+00
1.000000000000000000e+00
9.999999999999900080e-01
1.000000000000000000e+00
1.000000000000000000e+00
1.000000000000000000e+00
6.109952916013288355e-27
1.000000000000000000e+00
1.000000000000000000e+00
4.975193213004327114e-17
1.000000000000000000e+00
1.000000000000000000e+00
1.228321356388968163e-33
1.000000000000000000e+00
1.000000000000000000e+00
7.407306591845232240e-19
1.000000000000000000e+00
1.000000000000000000e+00
1.000000000000000000e+00
1.000000000000000000e+00
9.950799277860631969e-32
1.000000000000000000e+00
8.322566002771009296e-33
1.000000000000000000e+00
3.065163007859732885e-43
1.000000000000000000e+00
5.266847026707680463e-30
1.000000000000000000e+00
1.000000000000000000e+00
1.000000000000000000e+00
9.999999998776931687e-01
5.124449218102401340e-38
1.000000000000000000e+00
1.000000000000000000e+00
1.000000000000000000e+00
7.302197468370983741e-12
1.000000000000000000e+00
4.159386405044710466e-01
1.000000000000000000e+00
9.936488411372321750e-01
1.000000000000000000e+00
