9.999999999999997780e-01
1.000000000000000000e+00
1.000000000000000000e+00
1.000000000000000000e+00
9.999999999999809042e-01
1.000000000000000000e+00
1.000000000000000000e+00
9.999999905386930399e-01
1.000000000000000000e+00
1.000000000000000000e+00
1.000000000000000000e+00
1.000000000000000000e+00
1.000000000000000000e+00
1.000000000000000000e+00
1.000000000000000000e+00
1.185191942628436710e-06
1.000000000000000000e+00
1.000000000000000000e+00
9.940937210998366247e-01
1.000000000000000000e+00
1.000000000000000000e+00
1.000000000000000000e+00
1.000000000000000000e+00
8.538675619338559605e-32
2.526468603984339986e-19
1.000000000000000000e+00
9.302027496343143125e-23
1.000000000000000000e+00
1.000000000000000000e+00
1.000000000000000000e+00
1.000000000000000000e+00
1.000000000000000000e+00
4.662790500132953375e-01
1.000000000000000000e+00
3.205027360065803825e-06
1.000000000000000000e+00
7.157312634006597100e-30
1.000000000000000000e+00
1.000000000000000000e+00
1.000000000000000000e+00
8.327543488347441156e-12
1.000000000000000000e+00
1.000000000000000000e+00
1.000000000000000000e+00
1.000000000000000000e+00
1.000000000000000000e+00
1.000000000000000000e+00
1.000000000000000000e+00
1.000000000000000000e+00
1.000000000000000000e+00
9.999723641660509532e-01
5.626965550635993496e-08
1.000000000000000000e+00
1.000000000000000000e+00
1.000000000000000000e+00
1.000000000000000000e+00
1.000000000000000000e+00
2.978745996460738637e-17
1.100410280882307826e-04
1.000000000000000000e+00
1.000000000000000000e+00
1.000000000000000000e+00
1.000000000000000000e+00
1.000000000000000000e+00
