9.999999999996977973e-01
9.999999999994508837e-01
9.999999999997590816e-01
9.999999999997761790e-01
9.999999999993054445e-01
9.999999999996511679e-01
9.999999999995767830e-01
9.999999999997668532e-01
9.999999999992885691e-01
9.999999999991375788e-01
9.999999999992750244e-01
9.999999999992708055e-01
9.999999999997399858e-01
9.999999999989968025e-01
9.999999999990127897e-01
9.999999999991147082e-01
9.999999999992059685e-01
9.999999999977216003e-01
9.999999999990190069e-01
9.999999999998729905e-01
9.999999999996926903e-01
9.999999999997501998e-01
9.999999999998450129e-01
9.999999999996851408e-01
9.999999999787811955e-01
9.999999999989943600e-01
9.999999999934889860e-01
9.999999999997279954e-01
9.999999999997968292e-01
9.999999999997690736e-01
9.999999999979127807e-01
9.999999999997788436e-01
9.999999999991056043e-01
9.999999999991682209e-01
9.999999999995172750e-01
9.999999999995103916e-01
9.999999999995428102e-01
9.999999999998618883e-01
9.999999999998407940e-01
9.999999999997521982e-01
9.999999999996129763e-01
9.999999999971733722e-01
9.999999999985260679e-01
9.999999999808792950e-01
9.999999999998243627e-01
9.999999999998012701e-01
9.999999999925099914e-01
9.999999999988398169e-01
9.999999999995508038e-01
9.999999999996842526e-01
9.999999999995079492e-01
9.999999999954374275e-01
9.999999999996995736e-01
9.999999999998612221e-01
9.999999999932465133e-01
9.999999999949809038e-01
9.999999999988937738e-01
9.999999999998356870e-01
9.999999999997131184e-01
9.999999999993198774e-01
9.999999999987161381e-01
9.999999999993152144e-01
9.999999999986950439e-01
9.999999999995914379e-01
