1.000000000000000000e+00
1.000000000000000000e+00
1.000000000000000000e+00
9.366693954582758219e-02
6.509536688566773810e-01
9.999999999756101765e-01
1.000000000000000000e+00
1.000000000000000000e+00
1.000000000000000000e+00
9.993062670006572227e-15
1.000000000000000000e+00
1.000000000000000000e+00
1.000000000000000000e+00
1.000000000000000000e+00
1.000000000000000000e+00
1.000000000000000000e+00
1.288562793744474293e-15
9.597899393604429012e-05
1.000000000000000000e+00
7.599291700513061043e-19
1.000000000000000000e+00
5.259666839180810973e-20
1.000000000000000000e+00
6.887540731741584365e-04
1.000000000000000000e+00
4.938302077046382515e-16
1.000000000000000000e+00
9.999999995424992960e-01
1.706628353941613721e-05
9.995572716434805161e-01
1.000000000000000000e+00
7.503356270369255037e-10
5.810975780902355626e-05
1.000000000000000000e+00
1.000000000000000000e+00
4.840189980594965709e-10
1.000000000000000000e+00
1.000000000000000000e+00
1.000000000000000000e+00
1.000000000000000000e+00
1.000000000000000000e+00
1.000000000000000000e+00
4.191901036874952850e-10
9.295451821414590921e-01
1.000000000000000000e+00
1.860265838934298038e-08
1.000000000000000000e+00
1.000000000000000000e+00
3.993938457177635404e-01
1.000000000000000000e+00
1.000000000000000000e+00
1.753853344305790198e-21
1.000000000000000000e+00
1.000000000000000000e+00
1.000000000000000000e+00
1.217834167680294196e-08
1.746414283434245834e-05
9.353306877531635255e-01
1.000000000000000000e+00
1.000000000000000000e+00
1.000000000000000000e+00
9.966202415158862404e-01
3.890437492258270456e-21
9.715894034353802500e-01
1.000000000000000000e+00
2.155919843906329265e-10
1.000000000000000000e+00
2.810059709218571746e-16
1.000000000000000000e+00
1.460324453053716276e-01
5.853412812433414671e-10
1.000000000000000000e+00
2.096890877654851700e-15
1.000000000000000000e+00
1.000000000000000000e+00
9.999999624710803614e-01
1.000000000000000000e+00
1.000000000000000000e+00
1.000000000000000000e+00
9.999999949340283578e-01
1.000000000000000000e+00
3.125512730375583461e-15
1.000000000000000000e+00
1.000000000000000000e+00
1.000000000000000000e+00
1.000000000000000000e+00
3.772457455142242471e-18
1.000000000000000000e+00
1.000000000000000000e+00
1.000000000000000000e+00
1.000000000000000000e+00
3.319909316144550150e-14
6.475138924803228838e-16
1.000000000000000000e+00
8.183515841712195593e-01
3.682810977973163683e-12
1.000000000000000000e+00
1.000000000000000000e+00
8.352953664450941673e-01
3.409370309598923753e-14
1.000000000000000000e+00
1.000000000000000000e+00
9.999999985647287648e-01
2.354076892515351861e-06
4.368333989097268994e-16
9.999999973350581772e-01
1.000000000000000000e+00
1.794973119356965592e-16
1.000000000000000000e+00
1.000000000000000000e+00
1.000000000000000000e+00
1.000000000000000000e+00
1.000000000000000000e+00
1.000000000000000000e+00
8.065588749338482577e-01
1.000000000000000000e+00
1.000000000000000000e+00
9.999999842413997975e-01
1.000000000000000000e+00
1.000000000000000000e+00
9.922546791271573685e-01
1.000000000000000000e+00
9.999999999909070514e-01
2.004117963491049760e-08
1.000000000000000000e+00
1.000000000000000000e+00
2.531070153645646292e-04
1.000000000000000000e+00
9.999999065733321535e-01
9.999085986113039892e-01
4.560962613187916244e-03
1.000000000000000000e+00
3.630840047076919422e-29
1.000000000000000000e+00
1.000000000000000000e+00
1.000000000000000000e+00
5.258509068942407053e-10
1.000000000000000000e+00
1.000000000000000000e+00
1.405652722028021330e-08
9.999999999999584777e-01
2.146001901263274573e-15
1.000000000000000000e+00
1.000000000000000000e+00
1.000000000000000000e+00
1.000000000000000000e+00
9.999999999862456690e-01
7.530570597657762488e-02
1.000000000000000000e+00
1.000000000000000000e+00
7.532607943948520512e-01
1.082033742270674040e-07
1.000000000000000000e+00
1.000000000000000000e+00
1.000000000000000000e+00
1.000000000000000000e+00
1.000000000000000000e+00
2.150691478843555429e-27
1.000000000000000000e+00
9.999999999999915623e-01
1.000000000000000000e+00
1.000000000000000000e+00
1.000000000000000000e+00
1.000000000000000000e+00
7.691160511959140251e-07
1.000000000000000000e+00
2.162055653806986381e-03
1.000000000000000000e+00
1.000000000000000000e+00
1.000000000000000000e+00
1.000000000000000000e+00
1.000000000000000000e+00
8.048183236179458298e-17
1.000000000000000000e+00
1.000000000000000000e+00
1.000000000000000000e+00
2.200494487788357817e-15
4.187738845667923586e-03
9.999999999425464026e-01
1.000000000000000000e+00
1.000000000000000000e+00
1.000000000000000000e+00
1.000000000000000000e+00
1.000000000000000000e+00
1.000000000000000000e+00
1.000000000000000000e+00
9.999999996342008313e-01
1.000000000000000000e+00
1.000000000000000000e+00
9.999990694495999310e-01
1.000000000000000000e+00
9.999999999999396039e-01
9.953291964908853595e-01
1.000000000000000000e+00
1.000000000000000000e+00
1.143345752189090826e-02
1.000000000000000000e+00
1.000000000000000000e+00
1.000000000000000000e+00
3.028083028807400101e-01
9.884017891047861548e-01
1.000000000000000000e+00
1.000000000000000000e+00
1.721861431776984726e-11
1.000000000000000000e+00
5.375463680193245335e-10
1.000000000000000000e+00
5.512015896671954018e-03
1.000000000000000000e+00
9.999999999823216967e-01
1.000000000000000000e+00
5.904669796568242085e-27
1.000000000000000000e+00
1.000000000000000000e+00
6.192319932722429622e-03
1.000000000000000000e+00
1.000000000000000000e+00
1.000000000000000000e+00
1.000000000000000000e+00
7.972023439936936073e-01
1.000000000000000000e+00
5.918430949655788458e-07
1.000000000000000000e+00
1.000000000000000000e+00
9.754417425914081452e-01
1.613878556988514179e-02
9.999999999999500400e-01
1.000000000000000000e+00
1.000000000000000000e+00
9.999998902585660598e-01
9.999999994847552642e-01
9.354839273603720029e-01
1.174508935894779613e-05
9.999821306872965776e-01
5.461567749367556143e-04
9.999992345407959782e-01
1.586141456829981700e-01
9.900020163106812987e-01
7.954071066770822540e-01
1.000000000000000000e+00
1.000000000000000000e+00
1.000000000000000000e+00
9.999954740355666560e-01
1.000000000000000000e+00
4.736384588064410477e-16
2.403315708381624782e-01
9.285643866997214113e-01
9.955418636566063517e-01
9.999999999999282796e-01
1.003561158361954608e-07
1.000000000000000000e+00
1.000000000000000000e+00
1.000000000000000000e+00
5.402732962002050296e-19
1.000000000000000000e+00
1.000000000000000000e+00
1.000000000000000000e+00
4.279225094251408110e-03
1.000000000000000000e+00
1.000000000000000000e+00
9.990785725671506023e-01
1.068909397548130204e-06
1.000000000000000000e+00
1.000000000000000000e+00
1.000000000000000000e+00
9.999967464723665822e-01
1.000000000000000000e+00
6.003683519400478952e-01
1.000000000000000000e+00
1.000000000000000000e+00
1.000000000000000000e+00
1.648928278277432269e-01
8.502652893532135492e-01
1.000000000000000000e+00
9.999999996417532344e-01
1.000000000000000000e+00
2.735464562187298109e-14
1.000000000000000000e+00
5.336231277811682994e-02
1.000000000000000000e+00
2.479697450027207139e-07
1.411155335247269478e-12
1.000000000000000000e+00
1.000000000000000000e+00
9.999998190121578423e-01
1.000000000000000000e+00
1.000000000000000000e+00
9.999999999996933564e-01
9.990771343583749742e-01
1.000000000000000000e+00
2.681445828928976211e-17
9.999999999998081535e-01
1.000000000000000000e+00
1.000000000000000000e+00
1.000000000000000000e+00
1.000000000000000000e+00
9.304277886239091799e-01
1.000000000000000000e+00
1.000000000000000000e+00
1.000000000000000000e+00
1.000000000000000000e+00
8.335906136807834654e-01
1.670640945636218191e-11
1.138808298207712455e-01
9.999999999999802380e-01
1.000000000000000000e+00
1.000000000000000000e+00
2.741788712575947940e-11
9.999999999787800853e-01
1.000000000000000000e+00
5.685458224505354208e-01
1.000000000000000000e+00
1.000000000000000000e+00
1.000000000000000000e+00
9.999999999999991118e-01
6.825212778036395011e-05
1.000000000000000000e+00
9.525917471451242920e-07
3.954718521216415403e-05
1.000000000000000000e+00
9.999963278943230227e-01
9.999977034750338056e-01
9.999495988066953167e-01
9.999975019957881850e-01
9.999974931293450497e-01
9.999986606443065362e-01
9.999977177475987133e-01
9.999983676875375815e-01
9.999969426049700738e-01
9.999349771529126851e-01
9.999940524331182301e-01
9.999958390360548233e-01
9.999840937590014356e-01
9.999969500574291681e-01
9.999945804166681107e-01
9.999897903471531846e-01
9.999939205213176363e-01
9.999975873604250998e-01
9.999953476911837003e-01
9.999884777072191033e-01
9.999946277328999322e-01
9.999945758698103315e-01
9.999984796189381742e-01
9.999726596751095098e-01
9.999049351723672263e-01
9.999990625466497196e-01
9.999979485373059473e-01
9.999922550933963983e-01
9.999979574478941036e-01
9.999922445150469796e-01
9.999934588763518262e-01
9.999970048163536740e-01
9.999967728210076290e-01
9.999982301784638983e-01
9.999956677470183131e-01
9.999869529740924579e-01
9.999945708409025968e-01
9.999978335417714082e-01
9.999972961311142106e-01
9.999956813116949172e-01
9.999752122323183334e-01
9.999989345746824743e-01
9.999935357177052175e-01
9.999961652342598262e-01
9.999986245793373030e-01
9.999977583722927665e-01
9.999985064824518100e-01
9.999954841952494178e-01
9.999979695325692530e-01
9.999987691363629860e-01
9.999943747012310924e-01
9.999977981052052822e-01
9.999826804228035826e-01
9.999970366850056136e-01
9.999923202986710224e-01
9.999990018832228822e-01
9.999911273138262224e-01
9.999967673837855120e-01
9.999978840565696414e-01
9.999857460634530293e-01
9.999977516599447558e-01
9.999973176717007473e-01
9.999989952666547000e-01
9.999953522838147535e-01
1.000000000000000000e+00
8.448740514544829106e-01
9.999992984333311297e-01
2.731285554928205081e-07
9.021757807672408324e-06
2.751890072526206321e-01
1.000000000000000000e+00
9.910178614185465307e-01
1.120443997988650227e-11
9.999999388597897720e-01
1.000000000000000000e+00
9.999598462552274913e-01
1.905321543614579101e-03
1.000000000000000000e+00
1.000000000000000000e+00
1.000000000000000000e+00
3.651513805469562558e-06
1.000000000000000000e+00
1.000000000000000000e+00
9.996601919955055982e-01
1.000000000000000000e+00
1.000000000000000000e+00
1.000000000000000000e+00
9.999807359337982149e-01
9.999661858617033827e-01
1.000000000000000000e+00
9.999999999821262975e-01
4.879973458953736797e-07
1.000000000000000000e+00
1.000000000000000000e+00
1.000000000000000000e+00
1.000000000000000000e+00
1.000000000000000000e+00
1.000000000000000000e+00
3.669630059827225232e-01
9.998586411571199761e-01
1.000000000000000000e+00
1.000000000000000000e+00
9.999995480423162775e-01
1.000000000000000000e+00
1.000000000000000000e+00
3.462644166598913801e-05
9.315906554437470843e-01
1.257296669136879501e-18
1.952023223038057796e-06
8.740033358042528233e-01
3.403917869161355224e-11
1.000000000000000000e+00
9.999999965456745077e-01
5.111775669169788977e-15
9.998694660358921071e-01
1.000000000000000000e+00
1.000000000000000000e+00
1.000000000000000000e+00
1.525655670222894954e-07
9.999036186677192628e-01
8.610973756526911771e-01
1.000000000000000000e+00
1.000000000000000000e+00
1.000000000000000000e+00
1.000000000000000000e+00
1.000000000000000000e+00
9.999856441454181288e-01
3.457374441514413066e-04
1.428632053449034146e-26
1.926177320443034463e-14
1.000000000000000000e+00
1.000000000000000000e+00
1.260228369311242113e-18
1.000000000000000000e+00
1.000000000000000000e+00
3.880935798166328119e-35
1.000000000000000000e+00
6.073938896495886097e-32
9.999999999999997780e-01
1.000000000000000000e+00
1.000000000000000000e+00
1.522043289261420985e-26
1.000000000000000000e+00
1.000000000000000000e+00
1.000000000000000000e+00
1.000000000000000000e+00
1.000000000000000000e+00
1.000000000000000000e+00
1.000000000000000000e+00
1.000000000000000000e+00
5.696729476996561861e-15
1.000000000000000000e+00
1.000000000000000000e+00
9.999999999999900080e-01
1.000000000000000000e+00
1.000000000000000000e+00
1.000000000000000000e+00
6.109952916013288355e-27
1.000000000000000000e+00
1.000000000000000000e+00
4.975193213004327114e-17
1.000000000000000000e+00
1.000000000000000000e+00
1.228321356388968163e-33
1.000000000000000000e+00
1.000000000000000000e+00
7.407306591845232240e-19
1.000000000000000000e+00
1.000000000000000000e+00
1.000000000000000000e+00
1.000000000000000000e+00
9.950799277860631969e-32
1.000000000000000000e+00
8.322566002771009296e-33
1.000000000000000000e+00
3.065163007859732885e-43
1.000000000000000000e+00
5.266847026707680463e-30
1.000000000000000000e+00
1.000000000000000000e+00
1.000000000000000000e+00
9.999999998776931687e-01
5.124449218102401340e-38
1.000000000000000000e+00
1.000000000000000000e+00
1.000000000000000000e+00
7.302197468370983741e-12
1.000000000000000000e+00
4.159386405044710466e-01
1.000000000000000000e+00
9.936488411372321750e-01
1.000000000000000000e+00
9.999999999999997780e-01
1.000000000000000000e+00
1.000000000000000000e+00
1.000000000000000000e+00
9.999999999999809042e-01
1.000000000000000000e+00
1.000000000000000000e+00
9.999999905386930399e-01
1.000000000000000000e+00
1.000000000000000000e+00
1.000000000000000000e+00
1.000000000000000000e+00
1.000000000000000000e+00
1.000000000000000000e+00
1.000000000000000000e+00
1.185191942628436710e-06
1.000000000000000000e+00
1.000000000000000000e+00
9.940937210998366247e-01
1.000000000000000000e+00
1.000000000000000000e+00
1.000000000000000000e+00
1.000000000000000000e+00
8.538675619338559605e-32
2.526468603984339986e-19
1.000000000000000000e+00
9.302027496343143125e-23
1.000000000000000000e+00
1.000000000000000000e+00
1.000000000000000000e+00
1.000000000000000000e+00
1.000000000000000000e+00
4.662790500132953375e-01
1.000000000000000000e+00
3.205027360065803825e-06
1.000000000000000000e+00
7.157312634006597100e-30
1.000000000000000000e+00
1.000000000000000000e+00
1.000000000000000000e+00
8.327543488347441156e-12
1.000000000000000000e+00
1.000000000000000000e+00
1.000000000000000000e+00
1.000000000000000000e+00
1.000000000000000000e+00
1.000000000000000000e+00
1.000000000000000000e+00
1.000000000000000000e+00
1.000000000000000000e+00
9.999723641660509532e-01
5.626965550635993496e-08
1.000000000000000000e+00
1.000000000000000000e+00
1.000000000000000000e+00
1.000000000000000000e+00
1.000000000000000000e+00
2.978745996460738637e-17
1.100410280882307826e-04
1.000000000000000000e+00
1.000000000000000000e+00
1.000000000000000000e+00
1.000000000000000000e+00
1.000000000000000000e+00
9.999999999996977973e-01
9.999999999994508837e-01
9.999999999997590816e-01
9.999999999997761790e-01
9.999999999993054445e-01
9.999999999996511679e-01
9.999999999995767830e-01
9.999999999997668532e-01
9.999999999992885691e-01
9.999999999991375788e-01
9.999999999992750244e-01
9.999999999992708055e-01
9.999999999997399858e-01
9.999999999989968025e-01
9.999999999990127897e-01
9.999999999991147082e-01
9.999999999992059685e-01
9.999999999977216003e-01
9.999999999990190069e-01
9.999999999998729905e-01
9.999999999996926903e-01
9.999999999997501998e-01
9.999999999998450129e-01
9.999999999996851408e-01
9.999999999787811955e-01
9.999999999989943600e-01
9.999999999934889860e-01
9.999999999997279954e-01
9.999999999997968292e-01
9.999999999997690736e-01
9.999999999979127807e-01
9.999999999997788436e-01
9.999999999991056043e-01
9.999999999991682209e-01
9.999999999995172750e-01
9.999999999995103916e-01
9.999999999995428102e-01
9.999999999998618883e-01
9.999999999998407940e-01
9.999999999997521982e-01
9.999999999996129763e-01
9.999999999971733722e-01
9.999999999985260679e-01
9.999999999808792950e-01
9.999999999998243627e-01
9.999999999998012701e-01
9.999999999925099914e-01
9.999999999988398169e-01
9.999999999995508038e-01
9.999999999996842526e-01
9.999999999995079492e-01
9.999999999954374275e-01
9.999999999996995736e-01
9.999999999998612221e-01
9.999999999932465133e-01
9.999999999949809038e-01
9.999999999988937738e-01
9.999999999998356870e-01
9.999999999997131184e-01
9.999999999993198774e-01
9.999999999987161381e-01
9.999999999993152144e-01
9.999999999986950439e-01
9.999999999995914379e-01
