1.000000000000000000e+00
1.000000000000000000e+00
1.000000000000000000e+00
1.694508781156967847e-01
1.075436842349340727e-01
9.999552313697531725e-01
1.000000000000000000e+00
1.000000000000000000e+00
1.000000000000000000e+00
1.014401277934298684e-03
1.000000000000000000e+00
1.000000000000000000e+00
1.000000000000000000e+00
9.999999955248084493e-01
1.000000000000000000e+00
9.999252347705590571e-01
1.286409899460190000e-02
4.732969408782246035e-01
1.000000000000000000e+00
1.733673641771307132e-03
1.000000000000000000e+00
3.349554750098191272e-03
1.000000000000000000e+00
2.137534360786241469e-02
1.000000000000000000e+00
1.761885782332585576e-04
1.000000000000000000e+00
9.991293547823126842e-01
1.447442722356932221e-01
4.933219309650163087e-01
1.000000000000000000e+00
8.677558465275063415e-02
2.448270453338883546e-01
1.000000000000000000e+00
1.000000000000000000e+00
2.493614699889055639e-02
1.000000000000000000e+00
1.000000000000000000e+00
1.000000000000000000e+00
1.000000000000000000e+00
1.000000000000000000e+00
1.000000000000000000e+00
7.727518074295727617e-03
8.425457909482125807e-01
1.000000000000000000e+00
1.493129558182066698e-02
1.000000000000000000e+00
9.999990785286330119e-01
5.917489061000105743e-02
1.000000000000000000e+00
1.000000000000000000e+00
7.804385221038297529e-03
1.000000000000000000e+00
1.000000000000000000e+00
1.000000000000000000e+00
1.408354870852024376e-01
1.137665296857717084e-02
9.992103746954231758e-01
1.000000000000000000e+00
1.000000000000000000e+00
1.000000000000000000e+00
3.876929836137326668e-01
4.190253069816751142e-07
2.448724689339456043e-02
