1.000000000000000000e+00
5.593425581344244751e-02
1.000000000000000000e+00
6.234997119043892406e-12
1.000000000000000000e+00
1.022741383133032866e-02
4.076081480457970601e-08
1.000000000000000000e+00
3.641593743718694744e-11
1.000000000000000000e+00
1.000000000000000000e+00
9.999995939675095924e-01
1.000000000000000000e+00
1.000000000000000000e+00
1.000000000000000000e+00
9.999783578259126005e-01
1.000000000000000000e+00
3.836526048731546655e-13
1.000000000000000000e+00
1.000000000000000000e+00
1.000000000000000000e+00
1.000000000000000000e+00
1.080104648496006927e-18
9.999999999960265118e-01
1.000000000000000000e+00
1.000000000000000000e+00
1.000000000000000000e+00
1.223004934278229315e-10
7.351106328558114637e-21
1.000000000000000000e+00
5.974083599822541668e-01
5.212043807275371962e-21
9.999999999452700017e-01
1.000000000000000000e+00
2.804539141148864462e-02
3.070407059093737062e-06
1.000000000000000000e+00
1.000000000000000000e+00
9.999999419597336292e-01
6.020626663754761947e-09
1.181282234296748406e-35
9.999999940478405680e-01
1.000000000000000000e+00
3.654368995495739514e-03
1.000000000000000000e+00
1.000000000000000000e+00
9.999999999849040755e-01
1.000000000000000000e+00
1.000000000000000000e+00
1.000000000000000000e+00
9.267708536504499772e-01
1.000000000000000000e+00
1.000000000000000000e+00
9.999644955708916205e-01
1.000000000000000000e+00
9.999999999999995559e-01
9.583083571298038617e-02
1.000000000000000000e+00
9.987468390555510611e-01
3.253955387922359832e-01
1.000000000000000000e+00
1.000000000000000000e+00
3.889607179598369990e-01
1.000000000000000000e+00
