1.000000000000000000e+00
2.926881911783002499e-01
2.661506315583032078e-01
1.000000000000000000e+00
1.140589648472507018e-33
1.000000000000000000e+00
1.000000000000000000e+00
1.000000000000000000e+00
1.325630900696653227e-08
1.000000000000000000e+00
1.000000000000000000e+00
2.696317359406764924e-02
9.999999999979229948e-01
2.092297727676685067e-06
1.000000000000000000e+00
1.000000000000000000e+00
1.000000000000000000e+00
9.999999999999420464e-01
9.999225681790490095e-01
9.011748914949327949e-01
1.000000000000000000e+00
1.000000000000000000e+00
9.999985995225448843e-01
2.183702712212891306e-02
1.000000000000000000e+00
1.000000000000000000e+00
1.000000000000000000e+00
1.000000000000000000e+00
1.000000000000000000e+00
2.255018598395707281e-32
1.000000000000000000e+00
9.999801737344279351e-01
9.999999999994753086e-01
1.000000000000000000e+00
1.000000000000000000e+00
1.000000000000000000e+00
9.970277580665262152e-01
1.000000000000000000e+00
7.029563000747552151e-04
1.000000000000000000e+00
1.000000000000000000e+00
1.000000000000000000e+00
1.000000000000000000e+00
1.000000000000000000e+00
3.427351121397473917e-12
1.000000000000000000e+00
1.000000000000000000e+00
9.901258292716816900e-01
1.422493439569236590e-07
2.977589211862045914e-04
9.999999999998796518e-01
1.000000000000000000e+00
1.000000000000000000e+00
1.000000000000000000e+00
1.000000000000000000e+00
1.000000000000000000e+00
1.000000000000000000e+00
1.000000000000000000e+00
9.999747791919231243e-01
1.000000000000000000e+00
1.000000000000000000e+00
9.940454913272165349e-01
1.000000000000000000e+00
9.999990061920451812e-01
