7.106211137301483571e-01
1.000000000000000000e+00
1.000000000000000000e+00
9.922259414565536284e-01
1.000000000000000000e+00
1.000000000000000000e+00
1.000000000000000000e+00
9.387503597947168821e-01
9.994800787422822852e-01
1.000000000000000000e+00
1.000000000000000000e+00
7.326451413539335905e-03
1.000000000000000000e+00
7.106231605811053065e-01
1.000000000000000000e+00
9.933368936897414292e-01
1.000000000000000000e+00
9.999929904656964519e-01
1.000000000000000000e+00
9.533718053761134348e-01
1.000000000000000000e+00
9.999999999855115895e-01
4.947300114617683153e-01
1.000000000000000000e+00
1.000000000000000000e+00
1.000000000000000000e+00
1.000000000000000000e+00
7.491620045732818589e-01
1.000000000000000000e+00
6.504234079060767781e-01
9.999999999570561293e-01
1.000000000000000000e+00
9.688446983074044949e-01
9.838234548984775563e-01
9.999999999999924505e-01
1.000000000000000000e+00
1.000000000000000000e+00
9.999986972929684192e-01
9.999300353936860786e-01
9.921322485245981371e-01
7.104722970468735355e-01
9.993974765656959969e-01
7.106211137301202685e-01
9.999998609382061421e-01
6.820210082281873420e-01
9.986481495423397137e-01
9.398166926016208178e-01
1.000000000000000000e+00
1.000000000000000000e+00
1.000000000000000000e+00
9.989644003071161960e-01
1.000000000000000000e+00
1.147419737779576537e-02
7.935257391015870798e-01
8.422943948170550366e-01
8.384182917731983764e-01
9.999936446758486142e-01
9.763211919401951766e-01
1.000000000000000000e+00
1.000000000000000000e+00
1.000000000000000000e+00
9.922259414408605149e-01
1.000000000000000000e+00
1.000000000000000000e+00
