1.000000000000000000e+00
2.335822034717642981e-06
1.000000000000000000e+00
1.000000000000000000e+00
4.369913506534447989e-01
4.163900911114830340e-33
1.000000000000000000e+00
1.000000000000000000e+00
1.000000000000000000e+00
9.999997408282120803e-01
1.000000000000000000e+00
9.999180811791698043e-01
1.000000000000000000e+00
1.000000000000000000e+00
1.000000000000000000e+00
3.390949921997639367e-06
1.228655180563506255e-01
1.000000000000000000e+00
9.999999998739717011e-01
1.000000000000000000e+00
6.556760174903989435e-01
1.000000000000000000e+00
1.526580643877740984e-04
1.000000000000000000e+00
1.258088041233454032e-07
3.857646058565655853e-31
9.999999999876516554e-01
1.000000000000000000e+00
5.048941638132593557e-01
1.000000000000000000e+00
1.000000000000000000e+00
4.656159861084598894e-01
3.537847610690962319e-01
1.000000000000000000e+00
1.320545891705846865e-14
9.999999962362451367e-01
1.000000000000000000e+00
1.000000000000000000e+00
1.000000000000000000e+00
1.000000000000000000e+00
9.999999999996667110e-01
1.000000000000000000e+00
1.000000000000000000e+00
1.000000000000000000e+00
1.000000000000000000e+00
9.923727379204941856e-01
3.305352628514530711e-01
4.249265577992714094e-02
9.999999991240842157e-01
1.000000000000000000e+00
1.000000000000000000e+00
1.154263193345319606e-02
9.999998322553343977e-01
1.000000000000000000e+00
9.829947815531804578e-02
1.000000000000000000e+00
1.000000000000000000e+00
1.000000000000000000e+00
1.000000000000000000e+00
3.456130432570312032e-11
1.000000000000000000e+00
4.076892123437642623e-01
2.610825457029886665e-01
1.000000000000000000e+00
