3.552951796083627517e-02
1.000000000000000000e+00
1.000000000000000000e+00
3.988614302847119154e-04
1.000000000000000000e+00
9.873364073710334532e-01
1.000000000000000000e+00
2.227103930840017010e-01
9.861752598616647936e-02
9.999612651880716019e-01
1.141275136298776572e-04
1.474443811584879027e-01
1.000000000000000000e+00
4.546364204818761912e-02
1.165255338257846496e-02
1.239619165442394505e-01
3.745552627887473542e-04
9.999773775009479504e-01
7.953513989093599879e-07
4.258548169072279970e-07
1.000000000000000000e+00
1.000000000000000000e+00
9.999961622119493132e-01
1.000000000000000000e+00
1.000000000000000000e+00
1.000000000000000000e+00
6.253265840346261366e-03
1.387380594820789015e-01
1.000000000000000000e+00
2.113886141587161688e-05
1.000000000000000000e+00
1.000000000000000000e+00
8.392067754564412488e-05
1.920785412544628173e-03
1.000000000000000000e+00
1.000000000000000000e+00
9.999105675314947650e-01
2.202031746693947911e-01
8.755891541342218642e-02
5.099218513386741358e-12
1.000000000000000000e+00
8.610788422613108173e-01
1.809643026054111113e-32
2.797284538317807434e-01
9.991359314300506389e-01
9.999999863946664735e-01
9.876028309835614971e-01
4.474362229349512429e-03
8.965308880076349185e-01
1.000000000000000000e+00
1.000000000000000000e+00
6.428306589393496528e-01
9.552992899744863209e-01
2.586675358987264249e-05
9.999999993302979284e-01
9.997259406876768395e-01
1.000000000000000000e+00
8.618061198113663446e-01
2.762686426786182745e-02
2.271881706175158082e-06
1.000000000000000000e+00
4.681547394747522417e-06
9.211673141957581468e-01
1.000000000000000000e+00
