9.999997588776765589e-01
9.998776785777870879e-01
9.986704234644314671e-01
7.581184958621084435e-01
4.856337728731724424e-02
2.595754618217990806e-01
1.000000000000000000e+00
8.988103423725312124e-01
2.619345692861617669e-01
9.418166856026061184e-01
1.000000000000000000e+00
6.654888996486070241e-01
6.065608309404230125e-01
1.000000000000000000e+00
1.000000000000000000e+00
1.000000000000000000e+00
7.808063928231572404e-04
1.000000000000000000e+00
1.000000000000000000e+00
1.215878689651442795e-05
1.000000000000000000e+00
1.000000000000000000e+00
9.999999999999997780e-01
9.966620721313292908e-01
8.209234747541211963e-01
1.000000000000000000e+00
6.436373865343183454e-01
1.000000000000000000e+00
1.000000000000000000e+00
1.000000000000000000e+00
1.000000000000000000e+00
1.000000000000000000e+00
1.000000000000000000e+00
1.000000000000000000e+00
2.296547853960334269e-04
4.525722613688184099e-06
9.965428750767769683e-01
1.000000000000000000e+00
2.177172845147420932e-01
1.000000000000000000e+00
1.000000000000000000e+00
9.966670705448572587e-01
3.782229398624313288e-01
1.000000000000000000e+00
9.995035311849785886e-01
9.515610144250132851e-01
4.301417596918405417e-02
1.000000000000000000e+00
9.805111623147388933e-01
4.315644768214844304e-09
9.855831873215200462e-03
1.000000000000000000e+00
1.000000000000000000e+00
1.000000000000000000e+00
1.630020382711306042e-03
2.624678357865256606e-01
9.999999995533275232e-01
9.967562543857946267e-01
9.999999999999980016e-01
8.326979982239494094e-01
1.000000000000000000e+00
9.999999999997088995e-01
5.685185797046250072e-02
9.978416473685667309e-01
