2.668034654024667060e-32
2.259506818925669460e-06
1.000000000000000000e+00
1.000000000000000000e+00
1.665769023343341426e-01
1.000000000000000000e+00
1.000000000000000000e+00
2.495904290053577111e-39
1.000000000000000000e+00
6.911033773356904684e-37
1.000000000000000000e+00
1.000000000000000000e+00
1.000000000000000000e+00
8.785063653238530539e-16
1.000000000000000000e+00
1.000000000000000000e+00
1.000000000000000000e+00
1.000000000000000000e+00
1.000000000000000000e+00
1.000000000000000000e+00
1.000000000000000000e+00
1.000000000000000000e+00
2.673697990761449983e-01
1.000000000000000000e+00
1.000000000000000000e+00
1.000000000000000000e+00
1.000000000000000000e+00
8.033894193583904775e-01
1.000000000000000000e+00
9.925851853843777700e-25
1.000000000000000000e+00
1.000000000000000000e+00
2.310867916312662684e-13
1.000000000000000000e+00
1.000000000000000000e+00
1.049914614515012343e-20
1.000000000000000000e+00
1.000000000000000000e+00
3.631032021914600032e-23
1.000000000000000000e+00
1.000000000000000000e+00
1.000000000000000000e+00
1.000000000000000000e+00
5.005998369940181873e-39
1.000000000000000000e+00
6.683799253316913885e-32
1.000000000000000000e+00
6.470498540988881025e-46
1.000000000000000000e+00
3.510533448707337464e-34
1.000000000000000000e+00
1.000000000000000000e+00
1.000000000000000000e+00
1.000000000000000000e+00
3.939980853852127019e-39
1.000000000000000000e+00
1.000000000000000000e+00
1.000000000000000000e+00
4.451656487363961336e-21
1.000000000000000000e+00
2.377292827534275242e-04
1.000000000000000000e+00
9.999999902378570171e-01
6.504655409102670927e-01
