6.726251344027114927e-67
1.000000000000000000e+00
9.864460253176350017e-07
1.000000000000000000e+00
7.332134205948629707e-49
9.999999871859476253e-01
9.999871995567636285e-01
3.540914424486648523e-39
1.000000000000000000e+00
1.000000000000000000e+00
1.000000000000000000e+00
1.000000000000000000e+00
1.000000000000000000e+00
4.547328885656691427e-39
1.000000000000000000e+00
1.207016586865515993e-43
9.999999999997786215e-01
9.999999999992839061e-01
7.846243484790239300e-64
9.321603488976184515e-01
1.000000000000000000e+00
1.359328196140082372e-78
1.000000000000000000e+00
4.100902638798575489e-77
3.278724849629702690e-76
1.000000000000000000e+00
7.792876905663709473e-63
1.000000000000000000e+00
9.999999999971467268e-01
1.000000000000000000e+00
1.000000000000000000e+00
1.000000000000000000e+00
5.081644880421116734e-38
1.000000000000000000e+00
2.299656610240361090e-79
1.000000000000000000e+00
2.411095947615962532e-84
4.839692306290648323e-80
1.000000000000000000e+00
1.000000000000000000e+00
3.551628549103428926e-74
1.000000000000000000e+00
1.000000000000000000e+00
1.000000000000000000e+00
1.000000000000000000e+00
3.730953875323510683e-03
9.999999999999855671e-01
9.999999999999842348e-01
1.000000000000000000e+00
9.977440026063922884e-01
1.579559064732202498e-72
7.677623024175216591e-75
1.000000000000000000e+00
1.000000000000000000e+00
1.000000000000000000e+00
1.000000000000000000e+00
1.000000000000000000e+00
3.141554373069935214e-65
7.224407979221916697e-78
1.000000000000000000e+00
1.000000000000000000e+00
1.000000000000000000e+00
1.000000000000000000e+00
1.000000000000000000e+00
