1.000000000000000000e+00
1.000000000000000000e+00
1.000000000000000000e+00
1.000000000000000000e+00
9.999999999425563946e-01
3.386470615073771008e-08
2.171318550498546983e-27
9.999999964053314372e-01
5.161791368539397199e-42
9.532443931478268295e-01
1.000000000000000000e+00
9.999999913910507798e-01
1.000000000000000000e+00
1.789275070337028267e-73
1.000000000000000000e+00
1.000000000000000000e+00
1.000000000000000000e+00
1.842943226171953485e-49
2.107791983955804663e-61
9.999999996130568558e-01
1.000000000000000000e+00
1.000000000000000000e+00
1.000000000000000000e+00
1.000000000000000000e+00
1.000000000000000000e+00
2.401178176838479926e-13
4.879027588598344165e-33
9.999932959589123982e-01
1.000000000000000000e+00
4.736317615357447127e-14
9.998751765892397447e-01
1.000000000000000000e+00
9.795764067158113262e-05
1.000000000000000000e+00
1.000000000000000000e+00
1.000000000000000000e+00
9.994499560357869017e-01
1.000000000000000000e+00
1.000000000000000000e+00
1.000000000000000000e+00
5.249327815555984897e-45
1.000000000000000000e+00
1.792468790817849296e-35
3.846734335784037063e-58
1.000000000000000000e+00
9.999999999999864553e-01
9.245945451204545918e-35
1.000000000000000000e+00
1.000000000000000000e+00
1.000000000000000000e+00
1.000000000000000000e+00
1.000000000000000000e+00
1.000000000000000000e+00
1.000000000000000000e+00
1.000000000000000000e+00
4.812443110124774994e-80
1.000000000000000000e+00
1.000000000000000000e+00
1.000000000000000000e+00
1.000000000000000000e+00
1.540784727442279988e-58
1.000000000000000000e+00
1.838989481971827247e-69
4.958253697537358390e-05
