1.000000000000000000e+00
1.000000000000000000e+00
1.000000000000000000e+00
1.694508781156967847e-01
1.075436842349340727e-01
9.999552313697531725e-01
1.000000000000000000e+00
1.000000000000000000e+00
1.000000000000000000e+00
1.014401277934298684e-03
1.000000000000000000e+00
1.000000000000000000e+00
1.000000000000000000e+00
9.999999955248084493e-01
1.000000000000000000e+00
9.999252347705590571e-01
1.286409899460190000e-02
4.732969408782246035e-01
1.000000000000000000e+00
1.733673641771307132e-03
1.000000000000000000e+00
3.349554750098191272e-03
1.000000000000000000e+00
2.137534360786241469e-02
1.000000000000000000e+00
1.761885782332585576e-04
1.000000000000000000e+00
9.991293547823126842e-01
1.447442722356932221e-01
4.933219309650163087e-01
1.000000000000000000e+00
8.677558465275063415e-02
2.448270453338883546e-01
1.000000000000000000e+00
1.000000000000000000e+00
2.493614699889055639e-02
1.000000000000000000e+00
1.000000000000000000e+00
1.000000000000000000e+00
1.000000000000000000e+00
1.000000000000000000e+00
1.000000000000000000e+00
7.727518074295727617e-03
8.425457909482125807e-01
1.000000000000000000e+00
1.493129558182066698e-02
1.000000000000000000e+00
9.999990785286330119e-01
5.917489061000105743e-02
1.000000000000000000e+00
1.000000000000000000e+00
7.804385221038297529e-03
1.000000000000000000e+00
1.000000000000000000e+00
1.000000000000000000e+00
1.408354870852024376e-01
1.137665296857717084e-02
9.992103746954231758e-01
1.000000000000000000e+00
1.000000000000000000e+00
1.000000000000000000e+00
3.876929836137326668e-01
4.190253069816751142e-07
2.448724689339456043e-02
1.000000000000000000e+00
5.593425581344244751e-02
1.000000000000000000e+00
6.234997119043892406e-12
1.000000000000000000e+00
1.022741383133032866e-02
4.076081480457970601e-08
1.000000000000000000e+00
3.641593743718694744e-11
1.000000000000000000e+00
1.000000000000000000e+00
9.999995939675095924e-01
1.000000000000000000e+00
1.000000000000000000e+00
1.000000000000000000e+00
9.999783578259126005e-01
1.000000000000000000e+00
3.836526048731546655e-13
1.000000000000000000e+00
1.000000000000000000e+00
1.000000000000000000e+00
1.000000000000000000e+00
1.080104648496006927e-18
9.999999999960265118e-01
1.000000000000000000e+00
1.000000000000000000e+00
1.000000000000000000e+00
1.223004934278229315e-10
7.351106328558114637e-21
1.000000000000000000e+00
5.974083599822541668e-01
5.212043807275371962e-21
9.999999999452700017e-01
1.000000000000000000e+00
2.804539141148864462e-02
3.070407059093737062e-06
1.000000000000000000e+00
1.000000000000000000e+00
9.999999419597336292e-01
6.020626663754761947e-09
1.181282234296748406e-35
9.999999940478405680e-01
1.000000000000000000e+00
3.654368995495739514e-03
1.000000000000000000e+00
1.000000000000000000e+00
9.999999999849040755e-01
1.000000000000000000e+00
1.000000000000000000e+00
1.000000000000000000e+00
9.267708536504499772e-01
1.000000000000000000e+00
1.000000000000000000e+00
9.999644955708916205e-01
1.000000000000000000e+00
9.999999999999995559e-01
9.583083571298038617e-02
1.000000000000000000e+00
9.987468390555510611e-01
3.253955387922359832e-01
1.000000000000000000e+00
1.000000000000000000e+00
3.889607179598369990e-01
1.000000000000000000e+00
1.000000000000000000e+00
2.926881911783002499e-01
2.661506315583032078e-01
1.000000000000000000e+00
1.140589648472507018e-33
1.000000000000000000e+00
1.000000000000000000e+00
1.000000000000000000e+00
1.325630900696653227e-08
1.000000000000000000e+00
1.000000000000000000e+00
2.696317359406764924e-02
9.999999999979229948e-01
2.092297727676685067e-06
1.000000000000000000e+00
1.000000000000000000e+00
1.000000000000000000e+00
9.999999999999420464e-01
9.999225681790490095e-01
9.011748914949327949e-01
1.000000000000000000e+00
1.000000000000000000e+00
9.999985995225448843e-01
2.183702712212891306e-02
1.000000000000000000e+00
1.000000000000000000e+00
1.000000000000000000e+00
1.000000000000000000e+00
1.000000000000000000e+00
2.255018598395707281e-32
1.000000000000000000e+00
9.999801737344279351e-01
9.999999999994753086e-01
1.000000000000000000e+00
1.000000000000000000e+00
1.000000000000000000e+00
9.970277580665262152e-01
1.000000000000000000e+00
7.029563000747552151e-04
1.000000000000000000e+00
1.000000000000000000e+00
1.000000000000000000e+00
1.000000000000000000e+00
1.000000000000000000e+00
3.427351121397473917e-12
1.000000000000000000e+00
1.000000000000000000e+00
9.901258292716816900e-01
1.422493439569236590e-07
2.977589211862045914e-04
9.999999999998796518e-01
1.000000000000000000e+00
1.000000000000000000e+00
1.000000000000000000e+00
1.000000000000000000e+00
1.000000000000000000e+00
1.000000000000000000e+00
1.000000000000000000e+00
9.999747791919231243e-01
1.000000000000000000e+00
1.000000000000000000e+00
9.940454913272165349e-01
1.000000000000000000e+00
9.999990061920451812e-01
7.106211137301483571e-01
1.000000000000000000e+00
1.000000000000000000e+00
9.922259414565536284e-01
1.000000000000000000e+00
1.000000000000000000e+00
1.000000000000000000e+00
9.387503597947168821e-01
9.994800787422822852e-01
1.000000000000000000e+00
1.000000000000000000e+00
7.326451413539335905e-03
1.000000000000000000e+00
7.106231605811053065e-01
1.000000000000000000e+00
9.933368936897414292e-01
1.000000000000000000e+00
9.999929904656964519e-01
1.000000000000000000e+00
9.533718053761134348e-01
1.000000000000000000e+00
9.999999999855115895e-01
4.947300114617683153e-01
1.000000000000000000e+00
1.000000000000000000e+00
1.000000000000000000e+00
1.000000000000000000e+00
7.491620045732818589e-01
1.000000000000000000e+00
6.504234079060767781e-01
9.999999999570561293e-01
1.000000000000000000e+00
9.688446983074044949e-01
9.838234548984775563e-01
9.999999999999924505e-01
1.000000000000000000e+00
1.000000000000000000e+00
9.999986972929684192e-01
9.999300353936860786e-01
9.921322485245981371e-01
7.104722970468735355e-01
9.993974765656959969e-01
7.106211137301202685e-01
9.999998609382061421e-01
6.820210082281873420e-01
9.986481495423397137e-01
9.398166926016208178e-01
1.000000000000000000e+00
1.000000000000000000e+00
1.000000000000000000e+00
9.989644003071161960e-01
1.000000000000000000e+00
1.147419737779576537e-02
7.935257391015870798e-01
8.422943948170550366e-01
8.384182917731983764e-01
9.999936446758486142e-01
9.763211919401951766e-01
1.000000000000000000e+00
1.000000000000000000e+00
1.000000000000000000e+00
9.922259414408605149e-01
1.000000000000000000e+00
1.000000000000000000e+00
1.000000000000000000e+00
2.335822034717642981e-06
1.000000000000000000e+00
1.000000000000000000e+00
4.369913506534447989e-01
4.163900911114830340e-33
1.000000000000000000e+00
1.000000000000000000e+00
1.000000000000000000e+00
9.999997408282120803e-01
1.000000000000000000e+00
9.999180811791698043e-01
1.000000000000000000e+00
1.000000000000000000e+00
1.000000000000000000e+00
3.390949921997639367e-06
1.228655180563506255e-01
1.000000000000000000e+00
9.999999998739717011e-01
1.000000000000000000e+00
6.556760174903989435e-01
1.000000000000000000e+00
1.526580643877740984e-04
1.000000000000000000e+00
1.258088041233454032e-07
3.857646058565655853e-31
9.999999999876516554e-01
1.000000000000000000e+00
5.048941638132593557e-01
1.000000000000000000e+00
1.000000000000000000e+00
4.656159861084598894e-01
3.537847610690962319e-01
1.000000000000000000e+00
1.320545891705846865e-14
9.999999962362451367e-01
1.000000000000000000e+00
1.000000000000000000e+00
1.000000000000000000e+00
1.000000000000000000e+00
9.999999999996667110e-01
1.000000000000000000e+00
1.000000000000000000e+00
1.000000000000000000e+00
1.000000000000000000e+00
9.923727379204941856e-01
3.305352628514530711e-01
4.249265577992714094e-02
9.999999991240842157e-01
1.000000000000000000e+00
1.000000000000000000e+00
1.154263193345319606e-02
9.999998322553343977e-01
1.000000000000000000e+00
9.829947815531804578e-02
1.000000000000000000e+00
1.000000000000000000e+00
1.000000000000000000e+00
1.000000000000000000e+00
3.456130432570312032e-11
1.000000000000000000e+00
4.076892123437642623e-01
2.610825457029886665e-01
1.000000000000000000e+00
3.552951796083627517e-02
1.000000000000000000e+00
1.000000000000000000e+00
3.988614302847119154e-04
1.000000000000000000e+00
9.873364073710334532e-01
1.000000000000000000e+00
2.227103930840017010e-01
9.861752598616647936e-02
9.999612651880716019e-01
1.141275136298776572e-04
1.474443811584879027e-01
1.000000000000000000e+00
4.546364204818761912e-02
1.165255338257846496e-02
1.239619165442394505e-01
3.745552627887473542e-04
9.999773775009479504e-01
7.953513989093599879e-07
4.258548169072279970e-07
1.000000000000000000e+00
1.000000000000000000e+00
9.999961622119493132e-01
1.000000000000000000e+00
1.000000000000000000e+00
1.000000000000000000e+00
6.253265840346261366e-03
1.387380594820789015e-01
1.000000000000000000e+00
2.113886141587161688e-05
1.000000000000000000e+00
1.000000000000000000e+00
8.392067754564412488e-05
1.920785412544628173e-03
1.000000000000000000e+00
1.000000000000000000e+00
9.999105675314947650e-01
2.202031746693947911e-01
8.755891541342218642e-02
5.099218513386741358e-12
1.000000000000000000e+00
8.610788422613108173e-01
1.809643026054111113e-32
2.797284538317807434e-01
9.991359314300506389e-01
9.999999863946664735e-01
9.876028309835614971e-01
4.474362229349512429e-03
8.965308880076349185e-01
1.000000000000000000e+00
1.000000000000000000e+00
6.428306589393496528e-01
9.552992899744863209e-01
2.586675358987264249e-05
9.999999993302979284e-01
9.997259406876768395e-01
1.000000000000000000e+00
8.618061198113663446e-01
2.762686426786182745e-02
2.271881706175158082e-06
1.000000000000000000e+00
4.681547394747522417e-06
9.211673141957581468e-01
1.000000000000000000e+00
9.999997588776765589e-01
9.998776785777870879e-01
9.986704234644314671e-01
7.581184958621084435e-01
4.856337728731724424e-02
2.595754618217990806e-01
1.000000000000000000e+00
8.988103423725312124e-01
2.619345692861617669e-01
9.418166856026061184e-01
1.000000000000000000e+00
6.654888996486070241e-01
6.065608309404230125e-01
1.000000000000000000e+00
1.000000000000000000e+00
1.000000000000000000e+00
7.808063928231572404e-04
1.000000000000000000e+00
1.000000000000000000e+00
1.215878689651442795e-05
1.000000000000000000e+00
1.000000000000000000e+00
9.999999999999997780e-01
9.966620721313292908e-01
8.209234747541211963e-01
1.000000000000000000e+00
6.436373865343183454e-01
1.000000000000000000e+00
1.000000000000000000e+00
1.000000000000000000e+00
1.000000000000000000e+00
1.000000000000000000e+00
1.000000000000000000e+00
1.000000000000000000e+00
2.296547853960334269e-04
4.525722613688184099e-06
9.965428750767769683e-01
1.000000000000000000e+00
2.177172845147420932e-01
1.000000000000000000e+00
1.000000000000000000e+00
9.966670705448572587e-01
3.782229398624313288e-01
1.000000000000000000e+00
9.995035311849785886e-01
9.515610144250132851e-01
4.301417596918405417e-02
1.000000000000000000e+00
9.805111623147388933e-01
4.315644768214844304e-09
9.855831873215200462e-03
1.000000000000000000e+00
1.000000000000000000e+00
1.000000000000000000e+00
1.630020382711306042e-03
2.624678357865256606e-01
9.999999995533275232e-01
9.967562543857946267e-01
9.999999999999980016e-01
8.326979982239494094e-01
1.000000000000000000e+00
9.999999999997088995e-01
5.685185797046250072e-02
9.978416473685667309e-01
2.668034654024667060e-32
2.259506818925669460e-06
1.000000000000000000e+00
1.000000000000000000e+00
1.665769023343341426e-01
1.000000000000000000e+00
1.000000000000000000e+00
2.495904290053577111e-39
1.000000000000000000e+00
6.911033773356904684e-37
1.000000000000000000e+00
1.000000000000000000e+00
1.000000000000000000e+00
8.785063653238530539e-16
1.000000000000000000e+00
1.000000000000000000e+00
1.000000000000000000e+00
1.000000000000000000e+00
1.000000000000000000e+00
1.000000000000000000e+00
1.000000000000000000e+00
1.000000000000000000e+00
2.673697990761449983e-01
1.000000000000000000e+00
1.000000000000000000e+00
1.000000000000000000e+00
1.000000000000000000e+00
8.033894193583904775e-01
1.000000000000000000e+00
9.925851853843777700e-25
1.000000000000000000e+00
1.000000000000000000e+00
2.310867916312662684e-13
1.000000000000000000e+00
1.000000000000000000e+00
1.049914614515012343e-20
1.000000000000000000e+00
1.000000000000000000e+00
3.631032021914600032e-23
1.000000000000000000e+00
1.000000000000000000e+00
1.000000000000000000e+00
1.000000000000000000e+00
5.005998369940181873e-39
1.000000000000000000e+00
6.683799253316913885e-32
1.000000000000000000e+00
6.470498540988881025e-46
1.000000000000000000e+00
3.510533448707337464e-34
1.000000000000000000e+00
1.000000000000000000e+00
1.000000000000000000e+00
1.000000000000000000e+00
3.939980853852127019e-39
1.000000000000000000e+00
1.000000000000000000e+00
1.000000000000000000e+00
4.451656487363961336e-21
1.000000000000000000e+00
2.377292827534275242e-04
1.000000000000000000e+00
9.999999902378570171e-01
6.504655409102670927e-01
6.726251344027114927e-67
1.000000000000000000e+00
9.864460253176350017e-07
1.000000000000000000e+00
7.332134205948629707e-49
9.999999871859476253e-01
9.999871995567636285e-01
3.540914424486648523e-39
1.000000000000000000e+00
1.000000000000000000e+00
1.000000000000000000e+00
1.000000000000000000e+00
1.000000000000000000e+00
4.547328885656691427e-39
1.000000000000000000e+00
1.207016586865515993e-43
9.999999999997786215e-01
9.999999999992839061e-01
7.846243484790239300e-64
9.321603488976184515e-01
1.000000000000000000e+00
1.359328196140082372e-78
1.000000000000000000e+00
4.100902638798575489e-77
3.278724849629702690e-76
1.000000000000000000e+00
7.792876905663709473e-63
1.000000000000000000e+00
9.999999999971467268e-01
1.000000000000000000e+00
1.000000000000000000e+00
1.000000000000000000e+00
5.081644880421116734e-38
1.000000000000000000e+00
2.299656610240361090e-79
1.000000000000000000e+00
2.411095947615962532e-84
4.839692306290648323e-80
1.000000000000000000e+00
1.000000000000000000e+00
3.551628549103428926e-74
1.000000000000000000e+00
1.000000000000000000e+00
1.000000000000000000e+00
1.000000000000000000e+00
3.730953875323510683e-03
9.999999999999855671e-01
9.999999999999842348e-01
1.000000000000000000e+00
9.977440026063922884e-01
1.579559064732202498e-72
7.677623024175216591e-75
1.000000000000000000e+00
1.000000000000000000e+00
1.000000000000000000e+00
1.000000000000000000e+00
1.000000000000000000e+00
3.141554373069935214e-65
7.224407979221916697e-78
1.000000000000000000e+00
1.000000000000000000e+00
1.000000000000000000e+00
1.000000000000000000e+00
1.000000000000000000e+00
1.000000000000000000e+00
1.000000000000000000e+00
1.000000000000000000e+00
1.000000000000000000e+00
9.999999999425563946e-01
3.386470615073771008e-08
2.171318550498546983e-27
9.999999964053314372e-01
5.161791368539397199e-42
9.532443931478268295e-01
1.000000000000000000e+00
9.999999913910507798e-01
1.000000000000000000e+00
1.789275070337028267e-73
1.000000000000000000e+00
1.000000000000000000e+00
1.000000000000000000e+00
1.842943226171953485e-49
2.107791983955804663e-61
9.999999996130568558e-01
1.000000000000000000e+00
1.000000000000000000e+00
1.000000000000000000e+00
1.000000000000000000e+00
1.000000000000000000e+00
2.401178176838479926e-13
4.879027588598344165e-33
9.999932959589123982e-01
1.000000000000000000e+00
4.736317615357447127e-14
9.998751765892397447e-01
1.000000000000000000e+00
9.795764067158113262e-05
1.000000000000000000e+00
1.000000000000000000e+00
1.000000000000000000e+00
9.994499560357869017e-01
1.000000000000000000e+00
1.000000000000000000e+00
1.000000000000000000e+00
5.249327815555984897e-45
1.000000000000000000e+00
1.792468790817849296e-35
3.846734335784037063e-58
1.000000000000000000e+00
9.999999999999864553e-01
9.245945451204545918e-35
1.000000000000000000e+00
1.000000000000000000e+00
1.000000000000000000e+00
1.000000000000000000e+00
1.000000000000000000e+00
1.000000000000000000e+00
1.000000000000000000e+00
1.000000000000000000e+00
4.812443110124774994e-80
1.000000000000000000e+00
1.000000000000000000e+00
1.000000000000000000e+00
1.000000000000000000e+00
1.540784727442279988e-58
1.000000000000000000e+00
1.838989481971827247e-69
4.958253697537358390e-05
