9.316389051518655384e-109
9.316389051518655384e-109
9.316389051518655384e-109
9.316389051518655384e-109
9.316389051518655384e-109
9.316389051518655384e-109
9.316389051518655384e-109
9.316389051518655384e-109
9.316389051518655384e-109
9.316389051518655384e-109
9.316389051518655384e-109
9.316389051518655384e-109
9.316389051518655384e-109
9.316389051518655384e-109
9.316389051518655384e-109
9.316389051518655384e-109
9.316389051518655384e-109
9.316389051518655384e-109
9.316389051518655384e-109
9.316389051518655384e-109
9.316389051518655384e-109
9.316389051518655384e-109
9.316389051518655384e-109
9.316389051518655384e-109
9.316389051518655384e-109
9.316389051518655384e-109
9.316389051518655384e-109
9.316389051518655384e-109
9.316389051518655384e-109
9.316389051518655384e-109
9.316389051518655384e-109
9.316389051518655384e-109
9.316389051518655384e-109
9.316389051518655384e-109
9.316389051518655384e-109
9.316389051518655384e-109
9.316389051518655384e-109
9.316389051518655384e-109
9.316389051518655384e-109
