9.316389051506476007e-109
9.316389051506476007e-109
9.316389051506476007e-109
9.316389051506476007e-109
9.316389051506476007e-109
9.316389051506476007e-109
9.316389051506476007e-109
9.316389051506476007e-109
9.316389051506476007e-109
9.316389051506476007e-109
9.316389051506476007e-109
9.316389051506476007e-109
9.316389051506476007e-109
9.316389051506476007e-109
9.316389051506476007e-109
9.316389051506476007e-109
9.316389051506476007e-109
9.316389051506476007e-109
9.316389051506476007e-109
9.316389051506476007e-109
9.316389051506476007e-109
9.316389051506476007e-109
9.316389051506476007e-109
9.316389051506476007e-109
9.316389051506476007e-109
9.316389051506476007e-109
9.316389051506476007e-109
9.316389051506476007e-109
9.316389051506476007e-109
9.316389051506476007e-109
9.316389051506476007e-109
9.316389051506476007e-109
9.316389051506476007e-109
9.316389051506476007e-109
9.316389051506476007e-109
9.316389051506476007e-109
9.316389051506476007e-109
9.316389051506476007e-109
9.316389051506476007e-109
9.316389051506476007e-109
