9.316389051531101380e-109
9.316389051531101380e-109
9.316389051531101380e-109
9.316389051531101380e-109
9.316389051531101380e-109
9.316389051531101380e-109
9.316389051531101380e-109
9.316389051531101380e-109
9.316389051531101380e-109
9.316389051531101380e-109
9.316389051531101380e-109
9.316389051531101380e-109
9.316389051531101380e-109
9.316389051531101380e-109
9.316389051531101380e-109
9.316389051531101380e-109
9.316389051531101380e-109
9.316389051531101380e-109
9.316389051531101380e-109
9.316389051531101380e-109
9.316389051531101380e-109
9.316389051531101380e-109
9.316389051531101380e-109
9.316389051531101380e-109
9.316389051531101380e-109
9.316389051531101380e-109
9.316389051531101380e-109
9.316389051531101380e-109
9.316389051531101380e-109
9.316389051531101380e-109
9.316389051531101380e-109
9.316389051531101380e-109
9.316389051531101380e-109
9.316389051531101380e-109
9.316389051531101380e-109
9.316389051531101380e-109
9.316389051531101380e-109
9.316389051531101380e-109
9.316389051531101380e-109
