5.761900873326527561e-01
5.697908289877442467e-01
5.761900873326527561e-01
5.680641155299041012e-01
5.761900873326527561e-01
5.761833065529038400e-01
5.721719288936203407e-01
5.761900873326527561e-01
5.697908289877442467e-01
5.761900873326527561e-01
5.796515291126717040e-01
5.697908289877442467e-01
5.760599387704715690e-01
5.775197289767934894e-01
5.821546454470236664e-01
5.655310063425503797e-01
5.729072272238393548e-01
5.697908834622447127e-01
5.714698446600815496e-01
5.780441939992579936e-01
5.697908289877442467e-01
5.761900873326527561e-01
5.761900873326527561e-01
5.697908289877442467e-01
5.697908289877442467e-01
5.721725758011713125e-01
5.727874027324135753e-01
5.786968067296898166e-01
5.761900873326526451e-01
5.714143285632442559e-01
5.697908289877442467e-01
5.677709380919534476e-01
5.761900873326527561e-01
5.697908289877442467e-01
5.761900873326527561e-01
5.825632376941393131e-01
5.697908289877442467e-01
5.697908289877442467e-01
5.775053043883653370e-01
5.779448755547824668e-01
5.693807847593251870e-01
5.697908289877442467e-01
5.698762325880311064e-01
5.847736424799017119e-01
5.697908471500052752e-01
5.761900873326527561e-01
5.711225873898182481e-01
5.846101897702640215e-01
5.715402873863942856e-01
5.697908289877442467e-01
5.697908289877442467e-01
5.761900873326527561e-01
5.821546454470236664e-01
5.697908289877442467e-01
5.722855806948312640e-01
5.761900873326527561e-01
5.761900873326527561e-01
5.697908493436003585e-01
5.686266459142482743e-01
5.697908289877442467e-01
5.697908289877442467e-01
5.741632117567414539e-01
5.761900873322431949e-01
5.737719034216209879e-01
