5.759033941908126009e-01
5.841985725746646763e-01
5.758994807506395697e-01
5.742397383269950417e-01
5.695193287916554548e-01
5.695193288268177723e-01
5.651098476637967938e-01
5.791679925940853568e-01
5.759033941908126009e-01
5.759033941908126009e-01
5.695193287916554548e-01
5.946738847245082171e-01
5.685943577290799578e-01
5.759033941908126009e-01
5.759033884335221787e-01
5.695193287916554548e-01
5.695193287916554548e-01
5.735874499815249994e-01
5.772475903469146408e-01
5.759033941908126009e-01
5.695193287916554548e-01
5.695193288849198510e-01
5.759033939958422277e-01
5.805131561178701327e-01
5.740974022208280569e-01
5.695193287916554548e-01
5.690911326095661193e-01
5.676474280370767955e-01
5.685943577290799578e-01
5.685943577290799578e-01
5.762141966485004874e-01
5.759033941908126009e-01
5.726920776655288758e-01
5.712929103653028307e-01
5.759033941908126009e-01
5.695193287916554548e-01
5.721934932762220427e-01
5.866562142298128446e-01
5.695193287916554548e-01
5.759033941908126009e-01
5.657066778484292069e-01
5.805131561178701327e-01
5.759033941908126009e-01
5.711994329512785074e-01
5.695193287916554548e-01
5.712929103653028307e-01
5.914562261247457986e-01
5.695205206754465621e-01
5.759033662544595922e-01
5.926571970276119927e-01
5.835453666506197345e-01
5.759033941908122678e-01
5.771133284756116977e-01
5.759033941908126009e-01
5.759033941908126009e-01
5.752723935341618189e-01
5.695193287916554548e-01
5.674245759975652392e-01
5.759033941908126009e-01
5.759033941908126009e-01
5.695193287916554548e-01
5.759033941908126009e-01
5.759033941908119347e-01
5.759033941908126009e-01
