5.764832923284030075e-01
5.764832923284030075e-01
5.722991968606214730e-01
5.876104332812139841e-01
5.754109298589070720e-01
5.696729612377829932e-01
5.696729612377829932e-01
5.761229157887061136e-01
5.764832923284030075e-01
5.764832923284030075e-01
5.667713821042343891e-01
5.647170981007552104e-01
5.696729612377829932e-01
5.764832923284030075e-01
5.696729612377829932e-01
5.764832923281064669e-01
5.825778908279813928e-01
5.764832923284030075e-01
5.696729612377829932e-01
5.754301285351067774e-01
5.696733625204454254e-01
5.696729612377829932e-01
5.764832923284030075e-01
5.764832923284030075e-01
5.696729612377829932e-01
5.696729612377829932e-01
5.764832919418956259e-01
5.736592659873361866e-01
5.696729612377829932e-01
5.713559731218957882e-01
5.789462708904393740e-01
5.776649387705559135e-01
5.767038629647597281e-01
5.699782505468965477e-01
5.770104024083877459e-01
5.731577065245385683e-01
5.769851549525037981e-01
5.670146399214829325e-01
5.714856235820107155e-01
5.696729612377829932e-01
5.696729612377829932e-01
5.764832923284030075e-01
5.918930363037137043e-01
5.697086048393632529e-01
5.764829848999877271e-01
5.764832923279934462e-01
5.696729612377829932e-01
5.764832922453860808e-01
5.764832923284030075e-01
5.663709558829432833e-01
5.791063674546947926e-01
5.764832923284030075e-01
5.764832923284030075e-01
5.696729612377829932e-01
5.944969093606521371e-01
5.696729612377827712e-01
5.767668657122222431e-01
5.696729612377828822e-01
5.762352278436251307e-01
5.743723389777107835e-01
5.770104024083877459e-01
5.764830014447320794e-01
5.696729612377829932e-01
5.813489429158539279e-01
