5.736511536815115386e-01
5.692208306535148088e-01
5.748304288460676092e-01
5.705294687238987583e-01
5.748304288460676092e-01
5.748298920752450414e-01
5.692208224501967839e-01
5.730592325788803620e-01
5.748304288460676092e-01
5.748304288460676092e-01
5.690354466397327116e-01
5.674021036758769565e-01
5.692208224501967839e-01
5.748304288460676092e-01
5.807869560833617273e-01
5.748304288460676092e-01
5.748760202401581587e-01
5.748760202401581587e-01
5.689122736620827459e-01
5.684812309422331289e-01
5.692208224501967839e-01
5.687319757995743519e-01
5.761291391876710577e-01
5.769093706468521043e-01
5.715387092407301362e-01
5.692208224501967839e-01
5.692208224501967839e-01
5.702377842675652175e-01
5.758297228020581304e-01
5.713605564746589982e-01
5.692267847927815483e-01
5.692208224501967839e-01
5.692208224501967839e-01
5.748304288460676092e-01
5.742866045594707813e-01
5.700566383317638985e-01
5.692208224501967839e-01
5.855928380074674200e-01
5.692208224501967839e-01
5.748304288004945084e-01
5.716268748527197907e-01
5.705294687238987583e-01
5.748760202401581587e-01
5.713413275153512716e-01
5.686870272782096336e-01
5.748760202401581587e-01
5.732608706409904054e-01
5.720753224557474370e-01
5.748304288460676092e-01
5.692208224501967839e-01
5.748304288460676092e-01
5.692208224501967839e-01
5.717069080731568276e-01
5.748304288460676092e-01
5.753032686083370262e-01
5.678422610891235012e-01
5.792427758118836589e-01
5.748304288460676092e-01
5.748304288460676092e-01
5.692208224501967839e-01
5.692208224501967839e-01
5.748304288194762135e-01
5.719816414553863249e-01
5.786542093944910814e-01
