5.697306255410747866e-01
5.762020974182330280e-01
5.762020974182330280e-01
5.865736889148677191e-01
5.766560599925927288e-01
5.724546079565175916e-01
5.755073936840604532e-01
5.762020974115931171e-01
5.697306255410747866e-01
5.764920855290782686e-01
5.697306255410747866e-01
5.714180525795383714e-01
5.697306255410747866e-01
5.697306255410747866e-01
5.811812806710775492e-01
5.762020974182330280e-01
5.810825106726222877e-01
5.837301204588690728e-01
5.697306255410747866e-01
5.697306255410747866e-01
5.680155702117347660e-01
5.697306255410747866e-01
5.697306255410747866e-01
5.696547821235339315e-01
5.762020974182330280e-01
5.762020972549866116e-01
5.697306436664021367e-01
5.762020974182330280e-01
5.762020974182330280e-01
5.697694766788951037e-01
5.752751325668403748e-01
5.764920855290782686e-01
5.762020629000066396e-01
5.769108786635962494e-01
5.718129451274093222e-01
5.753458231094679132e-01
5.697306255410747866e-01
5.722400545993202581e-01
5.697306255410747866e-01
5.668212086978032804e-01
5.797561331644595084e-01
5.785614977199035058e-01
5.873725161155548546e-01
5.762020973671543311e-01
5.695257715899915141e-01
5.778392561702532237e-01
5.653037556695866828e-01
5.796645227260557309e-01
5.762020974182330280e-01
5.700337353602975554e-01
5.688641811896468781e-01
5.697306255410747866e-01
5.762020974182330280e-01
5.791145628552215596e-01
5.764920855290782686e-01
5.742245622660925308e-01
5.825590150360768771e-01
5.697306255410747866e-01
5.728399996458514165e-01
5.762020974182330280e-01
5.918357643844004423e-01
5.714180525795383714e-01
5.762731153131872563e-01
5.762020974182330280e-01
