5.684381643050392396e-01
5.703625394469330478e-01
5.767117529163343637e-01
5.728330384067120695e-01
5.702885438022273767e-01
5.692112443424682811e-01
5.729393066300573212e-01
5.684381643050392396e-01
5.751607360413135694e-01
5.702885438022273767e-01
5.731105768360279518e-01
5.764556157981981510e-01
5.702885438022273767e-01
5.742384889310663265e-01
5.764554177434514370e-01
5.702884719418769288e-01
5.714915889577630859e-01
5.702885438022273767e-01
5.764556157981981510e-01
5.764556157981981510e-01
5.702885438022273767e-01
5.676916920387076182e-01
5.722547166939645491e-01
5.702885438022273767e-01
5.778710990009536808e-01
5.765497122806220176e-01
5.764556157981949314e-01
5.764556157981981510e-01
5.754718350572672891e-01
5.671077701149050965e-01
5.702885438022273767e-01
5.750434152229196849e-01
5.695764253102637564e-01
5.764556157981981510e-01
5.745403982188054259e-01
5.717356418281386299e-01
5.686355869608918923e-01
5.819751219849675916e-01
5.694845044083641783e-01
5.764556157981981510e-01
5.702885438022273767e-01
5.760292214942813738e-01
5.759477095459770712e-01
5.764556157981981510e-01
5.790545644602502762e-01
5.830747460047887021e-01
5.712065373596866280e-01
5.714916521810401440e-01
5.764556156939426579e-01
5.809701360445609364e-01
5.863194528190183163e-01
5.759298049223745553e-01
5.764556157981981510e-01
5.704243622061888619e-01
5.764556157871331132e-01
5.760292214942813738e-01
5.702885438022273767e-01
5.840683396825753215e-01
5.722547166939645491e-01
5.764556157981981510e-01
5.882956417724142240e-01
5.734031123206756453e-01
5.760292214942813738e-01
5.764400577834375428e-01
