5.816646418646606032e-01
5.756136801022060379e-01
5.759707932730012692e-01
5.786857661564540622e-01
5.714739198773116646e-01
5.709127425545550416e-01
5.700868109447698728e-01
5.814126086184145947e-01
5.759707932730012692e-01
5.710673605032873246e-01
5.738552557567093704e-01
5.816012819843192627e-01
5.741295217251610739e-01
5.841893410806172637e-01
5.700875043881447057e-01
5.700868109447698728e-01
5.702970101840353356e-01
5.759707932730012692e-01
5.748255533981818655e-01
5.759707932721304102e-01
5.763826577161889064e-01
5.700868109447698728e-01
5.700868129801132111e-01
5.700876979785819421e-01
5.800811943567134588e-01
5.700874927113307455e-01
5.700875003704972688e-01
5.713620713195968204e-01
5.700868109447698728e-01
5.759707920769885359e-01
5.661118979766903703e-01
5.785436629246248907e-01
5.700868109447698728e-01
5.730301941514367448e-01
5.700868109447698728e-01
5.759707932730012692e-01
5.759707932709746681e-01
5.829274380671530809e-01
5.759707932729944968e-01
5.759707932730012692e-01
5.759707932730012692e-01
5.742496711204854165e-01
5.769133744451974133e-01
5.769133749191002192e-01
5.855826978767912916e-01
5.756978046923371117e-01
5.678557806929561691e-01
5.700868109447698728e-01
5.769133749191002192e-01
5.688118203429999298e-01
5.773655857955117821e-01
5.700868109447698728e-01
5.710673605032873246e-01
5.700868109447698728e-01
5.759707932730012692e-01
5.756978046923371117e-01
5.727457610547406208e-01
5.759707932730012692e-01
5.700868109447698728e-01
5.700869491539464207e-01
5.871963838648768252e-01
5.759707932666985331e-01
5.759707932730012692e-01
5.720040949845243139e-01
