5.762128065800766752e-01
5.699497497543367652e-01
5.782190107073823526e-01
5.775698880783247668e-01
5.699497500845016607e-01
5.734727353780588732e-01
5.778764290818086957e-01
5.680786433908013855e-01
5.699497497543367652e-01
5.762128065800766752e-01
5.712103083568904616e-01
5.793511305835219449e-01
5.699497497543367652e-01
5.762128065800766752e-01
5.699497497543367652e-01
5.762128065800766752e-01
5.712860665287770034e-01
5.744549940273060429e-01
5.793505023213145755e-01
5.699497498356440595e-01
5.824689913683663844e-01
5.762128065800766752e-01
5.762128065800766752e-01
5.762128065800766752e-01
5.762128065800766752e-01
5.712103083568904616e-01
5.699497497543367652e-01
5.762128065800766752e-01
5.714484740500671567e-01
5.761483981023486356e-01
5.699504889381014072e-01
5.699769510584092869e-01
5.762128065800766752e-01
5.744549940273060429e-01
5.762128065800766752e-01
5.699497497543367652e-01
5.761483981023486356e-01
5.699497497543367652e-01
5.762128063637614872e-01
5.699497497543367652e-01
5.855124119800552140e-01
5.794431919780149709e-01
5.762128065800766752e-01
5.762128065800766752e-01
5.700616534103426503e-01
5.760083260262285343e-01
5.762128065800766752e-01
5.729469088540506405e-01
5.699497497543367652e-01
5.724848262215399552e-01
5.685378771123633657e-01
5.801121266929314402e-01
5.721896902160278353e-01
5.762128065800766752e-01
5.699497497543367652e-01
5.790284230764763951e-01
5.779281220387204598e-01
5.761483981023486356e-01
5.699497617988038556e-01
5.761483981023486356e-01
5.762128065800766752e-01
5.699497497543367652e-01
5.761483981023486356e-01
5.676118146043400703e-01
