6.860020022544009999e-01
7.096120834015776646e-01
6.825740748574677941e-01
6.957033790237836524e-01
7.017594110082229220e-01
6.916117249915241239e-01
6.818129820131710872e-01
6.889528943037535047e-01
7.160602820877668417e-01
6.889528943037535047e-01
6.882838336609589103e-01
6.860019966202226538e-01
6.860019966202226538e-01
6.957482245201516147e-01
6.860019966202226538e-01
6.835977973157322252e-01
6.835046331413437981e-01
6.848035398300548193e-01
6.957482245201516147e-01
7.252915837621178863e-01
6.860019966202226538e-01
6.957482245200723447e-01
6.817301174616580139e-01
6.957482245201516147e-01
6.957482245199354542e-01
6.860019971443405140e-01
6.842018163896470551e-01
6.855985575035420387e-01
6.859664771728390953e-01
6.957482245201515036e-01
6.860019966202226538e-01
7.062828218150467574e-01
6.957482245201516147e-01
6.957482245201516147e-01
6.856646851792207453e-01
6.959409250660861801e-01
6.957482245201516147e-01
6.871538793956674107e-01
6.957482245201516147e-01
6.811449514606466860e-01
6.957482245127167841e-01
6.957482245201503934e-01
6.919641694741115456e-01
7.018447839733854554e-01
6.957482245201516147e-01
6.957482245201516147e-01
6.840849049763809697e-01
6.986579094597774597e-01
6.957482244350943201e-01
6.860019966202226538e-01
6.818129820131710872e-01
6.749374794506899367e-01
6.860019966202226538e-01
6.860019966202226538e-01
6.905442863156695532e-01
6.860019966202226538e-01
6.957482245201516147e-01
6.860019966202226538e-01
6.957482245201516147e-01
6.957482245201516147e-01
6.902844280839322000e-01
6.860105145467075838e-01
6.860019966202226538e-01
6.957482245201516147e-01
