6.345783138756994068e-01
6.457617427380045738e-01
6.361674347977209765e-01
6.415783693122071307e-01
6.443214826998090450e-01
6.447769759206466444e-01
6.297885588072096308e-01
6.429753515225185012e-01
6.447769759206466444e-01
6.295528247200506966e-01
6.361674347977209765e-01
6.472163778259349964e-01
6.361674347977209765e-01
6.373487429349365962e-01
6.361674347977209765e-01
6.361674347977209765e-01
6.447769759174027948e-01
6.395307305346586979e-01
6.447769759206466444e-01
6.528823705060141647e-01
6.361674347977209765e-01
6.447768689682461529e-01
6.361674348182378980e-01
6.433055883060956326e-01
6.361674347977209765e-01
6.447769759206466444e-01
6.395720277555266842e-01
6.588287306704690982e-01
6.447769759206466444e-01
6.447769759206466444e-01
6.315575969564314329e-01
6.478909218668131853e-01
6.422880854360902836e-01
6.361674347977209765e-01
6.361674347977209765e-01
6.361674347977209765e-01
6.334443586279855376e-01
6.516524754896756422e-01
6.361674347977209765e-01
6.361674347977209765e-01
6.393613109102770364e-01
6.361674347977209765e-01
6.447769759206466444e-01
6.375401039538058923e-01
6.473186282159013594e-01
6.442916956344344470e-01
6.361674347977209765e-01
6.447769759206466444e-01
6.342949696493070944e-01
6.320032876725035775e-01
6.446074785680117047e-01
6.447769759206466444e-01
6.522599420674102255e-01
6.295345034774582071e-01
6.361674349797996619e-01
6.447769759206466444e-01
6.447769759206465334e-01
6.348899340209792630e-01
6.444485634234469185e-01
6.361674347977209765e-01
6.447769759206466444e-01
6.447769759206466444e-01
6.447769759206466444e-01
6.362845707151610908e-01
6.340660856645606858e-01
