5.761900873326527561e-01
5.697908289877442467e-01
5.761900873326527561e-01
5.680641155299041012e-01
5.761900873326527561e-01
5.761833065529038400e-01
5.721719288936203407e-01
5.761900873326527561e-01
5.697908289877442467e-01
5.761900873326527561e-01
5.796515291126717040e-01
5.697908289877442467e-01
5.760599387704715690e-01
5.775197289767934894e-01
5.821546454470236664e-01
5.655310063425503797e-01
5.729072272238393548e-01
5.697908834622447127e-01
5.714698446600815496e-01
5.780441939992579936e-01
5.697908289877442467e-01
5.761900873326527561e-01
5.761900873326527561e-01
5.697908289877442467e-01
5.697908289877442467e-01
5.721725758011713125e-01
5.727874027324135753e-01
5.786968067296898166e-01
5.761900873326526451e-01
5.714143285632442559e-01
5.697908289877442467e-01
5.677709380919534476e-01
5.761900873326527561e-01
5.697908289877442467e-01
5.761900873326527561e-01
5.825632376941393131e-01
5.697908289877442467e-01
5.697908289877442467e-01
5.775053043883653370e-01
5.779448755547824668e-01
5.693807847593251870e-01
5.697908289877442467e-01
5.698762325880311064e-01
5.847736424799017119e-01
5.697908471500052752e-01
5.761900873326527561e-01
5.711225873898182481e-01
5.846101897702640215e-01
5.715402873863942856e-01
5.697908289877442467e-01
5.697908289877442467e-01
5.761900873326527561e-01
5.821546454470236664e-01
5.697908289877442467e-01
5.722855806948312640e-01
5.761900873326527561e-01
5.761900873326527561e-01
5.697908493436003585e-01
5.686266459142482743e-01
5.697908289877442467e-01
5.697908289877442467e-01
5.741632117567414539e-01
5.761900873322431949e-01
5.737719034216209879e-01
5.759033941908126009e-01
5.841985725746646763e-01
5.758994807506395697e-01
5.742397383269950417e-01
5.695193287916554548e-01
5.695193288268177723e-01
5.651098476637967938e-01
5.791679925940853568e-01
5.759033941908126009e-01
5.759033941908126009e-01
5.695193287916554548e-01
5.946738847245082171e-01
5.685943577290799578e-01
5.759033941908126009e-01
5.759033884335221787e-01
5.695193287916554548e-01
5.695193287916554548e-01
5.735874499815249994e-01
5.772475903469146408e-01
5.759033941908126009e-01
5.695193287916554548e-01
5.695193288849198510e-01
5.759033939958422277e-01
5.805131561178701327e-01
5.740974022208280569e-01
5.695193287916554548e-01
5.690911326095661193e-01
5.676474280370767955e-01
5.685943577290799578e-01
5.685943577290799578e-01
5.762141966485004874e-01
5.759033941908126009e-01
5.726920776655288758e-01
5.712929103653028307e-01
5.759033941908126009e-01
5.695193287916554548e-01
5.721934932762220427e-01
5.866562142298128446e-01
5.695193287916554548e-01
5.759033941908126009e-01
5.657066778484292069e-01
5.805131561178701327e-01
5.759033941908126009e-01
5.711994329512785074e-01
5.695193287916554548e-01
5.712929103653028307e-01
5.914562261247457986e-01
5.695205206754465621e-01
5.759033662544595922e-01
5.926571970276119927e-01
5.835453666506197345e-01
5.759033941908122678e-01
5.771133284756116977e-01
5.759033941908126009e-01
5.759033941908126009e-01
5.752723935341618189e-01
5.695193287916554548e-01
5.674245759975652392e-01
5.759033941908126009e-01
5.759033941908126009e-01
5.695193287916554548e-01
5.759033941908126009e-01
5.759033941908119347e-01
5.759033941908126009e-01
5.764832923284030075e-01
5.764832923284030075e-01
5.722991968606214730e-01
5.876104332812139841e-01
5.754109298589070720e-01
5.696729612377829932e-01
5.696729612377829932e-01
5.761229157887061136e-01
5.764832923284030075e-01
5.764832923284030075e-01
5.667713821042343891e-01
5.647170981007552104e-01
5.696729612377829932e-01
5.764832923284030075e-01
5.696729612377829932e-01
5.764832923281064669e-01
5.825778908279813928e-01
5.764832923284030075e-01
5.696729612377829932e-01
5.754301285351067774e-01
5.696733625204454254e-01
5.696729612377829932e-01
5.764832923284030075e-01
5.764832923284030075e-01
5.696729612377829932e-01
5.696729612377829932e-01
5.764832919418956259e-01
5.736592659873361866e-01
5.696729612377829932e-01
5.713559731218957882e-01
5.789462708904393740e-01
5.776649387705559135e-01
5.767038629647597281e-01
5.699782505468965477e-01
5.770104024083877459e-01
5.731577065245385683e-01
5.769851549525037981e-01
5.670146399214829325e-01
5.714856235820107155e-01
5.696729612377829932e-01
5.696729612377829932e-01
5.764832923284030075e-01
5.918930363037137043e-01
5.697086048393632529e-01
5.764829848999877271e-01
5.764832923279934462e-01
5.696729612377829932e-01
5.764832922453860808e-01
5.764832923284030075e-01
5.663709558829432833e-01
5.791063674546947926e-01
5.764832923284030075e-01
5.764832923284030075e-01
5.696729612377829932e-01
5.944969093606521371e-01
5.696729612377827712e-01
5.767668657122222431e-01
5.696729612377828822e-01
5.762352278436251307e-01
5.743723389777107835e-01
5.770104024083877459e-01
5.764830014447320794e-01
5.696729612377829932e-01
5.813489429158539279e-01
5.736511536815115386e-01
5.692208306535148088e-01
5.748304288460676092e-01
5.705294687238987583e-01
5.748304288460676092e-01
5.748298920752450414e-01
5.692208224501967839e-01
5.730592325788803620e-01
5.748304288460676092e-01
5.748304288460676092e-01
5.690354466397327116e-01
5.674021036758769565e-01
5.692208224501967839e-01
5.748304288460676092e-01
5.807869560833617273e-01
5.748304288460676092e-01
5.748760202401581587e-01
5.748760202401581587e-01
5.689122736620827459e-01
5.684812309422331289e-01
5.692208224501967839e-01
5.687319757995743519e-01
5.761291391876710577e-01
5.769093706468521043e-01
5.715387092407301362e-01
5.692208224501967839e-01
5.692208224501967839e-01
5.702377842675652175e-01
5.758297228020581304e-01
5.713605564746589982e-01
5.692267847927815483e-01
5.692208224501967839e-01
5.692208224501967839e-01
5.748304288460676092e-01
5.742866045594707813e-01
5.700566383317638985e-01
5.692208224501967839e-01
5.855928380074674200e-01
5.692208224501967839e-01
5.748304288004945084e-01
5.716268748527197907e-01
5.705294687238987583e-01
5.748760202401581587e-01
5.713413275153512716e-01
5.686870272782096336e-01
5.748760202401581587e-01
5.732608706409904054e-01
5.720753224557474370e-01
5.748304288460676092e-01
5.692208224501967839e-01
5.748304288460676092e-01
5.692208224501967839e-01
5.717069080731568276e-01
5.748304288460676092e-01
5.753032686083370262e-01
5.678422610891235012e-01
5.792427758118836589e-01
5.748304288460676092e-01
5.748304288460676092e-01
5.692208224501967839e-01
5.692208224501967839e-01
5.748304288194762135e-01
5.719816414553863249e-01
5.786542093944910814e-01
5.697306255410747866e-01
5.762020974182330280e-01
5.762020974182330280e-01
5.865736889148677191e-01
5.766560599925927288e-01
5.724546079565175916e-01
5.755073936840604532e-01
5.762020974115931171e-01
5.697306255410747866e-01
5.764920855290782686e-01
5.697306255410747866e-01
5.714180525795383714e-01
5.697306255410747866e-01
5.697306255410747866e-01
5.811812806710775492e-01
5.762020974182330280e-01
5.810825106726222877e-01
5.837301204588690728e-01
5.697306255410747866e-01
5.697306255410747866e-01
5.680155702117347660e-01
5.697306255410747866e-01
5.697306255410747866e-01
5.696547821235339315e-01
5.762020974182330280e-01
5.762020972549866116e-01
5.697306436664021367e-01
5.762020974182330280e-01
5.762020974182330280e-01
5.697694766788951037e-01
5.752751325668403748e-01
5.764920855290782686e-01
5.762020629000066396e-01
5.769108786635962494e-01
5.718129451274093222e-01
5.753458231094679132e-01
5.697306255410747866e-01
5.722400545993202581e-01
5.697306255410747866e-01
5.668212086978032804e-01
5.797561331644595084e-01
5.785614977199035058e-01
5.873725161155548546e-01
5.762020973671543311e-01
5.695257715899915141e-01
5.778392561702532237e-01
5.653037556695866828e-01
5.796645227260557309e-01
5.762020974182330280e-01
5.700337353602975554e-01
5.688641811896468781e-01
5.697306255410747866e-01
5.762020974182330280e-01
5.791145628552215596e-01
5.764920855290782686e-01
5.742245622660925308e-01
5.825590150360768771e-01
5.697306255410747866e-01
5.728399996458514165e-01
5.762020974182330280e-01
5.918357643844004423e-01
5.714180525795383714e-01
5.762731153131872563e-01
5.762020974182330280e-01
5.684381643050392396e-01
5.703625394469330478e-01
5.767117529163343637e-01
5.728330384067120695e-01
5.702885438022273767e-01
5.692112443424682811e-01
5.729393066300573212e-01
5.684381643050392396e-01
5.751607360413135694e-01
5.702885438022273767e-01
5.731105768360279518e-01
5.764556157981981510e-01
5.702885438022273767e-01
5.742384889310663265e-01
5.764554177434514370e-01
5.702884719418769288e-01
5.714915889577630859e-01
5.702885438022273767e-01
5.764556157981981510e-01
5.764556157981981510e-01
5.702885438022273767e-01
5.676916920387076182e-01
5.722547166939645491e-01
5.702885438022273767e-01
5.778710990009536808e-01
5.765497122806220176e-01
5.764556157981949314e-01
5.764556157981981510e-01
5.754718350572672891e-01
5.671077701149050965e-01
5.702885438022273767e-01
5.750434152229196849e-01
5.695764253102637564e-01
5.764556157981981510e-01
5.745403982188054259e-01
5.717356418281386299e-01
5.686355869608918923e-01
5.819751219849675916e-01
5.694845044083641783e-01
5.764556157981981510e-01
5.702885438022273767e-01
5.760292214942813738e-01
5.759477095459770712e-01
5.764556157981981510e-01
5.790545644602502762e-01
5.830747460047887021e-01
5.712065373596866280e-01
5.714916521810401440e-01
5.764556156939426579e-01
5.809701360445609364e-01
5.863194528190183163e-01
5.759298049223745553e-01
5.764556157981981510e-01
5.704243622061888619e-01
5.764556157871331132e-01
5.760292214942813738e-01
5.702885438022273767e-01
5.840683396825753215e-01
5.722547166939645491e-01
5.764556157981981510e-01
5.882956417724142240e-01
5.734031123206756453e-01
5.760292214942813738e-01
5.764400577834375428e-01
5.816646418646606032e-01
5.756136801022060379e-01
5.759707932730012692e-01
5.786857661564540622e-01
5.714739198773116646e-01
5.709127425545550416e-01
5.700868109447698728e-01
5.814126086184145947e-01
5.759707932730012692e-01
5.710673605032873246e-01
5.738552557567093704e-01
5.816012819843192627e-01
5.741295217251610739e-01
5.841893410806172637e-01
5.700875043881447057e-01
5.700868109447698728e-01
5.702970101840353356e-01
5.759707932730012692e-01
5.748255533981818655e-01
5.759707932721304102e-01
5.763826577161889064e-01
5.700868109447698728e-01
5.700868129801132111e-01
5.700876979785819421e-01
5.800811943567134588e-01
5.700874927113307455e-01
5.700875003704972688e-01
5.713620713195968204e-01
5.700868109447698728e-01
5.759707920769885359e-01
5.661118979766903703e-01
5.785436629246248907e-01
5.700868109447698728e-01
5.730301941514367448e-01
5.700868109447698728e-01
5.759707932730012692e-01
5.759707932709746681e-01
5.829274380671530809e-01
5.759707932729944968e-01
5.759707932730012692e-01
5.759707932730012692e-01
5.742496711204854165e-01
5.769133744451974133e-01
5.769133749191002192e-01
5.855826978767912916e-01
5.756978046923371117e-01
5.678557806929561691e-01
5.700868109447698728e-01
5.769133749191002192e-01
5.688118203429999298e-01
5.773655857955117821e-01
5.700868109447698728e-01
5.710673605032873246e-01
5.700868109447698728e-01
5.759707932730012692e-01
5.756978046923371117e-01
5.727457610547406208e-01
5.759707932730012692e-01
5.700868109447698728e-01
5.700869491539464207e-01
5.871963838648768252e-01
5.759707932666985331e-01
5.759707932730012692e-01
5.720040949845243139e-01
5.762128065800766752e-01
5.699497497543367652e-01
5.782190107073823526e-01
5.775698880783247668e-01
5.699497500845016607e-01
5.734727353780588732e-01
5.778764290818086957e-01
5.680786433908013855e-01
5.699497497543367652e-01
5.762128065800766752e-01
5.712103083568904616e-01
5.793511305835219449e-01
5.699497497543367652e-01
5.762128065800766752e-01
5.699497497543367652e-01
5.762128065800766752e-01
5.712860665287770034e-01
5.744549940273060429e-01
5.793505023213145755e-01
5.699497498356440595e-01
5.824689913683663844e-01
5.762128065800766752e-01
5.762128065800766752e-01
5.762128065800766752e-01
5.762128065800766752e-01
5.712103083568904616e-01
5.699497497543367652e-01
5.762128065800766752e-01
5.714484740500671567e-01
5.761483981023486356e-01
5.699504889381014072e-01
5.699769510584092869e-01
5.762128065800766752e-01
5.744549940273060429e-01
5.762128065800766752e-01
5.699497497543367652e-01
5.761483981023486356e-01
5.699497497543367652e-01
5.762128063637614872e-01
5.699497497543367652e-01
5.855124119800552140e-01
5.794431919780149709e-01
5.762128065800766752e-01
5.762128065800766752e-01
5.700616534103426503e-01
5.760083260262285343e-01
5.762128065800766752e-01
5.729469088540506405e-01
5.699497497543367652e-01
5.724848262215399552e-01
5.685378771123633657e-01
5.801121266929314402e-01
5.721896902160278353e-01
5.762128065800766752e-01
5.699497497543367652e-01
5.790284230764763951e-01
5.779281220387204598e-01
5.761483981023486356e-01
5.699497617988038556e-01
5.761483981023486356e-01
5.762128065800766752e-01
5.699497497543367652e-01
5.761483981023486356e-01
5.676118146043400703e-01
6.860020022544009999e-01
7.096120834015776646e-01
6.825740748574677941e-01
6.957033790237836524e-01
7.017594110082229220e-01
6.916117249915241239e-01
6.818129820131710872e-01
6.889528943037535047e-01
7.160602820877668417e-01
6.889528943037535047e-01
6.882838336609589103e-01
6.860019966202226538e-01
6.860019966202226538e-01
6.957482245201516147e-01
6.860019966202226538e-01
6.835977973157322252e-01
6.835046331413437981e-01
6.848035398300548193e-01
6.957482245201516147e-01
7.252915837621178863e-01
6.860019966202226538e-01
6.957482245200723447e-01
6.817301174616580139e-01
6.957482245201516147e-01
6.957482245199354542e-01
6.860019971443405140e-01
6.842018163896470551e-01
6.855985575035420387e-01
6.859664771728390953e-01
6.957482245201515036e-01
6.860019966202226538e-01
7.062828218150467574e-01
6.957482245201516147e-01
6.957482245201516147e-01
6.856646851792207453e-01
6.959409250660861801e-01
6.957482245201516147e-01
6.871538793956674107e-01
6.957482245201516147e-01
6.811449514606466860e-01
6.957482245127167841e-01
6.957482245201503934e-01
6.919641694741115456e-01
7.018447839733854554e-01
6.957482245201516147e-01
6.957482245201516147e-01
6.840849049763809697e-01
6.986579094597774597e-01
6.957482244350943201e-01
6.860019966202226538e-01
6.818129820131710872e-01
6.749374794506899367e-01
6.860019966202226538e-01
6.860019966202226538e-01
6.905442863156695532e-01
6.860019966202226538e-01
6.957482245201516147e-01
6.860019966202226538e-01
6.957482245201516147e-01
6.957482245201516147e-01
6.902844280839322000e-01
6.860105145467075838e-01
6.860019966202226538e-01
6.957482245201516147e-01
6.345783138756994068e-01
6.457617427380045738e-01
6.361674347977209765e-01
6.415783693122071307e-01
6.443214826998090450e-01
6.447769759206466444e-01
6.297885588072096308e-01
6.429753515225185012e-01
6.447769759206466444e-01
6.295528247200506966e-01
6.361674347977209765e-01
6.472163778259349964e-01
6.361674347977209765e-01
6.373487429349365962e-01
6.361674347977209765e-01
6.361674347977209765e-01
6.447769759174027948e-01
6.395307305346586979e-01
6.447769759206466444e-01
6.528823705060141647e-01
6.361674347977209765e-01
6.447768689682461529e-01
6.361674348182378980e-01
6.433055883060956326e-01
6.361674347977209765e-01
6.447769759206466444e-01
6.395720277555266842e-01
6.588287306704690982e-01
6.447769759206466444e-01
6.447769759206466444e-01
6.315575969564314329e-01
6.478909218668131853e-01
6.422880854360902836e-01
6.361674347977209765e-01
6.361674347977209765e-01
6.361674347977209765e-01
6.334443586279855376e-01
6.516524754896756422e-01
6.361674347977209765e-01
6.361674347977209765e-01
6.393613109102770364e-01
6.361674347977209765e-01
6.447769759206466444e-01
6.375401039538058923e-01
6.473186282159013594e-01
6.442916956344344470e-01
6.361674347977209765e-01
6.447769759206466444e-01
6.342949696493070944e-01
6.320032876725035775e-01
6.446074785680117047e-01
6.447769759206466444e-01
6.522599420674102255e-01
6.295345034774582071e-01
6.361674349797996619e-01
6.447769759206466444e-01
6.447769759206465334e-01
6.348899340209792630e-01
6.444485634234469185e-01
6.361674347977209765e-01
6.447769759206466444e-01
6.447769759206466444e-01
6.447769759206466444e-01
6.362845707151610908e-01
6.340660856645606858e-01
