1.782767550625394148e-11
1.782767550625394148e-11
1.782767481413333725e-11
1.782767550630334291e-11
1.782767550625394148e-11
1.782767550106958376e-11
1.782767550625394148e-11
1.782767550625394148e-11
1.782767550625394148e-11
1.782767550625394148e-11
1.782767504684210411e-11
1.782767550625394148e-11
1.782767550625394148e-11
1.782767541805439342e-11
1.782767550625394148e-11
1.782767550625394148e-11
1.782767550625394148e-11
1.782767550625394148e-11
1.782760433178799331e-11
1.782767550625394148e-11
1.782767550625394148e-11
1.782767550625394148e-11
1.782767550625394148e-11
1.782767550625394148e-11
1.782767550625394148e-11
1.782767550625394148e-11
1.782767550609762373e-11
1.782767550625394148e-11
1.782760433178799331e-11
1.782767550625394148e-11
1.782767550625394148e-11
1.782767550625394148e-11
1.782767550625394148e-11
1.781913877887191051e-11
1.782767550625394148e-11
1.782767550625394148e-11
1.782767550625394148e-11
1.782767550625394148e-11
1.782767550625394148e-11
