1.782753398068912565e-11
1.782753398068912565e-11
1.782753398068912565e-11
1.782753398068912565e-11
1.782753398068912565e-11
1.782753398068912565e-11
1.782753186976591364e-11
1.782753398068912565e-11
1.782753398068912565e-11
1.782753398068912565e-11
1.782753398068912565e-11
1.782746078667563505e-11
1.782753398068912565e-11
1.782753398068912565e-11
1.782753398068912565e-11
1.782753398068912565e-11
1.782753397978266171e-11
1.782753398068912565e-11
1.782705899511366318e-11
1.782753398068912565e-11
1.782753398068912565e-11
1.782753398068912565e-11
1.782753398068912565e-11
1.782753398068912565e-11
1.782753105012894594e-11
1.782753398068912565e-11
1.782753398068912565e-11
1.782753398068912565e-11
1.782753398068912565e-11
1.782753398068912565e-11
1.782753397959600970e-11
1.782753398068912565e-11
1.782753398068912565e-11
1.782753398068912565e-11
1.782753398068912565e-11
1.782753398068912565e-11
1.782752979717789275e-11
1.782753398068912565e-11
1.782753398068912565e-11
