1.782753400663451798e-11
1.782753400663451798e-11
1.782753400663451798e-11
1.782753400663451798e-11
1.782753400663451798e-11
1.782753400663451798e-11
1.782753400663451798e-11
1.782753400663451798e-11
1.782753400663451798e-11
1.782752448149673602e-11
1.782753400663451798e-11
1.782753400661716334e-11
1.782753150436820968e-11
1.782753400663451798e-11
1.782753400650803366e-11
1.782753400663451798e-11
1.782753400663451798e-11
1.782750580990707054e-11
1.782753400663451798e-11
1.782753400663451798e-11
1.782753400663451798e-11
1.782753400663451798e-11
1.782753400663451798e-11
1.782753400663451798e-11
1.782753400663451798e-11
1.782753400663451798e-11
1.782753400663451798e-11
1.782753400663451798e-11
1.782753400663451798e-11
1.782753400663451798e-11
1.782753400663451798e-11
1.782753400663451798e-11
1.782753400663451798e-11
1.782753400663451798e-11
1.782753400663451798e-11
1.782753400663451798e-11
1.782753400663451798e-11
1.782753399004488734e-11
1.782753400663451798e-11
