1.782738387364912453e-11
1.782730334367051785e-11
1.782738387364912453e-11
1.782738387364912453e-11
1.782738387364912453e-11
1.782738387364912453e-11
1.782738387364912453e-11
1.782738387364912453e-11
1.782738387364912453e-11
1.782738387364912453e-11
1.782738387364912453e-11
1.782738387364912453e-11
1.782715612229806333e-11
1.782738387364912453e-11
1.782738387364912453e-11
1.782738387364912453e-11
1.782738387358832352e-11
1.782738387364912453e-11
1.782738387364912453e-11
1.782738387364912453e-11
1.782738387364912453e-11
1.782738387364912453e-11
1.782738387364912453e-11
1.782738387364912453e-11
1.782738387364912453e-11
1.782738387364912453e-11
1.782738387364912453e-11
1.782738387364912453e-11
1.782738387364912453e-11
1.782738387364912453e-11
1.782738387364912453e-11
1.782738387364912453e-11
1.782738387364912453e-11
1.782738387364912453e-11
1.782738387364912453e-11
1.782738387364912453e-11
1.782738387364912453e-11
1.782738387364912453e-11
1.782738387364912453e-11
1.782738387364912453e-11
