1.782767551184649991e-11
1.782767551184649991e-11
1.782767538405611671e-11
1.782767397398976082e-11
1.782767551184649991e-11
1.782767551184649991e-11
1.782767551184649991e-11
1.782767551184649991e-11
1.782767551184649991e-11
1.782767551184649991e-11
1.782767551184649991e-11
1.782767551184649991e-11
1.782766308542414356e-11
1.782763885907492449e-11
1.782767551184649991e-11
1.782767551184649991e-11
1.782767551184649991e-11
1.782767551184649991e-11
1.782767551184649991e-11
1.782767551184649991e-11
1.782767551184649991e-11
1.782767551184649991e-11
1.782767551184649991e-11
1.782767550049904886e-11
1.782767551184649991e-11
1.782767551184649991e-11
1.782767551184649991e-11
1.782767551184649991e-11
1.782767551184649991e-11
1.782767551184649991e-11
1.782767551184649991e-11
1.782767551184649991e-11
1.782767551184649991e-11
1.782767551184649991e-11
1.782767551184649991e-11
1.782767542364834771e-11
1.782767551184649991e-11
1.782767551184649991e-11
1.782767537685562903e-11
