1.782738387360713542e-11
1.782738387360713542e-11
1.782738387360713542e-11
1.782738387360713542e-11
1.782738387360713542e-11
1.782738387360713542e-11
1.782738387360713542e-11
1.782738387360713542e-11
1.782738387360713542e-11
1.782738387360713542e-11
1.782738387360713542e-11
1.782738126462421742e-11
1.782738387360713542e-11
1.782738387360713542e-11
1.782738387362138490e-11
1.782738387360713542e-11
1.782738387360713542e-11
1.782738387360713542e-11
1.782738387360713542e-11
1.782738387360713542e-11
1.782738387333320616e-11
1.782738387360713542e-11
1.782738387360713542e-11
1.782689706925567113e-11
1.782738387360713542e-11
1.782738387303078117e-11
1.782738387360713542e-11
1.782738387360713542e-11
1.782738387360713542e-11
1.782738387360713542e-11
1.782738387360713542e-11
1.782738387360713542e-11
1.782738387360713542e-11
1.782738387360713542e-11
1.782737674795719110e-11
1.782738387360713542e-11
1.782738387360713542e-11
1.782738387360713542e-11
1.782738387360713542e-11
