1.782767548041297747e-11
1.782767548041297747e-11
1.782767548041297747e-11
1.782767548041297747e-11
1.782767548041297747e-11
1.782767548041297747e-11
1.782767548041297747e-11
1.782767548041297747e-11
1.782767548041297747e-11
1.782767548041297747e-11
1.782767548041297747e-11
1.782767548041297747e-11
1.782760457573944040e-11
1.782767548041297747e-11
1.782767548041297747e-11
1.782767548041297747e-11
1.782767548041297747e-11
1.782767548041297747e-11
1.782767548041297747e-11
1.782767548041297747e-11
1.782767548041297747e-11
1.782767548041297747e-11
1.782766971367220696e-11
1.782767548041297747e-11
1.782767548041297747e-11
1.782767548041297747e-11
1.782767548041297747e-11
1.782767548041297747e-11
1.782767548041297747e-11
1.782767548041297747e-11
1.782767548041297747e-11
1.782767548041297747e-11
1.782767548041297747e-11
1.782759945909227577e-11
1.782767548041297747e-11
1.782767548041297747e-11
1.782767535676563177e-11
1.782767548041297747e-11
1.782767548041297747e-11
1.782767548041297747e-11
