1.782738390503115174e-11
1.782738390503115174e-11
1.782738390503115174e-11
1.782738390503115174e-11
1.782738390503115174e-11
1.782738390503115174e-11
1.782738390503115174e-11
1.782738390503115174e-11
1.782738390503115174e-11
1.782738390503115174e-11
1.782738390503115174e-11
1.782738390503115174e-11
1.782738390489966556e-11
1.782738390503115174e-11
1.782738390503115174e-11
1.782738390503115174e-11
1.782738390503115174e-11
1.782731316452596657e-11
1.782738390503115174e-11
1.782738390503115174e-11
1.782689682264197877e-11
1.782738390503115174e-11
1.782738390503115174e-11
1.782738390503115174e-11
1.782738390503115174e-11
1.782738390503115174e-11
1.782738390503115174e-11
1.782738390503115174e-11
1.782738390503115174e-11
1.782737693016056513e-11
1.782738390503115174e-11
1.782738390503115174e-11
1.782738390503115174e-11
1.782738390503115174e-11
1.782738390503115174e-11
1.782738390503115174e-11
1.782738390503115174e-11
1.782738390503115174e-11
1.782738390503115174e-11
