1.782767548041785332e-11
1.782767548041785332e-11
1.782767548026248876e-11
1.782767548041785332e-11
1.782766885714824752e-11
1.782767548041785332e-11
1.782767548041785332e-11
1.782767548041785332e-11
1.782767548041785332e-11
1.782767548041785332e-11
1.782767548041785332e-11
1.782767548041785332e-11
1.782767548041785332e-11
1.782767548041785332e-11
1.782767548041785332e-11
1.782767548041785332e-11
1.782767548041785332e-11
1.782767548041785332e-11
1.782767548041785332e-11
1.782767548041785332e-11
1.782767548041785332e-11
1.782767548041785332e-11
1.782767548041785332e-11
1.782767548041785332e-11
1.782767548041785332e-11
1.782767548041785332e-11
1.782767548041785332e-11
1.782767548041785332e-11
1.782767548041785332e-11
1.782767548041785332e-11
1.782767548041785332e-11
1.782767548041785332e-11
1.782767548041785332e-11
1.782767548041785332e-11
1.782767548041785332e-11
1.782767548041785332e-11
1.782767548041785332e-11
1.782767548041785332e-11
1.782767548041785332e-11
