1.782767548041785332e-11
1.782767548041785332e-11
1.782767548033203333e-11
1.782767548041785332e-11
1.782767548041785332e-11
1.782767548041785332e-11
1.782767548041785332e-11
1.782767492280948611e-11
1.782767548041785332e-11
1.782767548041785332e-11
1.782760430595270647e-11
1.782767548041785332e-11
1.782767532526598335e-11
1.782767548041785332e-11
1.782767548041785332e-11
1.782767548041785332e-11
1.782767548041785332e-11
1.782767548041785332e-11
1.782767548041785332e-11
1.782767548041785332e-11
1.782767548041785332e-11
1.782767548041785332e-11
1.782767548041785332e-11
1.782767548041785332e-11
1.782767548041785332e-11
1.782767548041785332e-11
1.782767548041785332e-11
1.782767547997012565e-11
1.782767548041785332e-11
1.782767548041785332e-11
1.782767548041785332e-11
1.782767548041785332e-11
1.782767548041785332e-11
1.782767548041785332e-11
1.782767548041785332e-11
1.782767548041785332e-11
1.782767548041785332e-11
1.782767548041785332e-11
1.782764021224997242e-11
1.782767548041785332e-11
