1.782767550625394148e-11
1.782767550625394148e-11
1.782767481413333725e-11
1.782767550630334291e-11
1.782767550625394148e-11
1.782767550106958376e-11
1.782767550625394148e-11
1.782767550625394148e-11
1.782767550625394148e-11
1.782767550625394148e-11
1.782767504684210411e-11
1.782767550625394148e-11
1.782767550625394148e-11
1.782767541805439342e-11
1.782767550625394148e-11
1.782767550625394148e-11
1.782767550625394148e-11
1.782767550625394148e-11
1.782760433178799331e-11
1.782767550625394148e-11
1.782767550625394148e-11
1.782767550625394148e-11
1.782767550625394148e-11
1.782767550625394148e-11
1.782767550625394148e-11
1.782767550625394148e-11
1.782767550609762373e-11
1.782767550625394148e-11
1.782760433178799331e-11
1.782767550625394148e-11
1.782767550625394148e-11
1.782767550625394148e-11
1.782767550625394148e-11
1.781913877887191051e-11
1.782767550625394148e-11
1.782767550625394148e-11
1.782767550625394148e-11
1.782767550625394148e-11
1.782767550625394148e-11
1.782753398068912565e-11
1.782753398068912565e-11
1.782753398068912565e-11
1.782753398068912565e-11
1.782753398068912565e-11
1.782753398068912565e-11
1.782753186976591364e-11
1.782753398068912565e-11
1.782753398068912565e-11
1.782753398068912565e-11
1.782753398068912565e-11
1.782746078667563505e-11
1.782753398068912565e-11
1.782753398068912565e-11
1.782753398068912565e-11
1.782753398068912565e-11
1.782753397978266171e-11
1.782753398068912565e-11
1.782705899511366318e-11
1.782753398068912565e-11
1.782753398068912565e-11
1.782753398068912565e-11
1.782753398068912565e-11
1.782753398068912565e-11
1.782753105012894594e-11
1.782753398068912565e-11
1.782753398068912565e-11
1.782753398068912565e-11
1.782753398068912565e-11
1.782753398068912565e-11
1.782753397959600970e-11
1.782753398068912565e-11
1.782753398068912565e-11
1.782753398068912565e-11
1.782753398068912565e-11
1.782753398068912565e-11
1.782752979717789275e-11
1.782753398068912565e-11
1.782753398068912565e-11
1.782753400663451798e-11
1.782753400663451798e-11
1.782753400663451798e-11
1.782753400663451798e-11
1.782753400663451798e-11
1.782753400663451798e-11
1.782753400663451798e-11
1.782753400663451798e-11
1.782753400663451798e-11
1.782752448149673602e-11
1.782753400663451798e-11
1.782753400661716334e-11
1.782753150436820968e-11
1.782753400663451798e-11
1.782753400650803366e-11
1.782753400663451798e-11
1.782753400663451798e-11
1.782750580990707054e-11
1.782753400663451798e-11
1.782753400663451798e-11
1.782753400663451798e-11
1.782753400663451798e-11
1.782753400663451798e-11
1.782753400663451798e-11
1.782753400663451798e-11
1.782753400663451798e-11
1.782753400663451798e-11
1.782753400663451798e-11
1.782753400663451798e-11
1.782753400663451798e-11
1.782753400663451798e-11
1.782753400663451798e-11
1.782753400663451798e-11
1.782753400663451798e-11
1.782753400663451798e-11
1.782753400663451798e-11
1.782753400663451798e-11
1.782753399004488734e-11
1.782753400663451798e-11
1.782738387364912453e-11
1.782730334367051785e-11
1.782738387364912453e-11
1.782738387364912453e-11
1.782738387364912453e-11
1.782738387364912453e-11
1.782738387364912453e-11
1.782738387364912453e-11
1.782738387364912453e-11
1.782738387364912453e-11
1.782738387364912453e-11
1.782738387364912453e-11
1.782715612229806333e-11
1.782738387364912453e-11
1.782738387364912453e-11
1.782738387364912453e-11
1.782738387358832352e-11
1.782738387364912453e-11
1.782738387364912453e-11
1.782738387364912453e-11
1.782738387364912453e-11
1.782738387364912453e-11
1.782738387364912453e-11
1.782738387364912453e-11
1.782738387364912453e-11
1.782738387364912453e-11
1.782738387364912453e-11
1.782738387364912453e-11
1.782738387364912453e-11
1.782738387364912453e-11
1.782738387364912453e-11
1.782738387364912453e-11
1.782738387364912453e-11
1.782738387364912453e-11
1.782738387364912453e-11
1.782738387364912453e-11
1.782738387364912453e-11
1.782738387364912453e-11
1.782738387364912453e-11
1.782738387364912453e-11
1.782767551184649991e-11
1.782767551184649991e-11
1.782767538405611671e-11
1.782767397398976082e-11
1.782767551184649991e-11
1.782767551184649991e-11
1.782767551184649991e-11
1.782767551184649991e-11
1.782767551184649991e-11
1.782767551184649991e-11
1.782767551184649991e-11
1.782767551184649991e-11
1.782766308542414356e-11
1.782763885907492449e-11
1.782767551184649991e-11
1.782767551184649991e-11
1.782767551184649991e-11
1.782767551184649991e-11
1.782767551184649991e-11
1.782767551184649991e-11
1.782767551184649991e-11
1.782767551184649991e-11
1.782767551184649991e-11
1.782767550049904886e-11
1.782767551184649991e-11
1.782767551184649991e-11
1.782767551184649991e-11
1.782767551184649991e-11
1.782767551184649991e-11
1.782767551184649991e-11
1.782767551184649991e-11
1.782767551184649991e-11
1.782767551184649991e-11
1.782767551184649991e-11
1.782767551184649991e-11
1.782767542364834771e-11
1.782767551184649991e-11
1.782767551184649991e-11
1.782767537685562903e-11
1.782738387360713542e-11
1.782738387360713542e-11
1.782738387360713542e-11
1.782738387360713542e-11
1.782738387360713542e-11
1.782738387360713542e-11
1.782738387360713542e-11
1.782738387360713542e-11
1.782738387360713542e-11
1.782738387360713542e-11
1.782738387360713542e-11
1.782738126462421742e-11
1.782738387360713542e-11
1.782738387360713542e-11
1.782738387362138490e-11
1.782738387360713542e-11
1.782738387360713542e-11
1.782738387360713542e-11
1.782738387360713542e-11
1.782738387360713542e-11
1.782738387333320616e-11
1.782738387360713542e-11
1.782738387360713542e-11
1.782689706925567113e-11
1.782738387360713542e-11
1.782738387303078117e-11
1.782738387360713542e-11
1.782738387360713542e-11
1.782738387360713542e-11
1.782738387360713542e-11
1.782738387360713542e-11
1.782738387360713542e-11
1.782738387360713542e-11
1.782738387360713542e-11
1.782737674795719110e-11
1.782738387360713542e-11
1.782738387360713542e-11
1.782738387360713542e-11
1.782738387360713542e-11
1.782767548041297747e-11
1.782767548041297747e-11
1.782767548041297747e-11
1.782767548041297747e-11
1.782767548041297747e-11
1.782767548041297747e-11
1.782767548041297747e-11
1.782767548041297747e-11
1.782767548041297747e-11
1.782767548041297747e-11
1.782767548041297747e-11
1.782767548041297747e-11
1.782760457573944040e-11
1.782767548041297747e-11
1.782767548041297747e-11
1.782767548041297747e-11
1.782767548041297747e-11
1.782767548041297747e-11
1.782767548041297747e-11
1.782767548041297747e-11
1.782767548041297747e-11
1.782767548041297747e-11
1.782766971367220696e-11
1.782767548041297747e-11
1.782767548041297747e-11
1.782767548041297747e-11
1.782767548041297747e-11
1.782767548041297747e-11
1.782767548041297747e-11
1.782767548041297747e-11
1.782767548041297747e-11
1.782767548041297747e-11
1.782767548041297747e-11
1.782759945909227577e-11
1.782767548041297747e-11
1.782767548041297747e-11
1.782767535676563177e-11
1.782767548041297747e-11
1.782767548041297747e-11
1.782767548041297747e-11
1.782738390503115174e-11
1.782738390503115174e-11
1.782738390503115174e-11
1.782738390503115174e-11
1.782738390503115174e-11
1.782738390503115174e-11
1.782738390503115174e-11
1.782738390503115174e-11
1.782738390503115174e-11
1.782738390503115174e-11
1.782738390503115174e-11
1.782738390503115174e-11
1.782738390489966556e-11
1.782738390503115174e-11
1.782738390503115174e-11
1.782738390503115174e-11
1.782738390503115174e-11
1.782731316452596657e-11
1.782738390503115174e-11
1.782738390503115174e-11
1.782689682264197877e-11
1.782738390503115174e-11
1.782738390503115174e-11
1.782738390503115174e-11
1.782738390503115174e-11
1.782738390503115174e-11
1.782738390503115174e-11
1.782738390503115174e-11
1.782738390503115174e-11
1.782737693016056513e-11
1.782738390503115174e-11
1.782738390503115174e-11
1.782738390503115174e-11
1.782738390503115174e-11
1.782738390503115174e-11
1.782738390503115174e-11
1.782738390503115174e-11
1.782738390503115174e-11
1.782738390503115174e-11
1.782767548041785332e-11
1.782767548041785332e-11
1.782767548026248876e-11
1.782767548041785332e-11
1.782766885714824752e-11
1.782767548041785332e-11
1.782767548041785332e-11
1.782767548041785332e-11
1.782767548041785332e-11
1.782767548041785332e-11
1.782767548041785332e-11
1.782767548041785332e-11
1.782767548041785332e-11
1.782767548041785332e-11
1.782767548041785332e-11
1.782767548041785332e-11
1.782767548041785332e-11
1.782767548041785332e-11
1.782767548041785332e-11
1.782767548041785332e-11
1.782767548041785332e-11
1.782767548041785332e-11
1.782767548041785332e-11
1.782767548041785332e-11
1.782767548041785332e-11
1.782767548041785332e-11
1.782767548041785332e-11
1.782767548041785332e-11
1.782767548041785332e-11
1.782767548041785332e-11
1.782767548041785332e-11
1.782767548041785332e-11
1.782767548041785332e-11
1.782767548041785332e-11
1.782767548041785332e-11
1.782767548041785332e-11
1.782767548041785332e-11
1.782767548041785332e-11
1.782767548041785332e-11
1.782767548041785332e-11
1.782767548041785332e-11
1.782767548033203333e-11
1.782767548041785332e-11
1.782767548041785332e-11
1.782767548041785332e-11
1.782767548041785332e-11
1.782767492280948611e-11
1.782767548041785332e-11
1.782767548041785332e-11
1.782760430595270647e-11
1.782767548041785332e-11
1.782767532526598335e-11
1.782767548041785332e-11
1.782767548041785332e-11
1.782767548041785332e-11
1.782767548041785332e-11
1.782767548041785332e-11
1.782767548041785332e-11
1.782767548041785332e-11
1.782767548041785332e-11
1.782767548041785332e-11
1.782767548041785332e-11
1.782767548041785332e-11
1.782767548041785332e-11
1.782767548041785332e-11
1.782767548041785332e-11
1.782767547997012565e-11
1.782767548041785332e-11
1.782767548041785332e-11
1.782767548041785332e-11
1.782767548041785332e-11
1.782767548041785332e-11
1.782767548041785332e-11
1.782767548041785332e-11
1.782767548041785332e-11
1.782767548041785332e-11
1.782767548041785332e-11
1.782764021224997242e-11
1.782767548041785332e-11
