8.338550773279740716e-03
7.742629874335443460e-03
8.972776039795920047e-03
9.873239645429233713e-01
7.329470736042631614e-03
7.721733351307454203e-03
2.811700729324620798e-02
8.834477637581879955e-03
7.359527418915155425e-03
7.899544770835910390e-03
9.851141832668608433e-01
7.966896168058653152e-03
8.467520913708289632e-01
9.487577724096947496e-02
2.832947777344655554e-02
6.389704800798785833e-02
2.717479272466599705e-02
7.329470745531137948e-03
9.782764193997737223e-01
9.441352375262820340e-01
8.042920558351884103e-03
7.336515594307780122e-03
8.657813841437898839e-03
9.729074514205600724e-03
7.494234588370581214e-03
7.786964609626312490e-03
1.918837806387531028e-02
8.977668132366015130e-03
7.358374559775117743e-03
9.922677556448453728e-01
7.675665260245469190e-03
1.259151142405513513e-01
7.329470800007708772e-03
1.609104446163886482e-02
1.132120784159818157e-02
1.150332505450665614e-02
8.481543310795112978e-03
1.487157007649609133e-02
9.735971834670492653e-01
9.751138527388109045e-01
4.429624161619788447e-02
7.322970648394063961e-03
9.878391721969826955e-01
7.462742593917613965e-01
8.108837820736430890e-03
7.329568459113469311e-03
1.349930937907622627e-02
9.804737554648502718e-01
6.069258961040736589e-01
8.218820599075417691e-03
8.310201899443784776e-03
7.498888484211354601e-03
4.010406021646393815e-01
6.993524484695057275e-02
8.821642130314602190e-03
7.358262626376329239e-03
7.498791567519640100e-03
7.519631490522191153e-03
7.742629874338835712e-03
1.176901632097025578e-02
9.982176713491290945e-03
9.861105829762866204e-01
7.759308831633585264e-03
1.212386470818407717e-02
