2.456299404683623053e-02
7.643258595230008057e-01
7.808878220656876451e-03
7.911268689560239584e-03
8.399480653381561496e-03
7.808882210721128543e-03
2.744093471190451813e-02
4.694785414369831988e-01
8.557046466754442832e-03
8.399392267868443021e-03
8.229183698606650985e-03
9.856103273854577296e-01
8.975002400237751948e-03
8.439462316582185819e-03
8.401753889581720439e-03
8.338235575363147148e-03
8.595461663357083226e-03
8.349115163959660788e-03
5.137908366621564415e-02
9.766711455791157390e-03
7.970856753327619157e-03
8.369678169216597519e-03
8.145445815717794816e-03
9.913966099010965705e-01
8.399137025301400827e-03
8.128668643685664150e-03
3.358531010947578554e-01
1.181160425711223240e-02
8.348120563269376126e-03
2.402732978202328645e-02
8.458932386964281847e-01
7.839093111953302634e-03
9.675241001678408503e-01
9.913843441850541671e-01
8.092209101666879290e-03
7.956161571451871722e-03
8.625892229855729523e-03
5.073941127698992082e-01
9.983654515909094751e-03
8.302339425372562420e-03
2.586290850127686419e-02
9.926714162636359751e-01
8.225050800753771693e-03
2.420682619773162000e-02
8.842638303492304092e-03
9.893123086129760324e-01
5.501230486033857892e-01
8.887985024337033413e-03
7.808878193985869035e-03
9.892700970940694338e-01
8.998392084188492346e-01
8.197939554895991576e-03
9.564198158778481895e-01
8.949262675956767485e-03
9.685052089683425167e-03
9.863268517572331140e-01
7.933600272389842306e-03
1.076741857106446910e-02
7.816168501105259792e-03
8.036746972312628842e-03
9.749505082034152365e-03
1.016740925454530549e-02
7.846990666747896345e-03
8.105191678269289129e-03
