8.864095621864477234e-03
9.390924956527537878e-03
1.072051453705110194e-02
6.317665156906182578e-01
1.496414921104889661e-02
8.746495550197427513e-03
1.154168278935889698e-02
9.185042670466336129e-03
8.765724590580649400e-03
8.949285885202952137e-03
7.347698114470742337e-02
7.740989096695795324e-02
8.976540900781041638e-03
8.925521945265730769e-03
8.745982907100253653e-03
2.152815602033954917e-02
6.671123749179386220e-02
8.763111092271770597e-03
9.340618210290994872e-03
9.891093929042078514e-01
8.745982885891437700e-03
1.262126707367566131e-02
8.745982674936435969e-03
9.939013472916697137e-03
8.745765610147405653e-03
9.180419395378161193e-03
9.571129539480669607e-03
5.704487675591677354e-01
1.040644305984961618e-02
4.138367530280038370e-02
9.860297179087286201e-01
1.138477484123090813e-02
2.599499888081695936e-02
9.257188587818272751e-03
9.812051874722312883e-01
9.224870477108135791e-01
8.702339957162706641e-02
5.413861812254193717e-01
9.851614977627037861e-01
9.180381718108197517e-03
1.297940675721757052e-02
9.361466904431247488e-03
2.361874887242751062e-02
8.763138775395173594e-03
9.785771449611230591e-03
8.918572428409005798e-03
9.584782733413241620e-03
8.906117412461618532e-03
8.907931362072256734e-03
4.259236450327531509e-01
3.031731312908312465e-02
1.189304136269520550e-02
8.751016190537148909e-03
9.354392787322073424e-03
9.898597063279306330e-01
1.781497026415249790e-02
9.918377515367183817e-01
9.386290968364362913e-03
1.116068109625175941e-01
7.032042736959107088e-02
9.847046521535577357e-01
8.751016114171707161e-03
8.989091729472230285e-03
9.654835021513137328e-01
