9.722984472569352610e-01
1.563374053864506619e-02
1.702104375501796787e-02
9.745722510881458245e-01
1.668073528665396307e-02
1.563374065690784770e-02
1.765486270823025602e-02
9.269949327837425646e-01
1.563236619170882760e-02
1.563413410107478141e-02
2.001891831847651265e-02
6.774476184345154528e-02
1.647158848112206114e-02
1.590102928748965416e-02
4.476867518007087571e-02
1.606869393361883697e-02
9.861403003392571476e-01
9.864308578950135020e-01
4.336823422148814444e-01
1.911510142737490522e-02
1.660901192115397940e-02
4.381053482916670294e-01
8.873435810214357344e-01
2.151269674347672592e-02
9.851209952166305461e-01
1.744385536954232152e-02
1.552091347009354645e-02
9.380497354542146615e-01
1.624748120988386488e-02
3.182038201514045817e-01
1.707418180198788313e-02
1.647157125063124228e-02
1.577927262305851841e-02
1.729002035235055121e-02
1.972627769745176340e-02
9.619238252496274955e-01
1.552091394961009618e-02
9.783718444730180597e-01
1.627937027055817096e-02
1.564299143196448694e-02
2.016349691616322812e-02
9.828192375331638031e-01
9.473406532707417949e-01
2.104981356638370438e-02
1.955809506731241015e-02
9.838481642610789057e-01
1.743046004181974043e-02
9.030434681612106718e-02
1.564503059221091993e-02
2.539847935693277312e-02
1.552091294638531863e-02
1.781526262572417918e-02
1.991425514435670244e-02
1.552091295228314252e-02
9.435680973210071043e-01
9.386637653028111483e-01
8.567586687245563049e-01
1.805817806978408935e-02
1.697386669509287280e-02
1.798488016373301496e-02
1.567359270911285185e-02
1.630067523416466393e-02
9.667545501825142162e-01
9.473536541010867396e-01
