6.718217286001313196e-03
6.433710841103666353e-03
6.804084073794965971e-03
4.355472395545679359e-02
9.675916461279302633e-03
7.200575513684011851e-03
9.934334742609572944e-01
6.778558629082717842e-03
6.751378765100091509e-03
9.917364962564159114e-01
6.357814523869597702e-03
9.943611849617474130e-01
6.130958205337418664e-03
6.443693902181013393e-03
9.613389388610137365e-01
6.147213945349366826e-03
9.929270994715417853e-01
9.859378220634110734e-01
6.020146191494075462e-03
6.655690710193994455e-03
9.769201043725319611e-01
6.391347837648975704e-03
6.366514542463488392e-03
9.470035363160018704e-01
6.264830577824171201e-03
6.905339580133537485e-03
6.020146191494426743e-03
6.290971909067616559e-03
6.225702310355664404e-03
6.429241732411014251e-03
4.573773006332621655e-02
9.936243446633367116e-01
7.056757423941263478e-03
7.341124730839861945e-01
4.256506844580607019e-02
9.925849451098699427e-01
6.770107260476898765e-03
2.286922294934844516e-02
6.187924190930871836e-03
2.090025531834906539e-02
9.912237642537606863e-01
1.088991193046380812e-01
9.777143537216979041e-01
6.020146192184784237e-03
1.651712120641881873e-02
1.856505145578127292e-01
9.409824006857514522e-01
7.081012176236807509e-02
6.609365874538702598e-03
2.450581359641225421e-02
3.692160795801493339e-02
6.272276019515384340e-03
7.849449730043636317e-03
2.081429941390701074e-02
9.939534503824255518e-01
4.574187371734303453e-02
9.778358442465009404e-01
6.020152214860896404e-03
9.152834472930337917e-01
6.112506447834116334e-03
8.034708109082694394e-01
9.732073787134646325e-01
3.754096485515665688e-02
6.610217604601714009e-03
