9.329904647691164010e-01
9.399734194028532691e-03
1.194723876055345420e-02
9.515592955553974289e-03
9.640089225399101416e-03
3.684990658075378289e-01
9.769431755655253458e-01
9.823399003216963798e-01
4.585316810113457958e-02
8.917594699550517381e-03
9.840438321449788625e-03
9.189978569414270632e-03
8.917594738571362964e-03
6.018739025682982163e-02
8.917594690459572371e-03
9.081244908805340479e-03
1.050065735780873338e-01
1.269676983587041813e-02
9.458682599505880209e-03
9.209622443129138192e-03
9.503446593155410668e-03
5.597724810664524153e-02
1.379715571995145974e-02
9.442352063617652155e-03
7.120757468189955475e-01
9.863610214736057147e-01
1.040637633946946139e-02
9.471282041410150621e-03
1.548523923159211141e-02
1.812059648750734275e-02
9.017008371395282551e-03
9.810119620797573825e-01
3.912921305428614799e-02
1.096172726226343590e-02
8.575761537127680745e-01
5.116014836735816029e-02
8.742092426657162019e-01
9.657979929543140107e-01
9.824891355347808997e-01
9.065867832823260031e-03
8.917603829461516474e-03
9.901453071013653906e-01
2.435040792657920394e-01
9.343855504113634386e-03
2.350103097078388714e-01
1.064063474473763912e-02
9.793527097212058052e-01
1.032891172706000560e-02
1.039262178111743234e-02
9.587426851913104509e-01
4.373516804762517252e-01
1.923263034020290460e-02
8.953580926989983951e-03
1.258463805731278862e-02
9.096643818015490157e-03
9.901121768460540151e-01
1.083092602889354494e-02
9.305592859975950759e-01
1.080549251832968460e-02
1.003652755798893799e-02
6.943401393611912109e-01
6.057545967176331675e-02
9.900521713319484496e-01
8.917595314145689012e-03
