9.873598947720241270e-01
4.017372504203529648e-01
1.311039589076464819e-02
8.215300402706938732e-01
5.169851878243360011e-01
7.770742168878621570e-01
1.165912546630484999e-02
1.624186366722729646e-01
9.202121244869999883e-03
9.850794563573923579e-01
2.683831440928723458e-02
9.181364875900791533e-01
8.891948475902381466e-01
9.321969947740483819e-01
9.202117356523263278e-03
9.212262646383253054e-03
3.723886009887855675e-02
1.004348831371712492e-02
1.190260509397505218e-01
1.482433508932121634e-02
2.334998794295927715e-01
9.730107236709551258e-03
9.202136758131388913e-03
9.202117356886092836e-03
9.867463439008641313e-01
9.204532259447738979e-03
9.202117398107745663e-03
9.697076959731723012e-01
9.814621782358133942e-03
9.335706235676090661e-03
2.785442467862171978e-01
1.091551052144647815e-01
1.040671614363128210e-02
9.904226101645871028e-01
9.189901922293814557e-03
9.967293780944927115e-03
9.337108645969769208e-03
9.748046930708706981e-01
9.202117356149067812e-03
9.946725407207913233e-03
9.768184769335119116e-03
8.241399415988753807e-01
8.740257900231979127e-01
7.343573346457460405e-01
2.516349200417006271e-01
9.901018731179438426e-01
1.141368229825365059e-02
1.005752864358985636e-02
9.866545882166785075e-01
7.296492840102988264e-01
8.468562079185979474e-01
9.832139926739268815e-03
9.811056009097991470e-01
1.017987279039688116e-02
9.218068603314902645e-03
9.915506068690176367e-01
2.204282633546928993e-01
1.051634353659550505e-02
9.394942839284785643e-03
9.202120901684164231e-03
9.448335707941379891e-01
1.134789781069340912e-02
9.202117356149067812e-03
7.169925090080061514e-01
