1.893232236032909785e-02
2.069647957922312112e-02
5.962685706137955260e-02
8.619538400287881652e-01
1.893231063534002445e-02
9.588325934810001394e-01
7.391267845695063121e-01
2.631480862352736719e-02
2.085822021155365677e-02
1.925222624764163018e-02
9.845598802431139163e-01
9.734896016805911767e-01
2.112210895498485910e-02
1.947374113826499942e-02
2.478224966904426022e-02
1.976441588737423358e-02
5.290637024524613707e-01
8.218605267872545195e-01
9.799717237813112547e-01
2.056138211651126549e-02
2.014623176578356906e-02
1.876790077553923755e-02
1.922721206061866681e-02
2.103523724848669132e-02
1.975540335414224108e-02
9.828154505884191261e-01
1.932505402865781000e-02
1.897778695762942364e-02
9.693083138957754308e-01
9.729469815527930221e-01
2.222358675238884224e-02
1.923891004568270210e-02
1.916632063259814459e-02
8.740802583032517559e-01
1.981988206043146933e-02
2.284888336950729321e-02
9.800051676852109539e-01
2.153208592542774080e-02
1.966557278715209967e-02
1.923905526132468555e-02
6.321646671940087669e-01
6.179611648147805836e-01
2.492800385955361991e-02
1.896949224361208636e-02
9.554252720119951192e-01
7.678368429160805642e-01
2.048090271324029890e-02
3.983522015627843915e-02
2.277947118967325879e-02
5.450526657431220556e-02
9.891205840904546132e-02
6.086061964769413635e-01
1.923906422970986588e-02
1.996775023283321737e-02
1.924573865144536475e-02
3.058510074415482852e-02
9.786786539433874887e-01
9.813309735095924191e-01
1.916069280424501087e-02
9.846266891361734608e-01
2.281263677477057480e-02
1.961918713945237994e-02
9.770079607977055769e-01
1.973529234197289942e-02
