4.052944058491524393e-01
9.997005901176758691e-01
9.999523311002532777e-01
9.976844198811140041e-01
9.999333898411999488e-01
9.808997926970924874e-01
6.049355605783302003e-01
9.999446531416257278e-01
9.906298958858169579e-01
9.999469389470106995e-01
3.345123407449612785e-01
4.469334392596217564e-01
3.233590565909877923e-01
3.025005601502203656e-01
3.233590579845547763e-01
4.032525625873413233e-01
9.993224630524313312e-01
9.189589726349213228e-01
3.609737606894455331e-01
9.998865615038519117e-01
3.326095461657186392e-01
3.486318897369466430e-01
9.389401653816973337e-01
3.486416950477549404e-01
3.415091854570574403e-01
3.249035495356777381e-01
4.552131117161388185e-01
9.064308618705217979e-01
5.027877011987624822e-01
3.602523405857894767e-01
3.545957832233596618e-01
9.950502951951385455e-01
3.043713989478883941e-01
3.468431116890617893e-01
7.349756342883387861e-01
9.941475929909590059e-01
3.193893455045356822e-01
8.754894449201867657e-01
3.959902320691745525e-01
9.996543276795564203e-01
3.932203087176494583e-01
3.216514222835509806e-01
9.990560243525004047e-01
9.968901636631766205e-01
3.609023384003656187e-01
3.955690888171988773e-01
9.637695041783835848e-01
9.999536370380762706e-01
3.501280484070497523e-01
3.849711119124646364e-01
4.022676043355843389e-01
3.291852366580452771e-01
3.791113411456349391e-01
4.018737524181587584e-01
4.053741083476375962e-01
3.526913643855478786e-01
3.097037148037048992e-01
3.469487058080430453e-01
3.281910571989557490e-01
3.299966263868830407e-01
9.980451211312802995e-01
3.791155473077406635e-01
3.791070212335024836e-01
3.711455273643275987e-01
