1.000000000000000000e+00
2.766210660819190110e-17
5.587242716238676445e-15
1.000000000000000000e+00
1.550795628620511661e-16
8.219584550745785708e-17
2.079290066240846352e-16
1.000000000000000000e+00
2.727305849103101162e-17
1.140477809357484868e-16
5.591579265484194313e-15
4.003010549870404070e-18
5.587242716273929061e-15
4.574049723596451548e-17
5.736728014351911480e-14
3.757640100286831639e-16
3.320898049245610828e-17
6.978010916309398427e-21
4.507509946458001062e-17
2.566203884207318723e-06
5.586315285726421465e-15
5.587240826344993936e-15
5.587242716238676445e-15
5.826324261266476606e-07
1.690706475268560653e-16
1.690706475268560653e-16
2.983995408480948377e-18
1.000000000000000000e+00
6.089191564276443478e-17
1.690706475305044730e-16
2.766210660818482600e-17
9.999999999999995559e-01
1.000000000000000000e+00
2.597512497763628856e-15
4.734207231720705624e-14
4.916118003486758047e-14
5.615535512047298283e-03
1.000000000000000000e+00
2.603531679246515580e-15
5.587055715350064614e-15
1.000000000000000000e+00
1.690706439461428306e-16
2.913434431447184173e-17
2.647429696399685119e-19
1.000000000000000000e+00
7.634990628692886398e-15
2.208195233151200574e-17
1.617577212245774838e-16
1.445153963527020676e-16
1.000000000000000000e+00
5.587242716243360701e-15
6.621270954342585887e-17
2.046828101995946116e-07
1.000000000000000000e+00
2.737396735715576975e-15
2.106415934343638748e-17
2.559359270533008043e-15
1.000000000000000000e+00
8.937920163021948472e-01
5.584757563383370089e-15
2.106416094983910043e-17
2.766211012719742212e-17
2.106416542909824790e-17
1.658964762041946988e-17
