8.338550773279740716e-03
7.742629874335443460e-03
8.972776039795920047e-03
9.873239645429233713e-01
7.329470736042631614e-03
7.721733351307454203e-03
2.811700729324620798e-02
8.834477637581879955e-03
7.359527418915155425e-03
7.899544770835910390e-03
9.851141832668608433e-01
7.966896168058653152e-03
8.467520913708289632e-01
9.487577724096947496e-02
2.832947777344655554e-02
6.389704800798785833e-02
2.717479272466599705e-02
7.329470745531137948e-03
9.782764193997737223e-01
9.441352375262820340e-01
8.042920558351884103e-03
7.336515594307780122e-03
8.657813841437898839e-03
9.729074514205600724e-03
7.494234588370581214e-03
7.786964609626312490e-03
1.918837806387531028e-02
8.977668132366015130e-03
7.358374559775117743e-03
9.922677556448453728e-01
7.675665260245469190e-03
1.259151142405513513e-01
7.329470800007708772e-03
1.609104446163886482e-02
1.132120784159818157e-02
1.150332505450665614e-02
8.481543310795112978e-03
1.487157007649609133e-02
9.735971834670492653e-01
9.751138527388109045e-01
4.429624161619788447e-02
7.322970648394063961e-03
9.878391721969826955e-01
7.462742593917613965e-01
8.108837820736430890e-03
7.329568459113469311e-03
1.349930937907622627e-02
9.804737554648502718e-01
6.069258961040736589e-01
8.218820599075417691e-03
8.310201899443784776e-03
7.498888484211354601e-03
4.010406021646393815e-01
6.993524484695057275e-02
8.821642130314602190e-03
7.358262626376329239e-03
7.498791567519640100e-03
7.519631490522191153e-03
7.742629874338835712e-03
1.176901632097025578e-02
9.982176713491290945e-03
9.861105829762866204e-01
7.759308831633585264e-03
1.212386470818407717e-02
2.456299404683623053e-02
7.643258595230008057e-01
7.808878220656876451e-03
7.911268689560239584e-03
8.399480653381561496e-03
7.808882210721128543e-03
2.744093471190451813e-02
4.694785414369831988e-01
8.557046466754442832e-03
8.399392267868443021e-03
8.229183698606650985e-03
9.856103273854577296e-01
8.975002400237751948e-03
8.439462316582185819e-03
8.401753889581720439e-03
8.338235575363147148e-03
8.595461663357083226e-03
8.349115163959660788e-03
5.137908366621564415e-02
9.766711455791157390e-03
7.970856753327619157e-03
8.369678169216597519e-03
8.145445815717794816e-03
9.913966099010965705e-01
8.399137025301400827e-03
8.128668643685664150e-03
3.358531010947578554e-01
1.181160425711223240e-02
8.348120563269376126e-03
2.402732978202328645e-02
8.458932386964281847e-01
7.839093111953302634e-03
9.675241001678408503e-01
9.913843441850541671e-01
8.092209101666879290e-03
7.956161571451871722e-03
8.625892229855729523e-03
5.073941127698992082e-01
9.983654515909094751e-03
8.302339425372562420e-03
2.586290850127686419e-02
9.926714162636359751e-01
8.225050800753771693e-03
2.420682619773162000e-02
8.842638303492304092e-03
9.893123086129760324e-01
5.501230486033857892e-01
8.887985024337033413e-03
7.808878193985869035e-03
9.892700970940694338e-01
8.998392084188492346e-01
8.197939554895991576e-03
9.564198158778481895e-01
8.949262675956767485e-03
9.685052089683425167e-03
9.863268517572331140e-01
7.933600272389842306e-03
1.076741857106446910e-02
7.816168501105259792e-03
8.036746972312628842e-03
9.749505082034152365e-03
1.016740925454530549e-02
7.846990666747896345e-03
8.105191678269289129e-03
8.864095621864477234e-03
9.390924956527537878e-03
1.072051453705110194e-02
6.317665156906182578e-01
1.496414921104889661e-02
8.746495550197427513e-03
1.154168278935889698e-02
9.185042670466336129e-03
8.765724590580649400e-03
8.949285885202952137e-03
7.347698114470742337e-02
7.740989096695795324e-02
8.976540900781041638e-03
8.925521945265730769e-03
8.745982907100253653e-03
2.152815602033954917e-02
6.671123749179386220e-02
8.763111092271770597e-03
9.340618210290994872e-03
9.891093929042078514e-01
8.745982885891437700e-03
1.262126707367566131e-02
8.745982674936435969e-03
9.939013472916697137e-03
8.745765610147405653e-03
9.180419395378161193e-03
9.571129539480669607e-03
5.704487675591677354e-01
1.040644305984961618e-02
4.138367530280038370e-02
9.860297179087286201e-01
1.138477484123090813e-02
2.599499888081695936e-02
9.257188587818272751e-03
9.812051874722312883e-01
9.224870477108135791e-01
8.702339957162706641e-02
5.413861812254193717e-01
9.851614977627037861e-01
9.180381718108197517e-03
1.297940675721757052e-02
9.361466904431247488e-03
2.361874887242751062e-02
8.763138775395173594e-03
9.785771449611230591e-03
8.918572428409005798e-03
9.584782733413241620e-03
8.906117412461618532e-03
8.907931362072256734e-03
4.259236450327531509e-01
3.031731312908312465e-02
1.189304136269520550e-02
8.751016190537148909e-03
9.354392787322073424e-03
9.898597063279306330e-01
1.781497026415249790e-02
9.918377515367183817e-01
9.386290968364362913e-03
1.116068109625175941e-01
7.032042736959107088e-02
9.847046521535577357e-01
8.751016114171707161e-03
8.989091729472230285e-03
9.654835021513137328e-01
9.722984472569352610e-01
1.563374053864506619e-02
1.702104375501796787e-02
9.745722510881458245e-01
1.668073528665396307e-02
1.563374065690784770e-02
1.765486270823025602e-02
9.269949327837425646e-01
1.563236619170882760e-02
1.563413410107478141e-02
2.001891831847651265e-02
6.774476184345154528e-02
1.647158848112206114e-02
1.590102928748965416e-02
4.476867518007087571e-02
1.606869393361883697e-02
9.861403003392571476e-01
9.864308578950135020e-01
4.336823422148814444e-01
1.911510142737490522e-02
1.660901192115397940e-02
4.381053482916670294e-01
8.873435810214357344e-01
2.151269674347672592e-02
9.851209952166305461e-01
1.744385536954232152e-02
1.552091347009354645e-02
9.380497354542146615e-01
1.624748120988386488e-02
3.182038201514045817e-01
1.707418180198788313e-02
1.647157125063124228e-02
1.577927262305851841e-02
1.729002035235055121e-02
1.972627769745176340e-02
9.619238252496274955e-01
1.552091394961009618e-02
9.783718444730180597e-01
1.627937027055817096e-02
1.564299143196448694e-02
2.016349691616322812e-02
9.828192375331638031e-01
9.473406532707417949e-01
2.104981356638370438e-02
1.955809506731241015e-02
9.838481642610789057e-01
1.743046004181974043e-02
9.030434681612106718e-02
1.564503059221091993e-02
2.539847935693277312e-02
1.552091294638531863e-02
1.781526262572417918e-02
1.991425514435670244e-02
1.552091295228314252e-02
9.435680973210071043e-01
9.386637653028111483e-01
8.567586687245563049e-01
1.805817806978408935e-02
1.697386669509287280e-02
1.798488016373301496e-02
1.567359270911285185e-02
1.630067523416466393e-02
9.667545501825142162e-01
9.473536541010867396e-01
6.718217286001313196e-03
6.433710841103666353e-03
6.804084073794965971e-03
4.355472395545679359e-02
9.675916461279302633e-03
7.200575513684011851e-03
9.934334742609572944e-01
6.778558629082717842e-03
6.751378765100091509e-03
9.917364962564159114e-01
6.357814523869597702e-03
9.943611849617474130e-01
6.130958205337418664e-03
6.443693902181013393e-03
9.613389388610137365e-01
6.147213945349366826e-03
9.929270994715417853e-01
9.859378220634110734e-01
6.020146191494075462e-03
6.655690710193994455e-03
9.769201043725319611e-01
6.391347837648975704e-03
6.366514542463488392e-03
9.470035363160018704e-01
6.264830577824171201e-03
6.905339580133537485e-03
6.020146191494426743e-03
6.290971909067616559e-03
6.225702310355664404e-03
6.429241732411014251e-03
4.573773006332621655e-02
9.936243446633367116e-01
7.056757423941263478e-03
7.341124730839861945e-01
4.256506844580607019e-02
9.925849451098699427e-01
6.770107260476898765e-03
2.286922294934844516e-02
6.187924190930871836e-03
2.090025531834906539e-02
9.912237642537606863e-01
1.088991193046380812e-01
9.777143537216979041e-01
6.020146192184784237e-03
1.651712120641881873e-02
1.856505145578127292e-01
9.409824006857514522e-01
7.081012176236807509e-02
6.609365874538702598e-03
2.450581359641225421e-02
3.692160795801493339e-02
6.272276019515384340e-03
7.849449730043636317e-03
2.081429941390701074e-02
9.939534503824255518e-01
4.574187371734303453e-02
9.778358442465009404e-01
6.020152214860896404e-03
9.152834472930337917e-01
6.112506447834116334e-03
8.034708109082694394e-01
9.732073787134646325e-01
3.754096485515665688e-02
6.610217604601714009e-03
9.329904647691164010e-01
9.399734194028532691e-03
1.194723876055345420e-02
9.515592955553974289e-03
9.640089225399101416e-03
3.684990658075378289e-01
9.769431755655253458e-01
9.823399003216963798e-01
4.585316810113457958e-02
8.917594699550517381e-03
9.840438321449788625e-03
9.189978569414270632e-03
8.917594738571362964e-03
6.018739025682982163e-02
8.917594690459572371e-03
9.081244908805340479e-03
1.050065735780873338e-01
1.269676983587041813e-02
9.458682599505880209e-03
9.209622443129138192e-03
9.503446593155410668e-03
5.597724810664524153e-02
1.379715571995145974e-02
9.442352063617652155e-03
7.120757468189955475e-01
9.863610214736057147e-01
1.040637633946946139e-02
9.471282041410150621e-03
1.548523923159211141e-02
1.812059648750734275e-02
9.017008371395282551e-03
9.810119620797573825e-01
3.912921305428614799e-02
1.096172726226343590e-02
8.575761537127680745e-01
5.116014836735816029e-02
8.742092426657162019e-01
9.657979929543140107e-01
9.824891355347808997e-01
9.065867832823260031e-03
8.917603829461516474e-03
9.901453071013653906e-01
2.435040792657920394e-01
9.343855504113634386e-03
2.350103097078388714e-01
1.064063474473763912e-02
9.793527097212058052e-01
1.032891172706000560e-02
1.039262178111743234e-02
9.587426851913104509e-01
4.373516804762517252e-01
1.923263034020290460e-02
8.953580926989983951e-03
1.258463805731278862e-02
9.096643818015490157e-03
9.901121768460540151e-01
1.083092602889354494e-02
9.305592859975950759e-01
1.080549251832968460e-02
1.003652755798893799e-02
6.943401393611912109e-01
6.057545967176331675e-02
9.900521713319484496e-01
8.917595314145689012e-03
9.873598947720241270e-01
4.017372504203529648e-01
1.311039589076464819e-02
8.215300402706938732e-01
5.169851878243360011e-01
7.770742168878621570e-01
1.165912546630484999e-02
1.624186366722729646e-01
9.202121244869999883e-03
9.850794563573923579e-01
2.683831440928723458e-02
9.181364875900791533e-01
8.891948475902381466e-01
9.321969947740483819e-01
9.202117356523263278e-03
9.212262646383253054e-03
3.723886009887855675e-02
1.004348831371712492e-02
1.190260509397505218e-01
1.482433508932121634e-02
2.334998794295927715e-01
9.730107236709551258e-03
9.202136758131388913e-03
9.202117356886092836e-03
9.867463439008641313e-01
9.204532259447738979e-03
9.202117398107745663e-03
9.697076959731723012e-01
9.814621782358133942e-03
9.335706235676090661e-03
2.785442467862171978e-01
1.091551052144647815e-01
1.040671614363128210e-02
9.904226101645871028e-01
9.189901922293814557e-03
9.967293780944927115e-03
9.337108645969769208e-03
9.748046930708706981e-01
9.202117356149067812e-03
9.946725407207913233e-03
9.768184769335119116e-03
8.241399415988753807e-01
8.740257900231979127e-01
7.343573346457460405e-01
2.516349200417006271e-01
9.901018731179438426e-01
1.141368229825365059e-02
1.005752864358985636e-02
9.866545882166785075e-01
7.296492840102988264e-01
8.468562079185979474e-01
9.832139926739268815e-03
9.811056009097991470e-01
1.017987279039688116e-02
9.218068603314902645e-03
9.915506068690176367e-01
2.204282633546928993e-01
1.051634353659550505e-02
9.394942839284785643e-03
9.202120901684164231e-03
9.448335707941379891e-01
1.134789781069340912e-02
9.202117356149067812e-03
7.169925090080061514e-01
1.893232236032909785e-02
2.069647957922312112e-02
5.962685706137955260e-02
8.619538400287881652e-01
1.893231063534002445e-02
9.588325934810001394e-01
7.391267845695063121e-01
2.631480862352736719e-02
2.085822021155365677e-02
1.925222624764163018e-02
9.845598802431139163e-01
9.734896016805911767e-01
2.112210895498485910e-02
1.947374113826499942e-02
2.478224966904426022e-02
1.976441588737423358e-02
5.290637024524613707e-01
8.218605267872545195e-01
9.799717237813112547e-01
2.056138211651126549e-02
2.014623176578356906e-02
1.876790077553923755e-02
1.922721206061866681e-02
2.103523724848669132e-02
1.975540335414224108e-02
9.828154505884191261e-01
1.932505402865781000e-02
1.897778695762942364e-02
9.693083138957754308e-01
9.729469815527930221e-01
2.222358675238884224e-02
1.923891004568270210e-02
1.916632063259814459e-02
8.740802583032517559e-01
1.981988206043146933e-02
2.284888336950729321e-02
9.800051676852109539e-01
2.153208592542774080e-02
1.966557278715209967e-02
1.923905526132468555e-02
6.321646671940087669e-01
6.179611648147805836e-01
2.492800385955361991e-02
1.896949224361208636e-02
9.554252720119951192e-01
7.678368429160805642e-01
2.048090271324029890e-02
3.983522015627843915e-02
2.277947118967325879e-02
5.450526657431220556e-02
9.891205840904546132e-02
6.086061964769413635e-01
1.923906422970986588e-02
1.996775023283321737e-02
1.924573865144536475e-02
3.058510074415482852e-02
9.786786539433874887e-01
9.813309735095924191e-01
1.916069280424501087e-02
9.846266891361734608e-01
2.281263677477057480e-02
1.961918713945237994e-02
9.770079607977055769e-01
1.973529234197289942e-02
4.052944058491524393e-01
9.997005901176758691e-01
9.999523311002532777e-01
9.976844198811140041e-01
9.999333898411999488e-01
9.808997926970924874e-01
6.049355605783302003e-01
9.999446531416257278e-01
9.906298958858169579e-01
9.999469389470106995e-01
3.345123407449612785e-01
4.469334392596217564e-01
3.233590565909877923e-01
3.025005601502203656e-01
3.233590579845547763e-01
4.032525625873413233e-01
9.993224630524313312e-01
9.189589726349213228e-01
3.609737606894455331e-01
9.998865615038519117e-01
3.326095461657186392e-01
3.486318897369466430e-01
9.389401653816973337e-01
3.486416950477549404e-01
3.415091854570574403e-01
3.249035495356777381e-01
4.552131117161388185e-01
9.064308618705217979e-01
5.027877011987624822e-01
3.602523405857894767e-01
3.545957832233596618e-01
9.950502951951385455e-01
3.043713989478883941e-01
3.468431116890617893e-01
7.349756342883387861e-01
9.941475929909590059e-01
3.193893455045356822e-01
8.754894449201867657e-01
3.959902320691745525e-01
9.996543276795564203e-01
3.932203087176494583e-01
3.216514222835509806e-01
9.990560243525004047e-01
9.968901636631766205e-01
3.609023384003656187e-01
3.955690888171988773e-01
9.637695041783835848e-01
9.999536370380762706e-01
3.501280484070497523e-01
3.849711119124646364e-01
4.022676043355843389e-01
3.291852366580452771e-01
3.791113411456349391e-01
4.018737524181587584e-01
4.053741083476375962e-01
3.526913643855478786e-01
3.097037148037048992e-01
3.469487058080430453e-01
3.281910571989557490e-01
3.299966263868830407e-01
9.980451211312802995e-01
3.791155473077406635e-01
3.791070212335024836e-01
3.711455273643275987e-01
1.000000000000000000e+00
2.766210660819190110e-17
5.587242716238676445e-15
1.000000000000000000e+00
1.550795628620511661e-16
8.219584550745785708e-17
2.079290066240846352e-16
1.000000000000000000e+00
2.727305849103101162e-17
1.140477809357484868e-16
5.591579265484194313e-15
4.003010549870404070e-18
5.587242716273929061e-15
4.574049723596451548e-17
5.736728014351911480e-14
3.757640100286831639e-16
3.320898049245610828e-17
6.978010916309398427e-21
4.507509946458001062e-17
2.566203884207318723e-06
5.586315285726421465e-15
5.587240826344993936e-15
5.587242716238676445e-15
5.826324261266476606e-07
1.690706475268560653e-16
1.690706475268560653e-16
2.983995408480948377e-18
1.000000000000000000e+00
6.089191564276443478e-17
1.690706475305044730e-16
2.766210660818482600e-17
9.999999999999995559e-01
1.000000000000000000e+00
2.597512497763628856e-15
4.734207231720705624e-14
4.916118003486758047e-14
5.615535512047298283e-03
1.000000000000000000e+00
2.603531679246515580e-15
5.587055715350064614e-15
1.000000000000000000e+00
1.690706439461428306e-16
2.913434431447184173e-17
2.647429696399685119e-19
1.000000000000000000e+00
7.634990628692886398e-15
2.208195233151200574e-17
1.617577212245774838e-16
1.445153963527020676e-16
1.000000000000000000e+00
5.587242716243360701e-15
6.621270954342585887e-17
2.046828101995946116e-07
1.000000000000000000e+00
2.737396735715576975e-15
2.106415934343638748e-17
2.559359270533008043e-15
1.000000000000000000e+00
8.937920163021948472e-01
5.584757563383370089e-15
2.106416094983910043e-17
2.766211012719742212e-17
2.106416542909824790e-17
1.658964762041946988e-17
