4.767560286202558451e-01
4.875841592082168496e-01
4.833433893780696988e-01
7.063399727268577788e-01
4.826733793103144543e-01
4.796570658241129381e-01
5.124805972202891580e-01
4.814938919460450828e-01
4.871462706280634269e-01
4.948083098236406019e-01
7.338564559886386895e-01
4.821712187056486076e-01
7.167014039330429354e-01
5.463453226910891525e-01
5.014568363278658625e-01
5.172662794629049321e-01
5.180553788582209496e-01
4.875427770973025932e-01
7.406002589614163467e-01
6.821849135328585945e-01
4.847421096333625057e-01
4.881509909687961613e-01
4.809548703675175507e-01
4.971259798855898193e-01
4.826717531860946764e-01
5.078446713358560904e-01
4.832182340552778621e-01
5.174673607942754661e-01
4.861116714592264576e-01
7.163545461544987836e-01
4.894561451123875528e-01
5.335523022551045269e-01
4.847497434554846607e-01
4.846071312713958745e-01
4.900093099816080766e-01
5.171725742894986988e-01
4.989380449693511244e-01
4.799026484135940906e-01
7.090129188761826740e-01
7.391899153439440706e-01
5.440049036118208559e-01
4.866245743503051502e-01
7.270808944595757994e-01
6.741533579756293637e-01
4.841305051098854784e-01
4.848198144066347415e-01
4.967492930611424051e-01
7.304159512803608534e-01
6.518979651264854569e-01
4.870608875310245556e-01
4.911101100186275326e-01
4.903875391864038757e-01
6.649193869102217880e-01
5.224194919639487678e-01
4.796070805139638349e-01
4.796273985436279030e-01
4.830156159862900589e-01
4.880571358916725444e-01
4.849218683554513132e-01
4.853681246297549823e-01
4.678045942698009219e-01
7.198338018956892403e-01
4.914912522236940529e-01
5.047526434316366162e-01
