4.934107679620001186e-01
6.385683062125281362e-01
4.807077859806162534e-01
4.849217343619042775e-01
4.807000699741093008e-01
4.763422666960260843e-01
5.349686872938518301e-01
6.044984833090509824e-01
4.845945325262077108e-01
4.820110938990679883e-01
4.807183920840458202e-01
7.203381751641685371e-01
4.774324465525796590e-01
4.651676961157347745e-01
4.730211868861233238e-01
4.827965654973788712e-01
4.903789379457663689e-01
4.778827287754717212e-01
5.387519102094164847e-01
4.723327157266496434e-01
4.798186025866570392e-01
4.763322980845791643e-01
4.959136310501716660e-01
7.309468290091900577e-01
4.763047816945525370e-01
4.763176320711752232e-01
5.623682178793869557e-01
4.922269755564131488e-01
4.715569327535879540e-01
5.238754886406725708e-01
6.831854779683579348e-01
4.816196149389447845e-01
7.095042750039698420e-01
7.175074592211780899e-01
4.730918340308059022e-01
4.763047815797609719e-01
4.818819390485959975e-01
6.810988876864351171e-01
4.883641644458883158e-01
4.795554191149725698e-01
5.053465295971433235e-01
7.314367006336600641e-01
4.736231237202307431e-01
4.994245834037134846e-01
4.779680165920308088e-01
7.477471964276490857e-01
6.292656437607240250e-01
4.856011423436634722e-01
4.800938731801779880e-01
7.425035228291728684e-01
6.864173957171840756e-01
4.763496711876203937e-01
7.408111561185392047e-01
4.754166802141369663e-01
4.704223547105405023e-01
7.172879444245937597e-01
4.813965912097465938e-01
4.889126477386093184e-01
4.813971050157623832e-01
4.826040970483309600e-01
4.597401596911637189e-01
4.824225710263355671e-01
4.732876114293542158e-01
4.733867239900037549e-01
