4.675608209705717777e-01
4.753705563088878594e-01
4.723565547450145896e-01
6.468063975409544808e-01
4.810805365097943209e-01
4.718982659063996610e-01
4.760409632220838350e-01
4.677622731865049843e-01
4.658003638349364484e-01
4.682339649099521162e-01
5.434887845147253760e-01
5.655162241822462299e-01
4.689684443163466554e-01
4.756837339368452655e-01
4.716931749007289842e-01
5.111003559569904375e-01
5.332757279176648657e-01
4.719694608495991761e-01
4.729616521686401676e-01
7.216794215766174636e-01
4.675688438003722247e-01
4.716714368991385964e-01
4.675609279454225331e-01
4.708414198520832761e-01
4.719540235614066992e-01
4.719542180202215831e-01
4.708345484101972289e-01
6.354869290603913923e-01
4.720407479710493348e-01
5.208889597789785331e-01
7.434488710059805605e-01
4.841821151294538605e-01
5.177664733670096497e-01
4.646454241869396040e-01
7.346997758803928136e-01
7.221990179314505820e-01
5.028271297222633995e-01
5.942691134563129474e-01
7.569971524601220025e-01
4.729507954179425488e-01
4.769791728347910764e-01
4.719198440433072239e-01
5.304809071278294708e-01
4.719501689523940002e-01
4.773346929042084352e-01
4.646481858199904003e-01
4.704980712520847597e-01
4.728877277946204050e-01
4.765550528513805006e-01
6.045113823790196905e-01
5.072713514068152296e-01
4.681280768230514089e-01
4.609557171084480709e-01
4.714508403482275956e-01
7.593934983987833398e-01
4.888145533625962158e-01
7.382101448391247267e-01
4.765735966020974157e-01
5.194182698179519164e-01
5.456621632593126048e-01
7.491525548210168362e-01
4.675608202521991941e-01
4.659293023704620951e-01
7.057929945040365416e-01
