7.116466783032786569e-01
4.943146867535826439e-01
4.888620622823554585e-01
7.210349598333616328e-01
4.894571270119500994e-01
4.987054907255144554e-01
4.952525598970601850e-01
6.915015336147501968e-01
4.934889690757905956e-01
4.986977399040994352e-01
4.946899313221158612e-01
5.409911335125906495e-01
4.891360677499937970e-01
4.930109600043858231e-01
5.165198613528889648e-01
4.943012337527921130e-01
7.182170272961926338e-01
7.425042722602083201e-01
6.263606732356284956e-01
5.172447456704707403e-01
4.891807426625830457e-01
6.153018235610004938e-01
6.825390904074736254e-01
4.994044872828459214e-01
7.301532509831549778e-01
4.856993195245938866e-01
4.862068629336072090e-01
6.680927154960110137e-01
5.083475474424206109e-01
5.707538831202737528e-01
4.935293455544685903e-01
4.891034032364421913e-01
4.952156222449133893e-01
5.070137615219841853e-01
5.023070551057322586e-01
7.296239988753006056e-01
4.938536388239642694e-01
7.408056835794748496e-01
4.963516014479603111e-01
4.943200771761379064e-01
5.177794137973822375e-01
7.008010234115513715e-01
6.910262346380732223e-01
5.007794660201146941e-01
5.042944276580428875e-01
7.394063767754172067e-01
4.967136569706771532e-01
5.380116756671111666e-01
4.891053601528336792e-01
5.298953669221868612e-01
4.903048174103800116e-01
4.797679345686695074e-01
4.869385297360017129e-01
4.938751591933095431e-01
6.880456034907017626e-01
7.160948624374627869e-01
6.966869936194112212e-01
5.053275073413758811e-01
4.943963490526578353e-01
4.980431661867860127e-01
4.881456970289928532e-01
5.031456393575792774e-01
7.386718176198552310e-01
7.378007703500122361e-01
