4.584911995611686275e-01
4.709831273240615013e-01
4.685660557502702717e-01
5.300328773790905501e-01
4.739601579560295819e-01
4.849000531971447980e-01
7.281218297858218502e-01
4.692868568623225767e-01
4.676588302565385935e-01
7.534434739382225299e-01
4.692158493881741776e-01
7.520409191256097747e-01
4.637802356032766915e-01
4.544175906623140193e-01
7.368923676546661472e-01
4.613057780024646948e-01
7.386310381628897748e-01
7.411999850129512568e-01
4.745283579805689156e-01
4.693463957795328545e-01
6.991337775999872939e-01
4.637182506469181842e-01
4.689226815463817810e-01
7.278708874368984283e-01
4.640207033345890020e-01
4.859425343502959960e-01
4.639678496705244015e-01
4.681182791999782822e-01
4.736127846292321197e-01
4.596019690784629019e-01
5.601512271942042931e-01
7.572949400708330892e-01
4.751651533315932041e-01
6.291640625584895563e-01
5.081065109165713300e-01
7.294420065561978417e-01
4.764294119326843990e-01
5.250566873970277104e-01
4.679807499267607529e-01
5.044146557417917842e-01
7.402174966063639339e-01
5.740029409582756426e-01
7.068446377078014820e-01
4.692164595611549305e-01
4.953303831002655588e-01
5.585490367260992350e-01
6.703202308293988443e-01
5.586915634357656479e-01
4.634014873659834666e-01
5.113698347479327388e-01
5.007998805780496943e-01
4.677918339772114686e-01
4.678496944566578053e-01
4.920637275269821309e-01
7.433569217235134197e-01
5.183170338945447542e-01
7.440885408642087251e-01
4.692170396662356802e-01
6.917726232536914877e-01
4.721676536402836244e-01
6.731080609443760299e-01
7.417310619029656715e-01
5.224786851387512865e-01
4.763476706377997583e-01
