7.250897368552235989e-01
4.769623956270088727e-01
4.632801208298187312e-01
4.985253900242628822e-01
4.816177794466997564e-01
5.592982385332043727e-01
7.236821496228670325e-01
7.504380039516267420e-01
5.503465745153922617e-01
4.851513229581801423e-01
4.989548690437826672e-01
4.826586912915022398e-01
4.881102305152179022e-01
5.208008452334711436e-01
4.829481997408733851e-01
4.839532611516496607e-01
5.178657593393259928e-01
4.964767427439862879e-01
4.789742099827924426e-01
4.774524371971732295e-01
4.844381278256111312e-01
5.585367271959289504e-01
5.010408120574588731e-01
4.769605759271724477e-01
6.397404595185007814e-01
7.322217143802738359e-01
4.828178620626035755e-01
4.789742582460813081e-01
4.950841812213507276e-01
4.936869814961920566e-01
4.838947025611700092e-01
6.914946371820468451e-01
5.343624664666311030e-01
4.908967807279395190e-01
7.014856052488546156e-01
5.494190332904368423e-01
6.667193136473403836e-01
7.019653448854743516e-01
7.205437443772528816e-01
4.885970596805350730e-01
4.799757202081924579e-01
7.294948392740870924e-01
6.069913073043826657e-01
4.799530598157896732e-01
6.288576385705993976e-01
5.141366476030807542e-01
7.240787489802613663e-01
5.007833259347591603e-01
4.802348924613809023e-01
7.394011760482134266e-01
6.077335293747154754e-01
5.157103462660469484e-01
4.841199092653056812e-01
5.001998453053948523e-01
4.849988899450151103e-01
7.296715880423664258e-01
4.798743822373313095e-01
7.252070289451955087e-01
4.931684303372246836e-01
4.832888436210555083e-01
7.127007368480979821e-01
5.332035165271855615e-01
7.417941239143369669e-01
4.805539038716263311e-01
