7.088123565228339196e-01
6.196577130340364947e-01
4.914510942251902326e-01
6.427970010038347448e-01
6.296047194735876484e-01
6.773620831900023509e-01
4.903262011165069878e-01
5.319914532165572751e-01
4.995157146282130367e-01
7.387991248128422672e-01
5.148445868182478513e-01
6.977244123663275399e-01
6.615423433429016287e-01
7.103353784795851666e-01
4.972089262034875001e-01
4.945115191515957465e-01
5.072846626086623401e-01
4.898737947230208389e-01
5.380956511191405944e-01
5.057134542980391556e-01
6.029418324324126166e-01
4.898053292038949680e-01
4.903976168429444726e-01
4.974383729153738498e-01
7.130749468109208733e-01
4.939664977550260461e-01
4.945641070553842833e-01
7.342801382862667037e-01
4.898056312677864232e-01
4.898527831573828983e-01
6.214963053635673695e-01
5.442419821967521276e-01
4.938265544073054403e-01
7.307474411938046366e-01
4.963987975675266950e-01
4.905960355166045228e-01
4.949461902664079593e-01
7.138767373865479993e-01
4.939522288650710080e-01
4.928529623612258326e-01
4.898054268439365755e-01
7.035581298783120108e-01
6.541333412472756237e-01
6.510673920304562712e-01
5.993715081131832934e-01
7.047894549481783510e-01
4.999187400053775598e-01
4.949845937943962992e-01
7.108260136421502562e-01
6.592896123148233034e-01
6.516517369943449767e-01
4.945401740449977268e-01
7.416187287196278621e-01
4.939762918259633095e-01
4.977558703326229184e-01
7.285417422646935925e-01
6.144937834430116430e-01
5.003175146326384048e-01
4.882670334180688188e-01
4.937633235694899314e-01
7.203189533928125998e-01
5.074768763653282333e-01
4.913503444642438600e-01
6.283857309832296956e-01
