5.003259409462375018e-01
4.988545815365371117e-01
5.389802881552921976e-01
6.602930658759741389e-01
4.959778114423168960e-01
7.106604486360382777e-01
6.683871799086212873e-01
5.169940057659049293e-01
4.956657515673562608e-01
5.069816474384986060e-01
7.119017530108165959e-01
7.273165694353239674e-01
4.979267473989102410e-01
4.963184420730398783e-01
4.955821539742577553e-01
4.974530070862798747e-01
6.307374863901755724e-01
6.690477252270938813e-01
7.438876166643315635e-01
5.001211953335236160e-01
5.187084157849023436e-01
4.989085086131777591e-01
4.996217737158969996e-01
5.070726760374013597e-01
4.843559317976457446e-01
7.270255658074933347e-01
4.959023205797027933e-01
5.021284445561450260e-01
7.105303364740014338e-01
7.034397336738535955e-01
4.954965181735819235e-01
5.002085461949096201e-01
4.933396141851706940e-01
7.212251576729049596e-01
5.032945194043511039e-01
5.119151641892089044e-01
7.178878114909539310e-01
4.933395282312638686e-01
5.069679323942412053e-01
4.960141734903881217e-01
6.511730155162633871e-01
6.396723694906016888e-01
5.099942042333041048e-01
5.003159933270896476e-01
6.720756493422755939e-01
6.530305005291623388e-01
4.973310285306935530e-01
5.172693369130831886e-01
4.960601266034376788e-01
5.187965861061141215e-01
5.265329080271251572e-01
6.301353382653007706e-01
5.042120933593553511e-01
5.004433329700713751e-01
5.011587935956569595e-01
5.221678426410086837e-01
7.191879900729815089e-01
7.350350053715783982e-01
5.003255242419566429e-01
7.203180942425561062e-01
4.949325141711872766e-01
4.985467610542386740e-01
7.248714568019873905e-01
4.933424915955976764e-01
