6.985515185630564172e-01
8.822874573616704685e-01
8.768329101155932781e-01
8.318213726632449623e-01
8.789959156462630041e-01
8.316360994721976319e-01
7.306383606986789347e-01
8.693004540919515577e-01
8.711726043988373691e-01
8.680536155378523189e-01
6.797210143104437385e-01
6.754658660159983397e-01
6.914721483190799933e-01
6.891234785573382426e-01
6.832121940671473936e-01
6.931882076236659529e-01
8.653488373807740608e-01
7.353924540433527390e-01
6.855695891889268534e-01
8.953513730203462861e-01
6.814883697696313414e-01
6.953964763075598521e-01
7.757821023012538841e-01
6.867294176356152358e-01
6.884000881544315442e-01
6.877499287237578418e-01
6.807928756060142028e-01
7.659287807854524566e-01
7.508302089266416512e-01
7.147683446147442554e-01
6.814880779514284059e-01
8.617296243153854673e-01
6.940307678637619437e-01
6.882894589714155797e-01
7.125375573664431972e-01
8.396548025107012370e-01
6.927695887437076427e-01
7.399018344156379490e-01
6.704349852893098927e-01
8.797892001734634038e-01
6.988793103513237792e-01
6.815879616343888392e-01
8.762226800315926489e-01
8.147911357471577798e-01
6.680331393547468410e-01
6.814881127434220254e-01
8.150860215588403568e-01
8.813155239182240974e-01
6.855509312328808003e-01
6.842483709259166158e-01
7.125072676835233487e-01
7.070368263890687288e-01
6.800511570698514197e-01
6.832125942243363337e-01
6.843017844968252161e-01
6.921434958289548467e-01
6.866403082376620892e-01
6.883678092776461810e-01
6.884000821617510812e-01
6.875979722276867045e-01
7.888560795280702420e-01
6.881258361372971644e-01
6.884019115507487019e-01
7.043518637001680016e-01
