8.163146044223575926e-01
6.173023046825936166e-01
6.071618059627055253e-01
8.296578817185530363e-01
6.659429285740985360e-01
6.004578120225503302e-01
6.106668652900395511e-01
8.361910376301272541e-01
6.048074494937946133e-01
6.627934822358300115e-01
6.004600242576471070e-01
6.629771180882447768e-01
6.035590536063827338e-01
6.151927436922555170e-01
6.081624458882760598e-01
6.051545004942111561e-01
6.068770395832737696e-01
6.671203925883566477e-01
6.173565640725856563e-01
6.731690067483724338e-01
6.114616204343117367e-01
6.104299983517880168e-01
6.004578826774942257e-01
7.229744842637045865e-01
6.072330982235912833e-01
6.072292447399895154e-01
6.302794820527038988e-01
8.295553293033871567e-01
6.161329432065562051e-01
5.981828941425307855e-01
6.039934615196448364e-01
6.984269913248462025e-01
8.027267244062573637e-01
6.004578858631488547e-01
6.019081177546239392e-01
6.180063004908491475e-01
7.020491841402825006e-01
7.993476951060706215e-01
6.045094535556694293e-01
6.004570057012325046e-01
8.000573493633592603e-01
6.072347882638288175e-01
6.344149767723457067e-01
6.360916579592484910e-01
7.989884715861856890e-01
6.090196774678764413e-01
6.105824876404872814e-01
6.004768129947593014e-01
6.096163962074034881e-01
7.983627055182996868e-01
6.096963909989095987e-01
6.055148517198989389e-01
6.570631199334578953e-01
8.123819650467002385e-01
6.085556981454197656e-01
6.135752130542169169e-01
6.026466500655810465e-01
8.329610766294839319e-01
7.911009401252167006e-01
6.043946892738708554e-01
6.105584826291680089e-01
6.007736949051118991e-01
6.075595640561778366e-01
6.240583618578670055e-01
8.399539981001279410e-01
