4.767560286202558451e-01
4.875841592082168496e-01
4.833433893780696988e-01
7.063399727268577788e-01
4.826733793103144543e-01
4.796570658241129381e-01
5.124805972202891580e-01
4.814938919460450828e-01
4.871462706280634269e-01
4.948083098236406019e-01
7.338564559886386895e-01
4.821712187056486076e-01
7.167014039330429354e-01
5.463453226910891525e-01
5.014568363278658625e-01
5.172662794629049321e-01
5.180553788582209496e-01
4.875427770973025932e-01
7.406002589614163467e-01
6.821849135328585945e-01
4.847421096333625057e-01
4.881509909687961613e-01
4.809548703675175507e-01
4.971259798855898193e-01
4.826717531860946764e-01
5.078446713358560904e-01
4.832182340552778621e-01
5.174673607942754661e-01
4.861116714592264576e-01
7.163545461544987836e-01
4.894561451123875528e-01
5.335523022551045269e-01
4.847497434554846607e-01
4.846071312713958745e-01
4.900093099816080766e-01
5.171725742894986988e-01
4.989380449693511244e-01
4.799026484135940906e-01
7.090129188761826740e-01
7.391899153439440706e-01
5.440049036118208559e-01
4.866245743503051502e-01
7.270808944595757994e-01
6.741533579756293637e-01
4.841305051098854784e-01
4.848198144066347415e-01
4.967492930611424051e-01
7.304159512803608534e-01
6.518979651264854569e-01
4.870608875310245556e-01
4.911101100186275326e-01
4.903875391864038757e-01
6.649193869102217880e-01
5.224194919639487678e-01
4.796070805139638349e-01
4.796273985436279030e-01
4.830156159862900589e-01
4.880571358916725444e-01
4.849218683554513132e-01
4.853681246297549823e-01
4.678045942698009219e-01
7.198338018956892403e-01
4.914912522236940529e-01
5.047526434316366162e-01
4.934107679620001186e-01
6.385683062125281362e-01
4.807077859806162534e-01
4.849217343619042775e-01
4.807000699741093008e-01
4.763422666960260843e-01
5.349686872938518301e-01
6.044984833090509824e-01
4.845945325262077108e-01
4.820110938990679883e-01
4.807183920840458202e-01
7.203381751641685371e-01
4.774324465525796590e-01
4.651676961157347745e-01
4.730211868861233238e-01
4.827965654973788712e-01
4.903789379457663689e-01
4.778827287754717212e-01
5.387519102094164847e-01
4.723327157266496434e-01
4.798186025866570392e-01
4.763322980845791643e-01
4.959136310501716660e-01
7.309468290091900577e-01
4.763047816945525370e-01
4.763176320711752232e-01
5.623682178793869557e-01
4.922269755564131488e-01
4.715569327535879540e-01
5.238754886406725708e-01
6.831854779683579348e-01
4.816196149389447845e-01
7.095042750039698420e-01
7.175074592211780899e-01
4.730918340308059022e-01
4.763047815797609719e-01
4.818819390485959975e-01
6.810988876864351171e-01
4.883641644458883158e-01
4.795554191149725698e-01
5.053465295971433235e-01
7.314367006336600641e-01
4.736231237202307431e-01
4.994245834037134846e-01
4.779680165920308088e-01
7.477471964276490857e-01
6.292656437607240250e-01
4.856011423436634722e-01
4.800938731801779880e-01
7.425035228291728684e-01
6.864173957171840756e-01
4.763496711876203937e-01
7.408111561185392047e-01
4.754166802141369663e-01
4.704223547105405023e-01
7.172879444245937597e-01
4.813965912097465938e-01
4.889126477386093184e-01
4.813971050157623832e-01
4.826040970483309600e-01
4.597401596911637189e-01
4.824225710263355671e-01
4.732876114293542158e-01
4.733867239900037549e-01
4.675608209705717777e-01
4.753705563088878594e-01
4.723565547450145896e-01
6.468063975409544808e-01
4.810805365097943209e-01
4.718982659063996610e-01
4.760409632220838350e-01
4.677622731865049843e-01
4.658003638349364484e-01
4.682339649099521162e-01
5.434887845147253760e-01
5.655162241822462299e-01
4.689684443163466554e-01
4.756837339368452655e-01
4.716931749007289842e-01
5.111003559569904375e-01
5.332757279176648657e-01
4.719694608495991761e-01
4.729616521686401676e-01
7.216794215766174636e-01
4.675688438003722247e-01
4.716714368991385964e-01
4.675609279454225331e-01
4.708414198520832761e-01
4.719540235614066992e-01
4.719542180202215831e-01
4.708345484101972289e-01
6.354869290603913923e-01
4.720407479710493348e-01
5.208889597789785331e-01
7.434488710059805605e-01
4.841821151294538605e-01
5.177664733670096497e-01
4.646454241869396040e-01
7.346997758803928136e-01
7.221990179314505820e-01
5.028271297222633995e-01
5.942691134563129474e-01
7.569971524601220025e-01
4.729507954179425488e-01
4.769791728347910764e-01
4.719198440433072239e-01
5.304809071278294708e-01
4.719501689523940002e-01
4.773346929042084352e-01
4.646481858199904003e-01
4.704980712520847597e-01
4.728877277946204050e-01
4.765550528513805006e-01
6.045113823790196905e-01
5.072713514068152296e-01
4.681280768230514089e-01
4.609557171084480709e-01
4.714508403482275956e-01
7.593934983987833398e-01
4.888145533625962158e-01
7.382101448391247267e-01
4.765735966020974157e-01
5.194182698179519164e-01
5.456621632593126048e-01
7.491525548210168362e-01
4.675608202521991941e-01
4.659293023704620951e-01
7.057929945040365416e-01
7.116466783032786569e-01
4.943146867535826439e-01
4.888620622823554585e-01
7.210349598333616328e-01
4.894571270119500994e-01
4.987054907255144554e-01
4.952525598970601850e-01
6.915015336147501968e-01
4.934889690757905956e-01
4.986977399040994352e-01
4.946899313221158612e-01
5.409911335125906495e-01
4.891360677499937970e-01
4.930109600043858231e-01
5.165198613528889648e-01
4.943012337527921130e-01
7.182170272961926338e-01
7.425042722602083201e-01
6.263606732356284956e-01
5.172447456704707403e-01
4.891807426625830457e-01
6.153018235610004938e-01
6.825390904074736254e-01
4.994044872828459214e-01
7.301532509831549778e-01
4.856993195245938866e-01
4.862068629336072090e-01
6.680927154960110137e-01
5.083475474424206109e-01
5.707538831202737528e-01
4.935293455544685903e-01
4.891034032364421913e-01
4.952156222449133893e-01
5.070137615219841853e-01
5.023070551057322586e-01
7.296239988753006056e-01
4.938536388239642694e-01
7.408056835794748496e-01
4.963516014479603111e-01
4.943200771761379064e-01
5.177794137973822375e-01
7.008010234115513715e-01
6.910262346380732223e-01
5.007794660201146941e-01
5.042944276580428875e-01
7.394063767754172067e-01
4.967136569706771532e-01
5.380116756671111666e-01
4.891053601528336792e-01
5.298953669221868612e-01
4.903048174103800116e-01
4.797679345686695074e-01
4.869385297360017129e-01
4.938751591933095431e-01
6.880456034907017626e-01
7.160948624374627869e-01
6.966869936194112212e-01
5.053275073413758811e-01
4.943963490526578353e-01
4.980431661867860127e-01
4.881456970289928532e-01
5.031456393575792774e-01
7.386718176198552310e-01
7.378007703500122361e-01
4.584911995611686275e-01
4.709831273240615013e-01
4.685660557502702717e-01
5.300328773790905501e-01
4.739601579560295819e-01
4.849000531971447980e-01
7.281218297858218502e-01
4.692868568623225767e-01
4.676588302565385935e-01
7.534434739382225299e-01
4.692158493881741776e-01
7.520409191256097747e-01
4.637802356032766915e-01
4.544175906623140193e-01
7.368923676546661472e-01
4.613057780024646948e-01
7.386310381628897748e-01
7.411999850129512568e-01
4.745283579805689156e-01
4.693463957795328545e-01
6.991337775999872939e-01
4.637182506469181842e-01
4.689226815463817810e-01
7.278708874368984283e-01
4.640207033345890020e-01
4.859425343502959960e-01
4.639678496705244015e-01
4.681182791999782822e-01
4.736127846292321197e-01
4.596019690784629019e-01
5.601512271942042931e-01
7.572949400708330892e-01
4.751651533315932041e-01
6.291640625584895563e-01
5.081065109165713300e-01
7.294420065561978417e-01
4.764294119326843990e-01
5.250566873970277104e-01
4.679807499267607529e-01
5.044146557417917842e-01
7.402174966063639339e-01
5.740029409582756426e-01
7.068446377078014820e-01
4.692164595611549305e-01
4.953303831002655588e-01
5.585490367260992350e-01
6.703202308293988443e-01
5.586915634357656479e-01
4.634014873659834666e-01
5.113698347479327388e-01
5.007998805780496943e-01
4.677918339772114686e-01
4.678496944566578053e-01
4.920637275269821309e-01
7.433569217235134197e-01
5.183170338945447542e-01
7.440885408642087251e-01
4.692170396662356802e-01
6.917726232536914877e-01
4.721676536402836244e-01
6.731080609443760299e-01
7.417310619029656715e-01
5.224786851387512865e-01
4.763476706377997583e-01
7.250897368552235989e-01
4.769623956270088727e-01
4.632801208298187312e-01
4.985253900242628822e-01
4.816177794466997564e-01
5.592982385332043727e-01
7.236821496228670325e-01
7.504380039516267420e-01
5.503465745153922617e-01
4.851513229581801423e-01
4.989548690437826672e-01
4.826586912915022398e-01
4.881102305152179022e-01
5.208008452334711436e-01
4.829481997408733851e-01
4.839532611516496607e-01
5.178657593393259928e-01
4.964767427439862879e-01
4.789742099827924426e-01
4.774524371971732295e-01
4.844381278256111312e-01
5.585367271959289504e-01
5.010408120574588731e-01
4.769605759271724477e-01
6.397404595185007814e-01
7.322217143802738359e-01
4.828178620626035755e-01
4.789742582460813081e-01
4.950841812213507276e-01
4.936869814961920566e-01
4.838947025611700092e-01
6.914946371820468451e-01
5.343624664666311030e-01
4.908967807279395190e-01
7.014856052488546156e-01
5.494190332904368423e-01
6.667193136473403836e-01
7.019653448854743516e-01
7.205437443772528816e-01
4.885970596805350730e-01
4.799757202081924579e-01
7.294948392740870924e-01
6.069913073043826657e-01
4.799530598157896732e-01
6.288576385705993976e-01
5.141366476030807542e-01
7.240787489802613663e-01
5.007833259347591603e-01
4.802348924613809023e-01
7.394011760482134266e-01
6.077335293747154754e-01
5.157103462660469484e-01
4.841199092653056812e-01
5.001998453053948523e-01
4.849988899450151103e-01
7.296715880423664258e-01
4.798743822373313095e-01
7.252070289451955087e-01
4.931684303372246836e-01
4.832888436210555083e-01
7.127007368480979821e-01
5.332035165271855615e-01
7.417941239143369669e-01
4.805539038716263311e-01
7.088123565228339196e-01
6.196577130340364947e-01
4.914510942251902326e-01
6.427970010038347448e-01
6.296047194735876484e-01
6.773620831900023509e-01
4.903262011165069878e-01
5.319914532165572751e-01
4.995157146282130367e-01
7.387991248128422672e-01
5.148445868182478513e-01
6.977244123663275399e-01
6.615423433429016287e-01
7.103353784795851666e-01
4.972089262034875001e-01
4.945115191515957465e-01
5.072846626086623401e-01
4.898737947230208389e-01
5.380956511191405944e-01
5.057134542980391556e-01
6.029418324324126166e-01
4.898053292038949680e-01
4.903976168429444726e-01
4.974383729153738498e-01
7.130749468109208733e-01
4.939664977550260461e-01
4.945641070553842833e-01
7.342801382862667037e-01
4.898056312677864232e-01
4.898527831573828983e-01
6.214963053635673695e-01
5.442419821967521276e-01
4.938265544073054403e-01
7.307474411938046366e-01
4.963987975675266950e-01
4.905960355166045228e-01
4.949461902664079593e-01
7.138767373865479993e-01
4.939522288650710080e-01
4.928529623612258326e-01
4.898054268439365755e-01
7.035581298783120108e-01
6.541333412472756237e-01
6.510673920304562712e-01
5.993715081131832934e-01
7.047894549481783510e-01
4.999187400053775598e-01
4.949845937943962992e-01
7.108260136421502562e-01
6.592896123148233034e-01
6.516517369943449767e-01
4.945401740449977268e-01
7.416187287196278621e-01
4.939762918259633095e-01
4.977558703326229184e-01
7.285417422646935925e-01
6.144937834430116430e-01
5.003175146326384048e-01
4.882670334180688188e-01
4.937633235694899314e-01
7.203189533928125998e-01
5.074768763653282333e-01
4.913503444642438600e-01
6.283857309832296956e-01
5.003259409462375018e-01
4.988545815365371117e-01
5.389802881552921976e-01
6.602930658759741389e-01
4.959778114423168960e-01
7.106604486360382777e-01
6.683871799086212873e-01
5.169940057659049293e-01
4.956657515673562608e-01
5.069816474384986060e-01
7.119017530108165959e-01
7.273165694353239674e-01
4.979267473989102410e-01
4.963184420730398783e-01
4.955821539742577553e-01
4.974530070862798747e-01
6.307374863901755724e-01
6.690477252270938813e-01
7.438876166643315635e-01
5.001211953335236160e-01
5.187084157849023436e-01
4.989085086131777591e-01
4.996217737158969996e-01
5.070726760374013597e-01
4.843559317976457446e-01
7.270255658074933347e-01
4.959023205797027933e-01
5.021284445561450260e-01
7.105303364740014338e-01
7.034397336738535955e-01
4.954965181735819235e-01
5.002085461949096201e-01
4.933396141851706940e-01
7.212251576729049596e-01
5.032945194043511039e-01
5.119151641892089044e-01
7.178878114909539310e-01
4.933395282312638686e-01
5.069679323942412053e-01
4.960141734903881217e-01
6.511730155162633871e-01
6.396723694906016888e-01
5.099942042333041048e-01
5.003159933270896476e-01
6.720756493422755939e-01
6.530305005291623388e-01
4.973310285306935530e-01
5.172693369130831886e-01
4.960601266034376788e-01
5.187965861061141215e-01
5.265329080271251572e-01
6.301353382653007706e-01
5.042120933593553511e-01
5.004433329700713751e-01
5.011587935956569595e-01
5.221678426410086837e-01
7.191879900729815089e-01
7.350350053715783982e-01
5.003255242419566429e-01
7.203180942425561062e-01
4.949325141711872766e-01
4.985467610542386740e-01
7.248714568019873905e-01
4.933424915955976764e-01
6.985515185630564172e-01
8.822874573616704685e-01
8.768329101155932781e-01
8.318213726632449623e-01
8.789959156462630041e-01
8.316360994721976319e-01
7.306383606986789347e-01
8.693004540919515577e-01
8.711726043988373691e-01
8.680536155378523189e-01
6.797210143104437385e-01
6.754658660159983397e-01
6.914721483190799933e-01
6.891234785573382426e-01
6.832121940671473936e-01
6.931882076236659529e-01
8.653488373807740608e-01
7.353924540433527390e-01
6.855695891889268534e-01
8.953513730203462861e-01
6.814883697696313414e-01
6.953964763075598521e-01
7.757821023012538841e-01
6.867294176356152358e-01
6.884000881544315442e-01
6.877499287237578418e-01
6.807928756060142028e-01
7.659287807854524566e-01
7.508302089266416512e-01
7.147683446147442554e-01
6.814880779514284059e-01
8.617296243153854673e-01
6.940307678637619437e-01
6.882894589714155797e-01
7.125375573664431972e-01
8.396548025107012370e-01
6.927695887437076427e-01
7.399018344156379490e-01
6.704349852893098927e-01
8.797892001734634038e-01
6.988793103513237792e-01
6.815879616343888392e-01
8.762226800315926489e-01
8.147911357471577798e-01
6.680331393547468410e-01
6.814881127434220254e-01
8.150860215588403568e-01
8.813155239182240974e-01
6.855509312328808003e-01
6.842483709259166158e-01
7.125072676835233487e-01
7.070368263890687288e-01
6.800511570698514197e-01
6.832125942243363337e-01
6.843017844968252161e-01
6.921434958289548467e-01
6.866403082376620892e-01
6.883678092776461810e-01
6.884000821617510812e-01
6.875979722276867045e-01
7.888560795280702420e-01
6.881258361372971644e-01
6.884019115507487019e-01
7.043518637001680016e-01
8.163146044223575926e-01
6.173023046825936166e-01
6.071618059627055253e-01
8.296578817185530363e-01
6.659429285740985360e-01
6.004578120225503302e-01
6.106668652900395511e-01
8.361910376301272541e-01
6.048074494937946133e-01
6.627934822358300115e-01
6.004600242576471070e-01
6.629771180882447768e-01
6.035590536063827338e-01
6.151927436922555170e-01
6.081624458882760598e-01
6.051545004942111561e-01
6.068770395832737696e-01
6.671203925883566477e-01
6.173565640725856563e-01
6.731690067483724338e-01
6.114616204343117367e-01
6.104299983517880168e-01
6.004578826774942257e-01
7.229744842637045865e-01
6.072330982235912833e-01
6.072292447399895154e-01
6.302794820527038988e-01
8.295553293033871567e-01
6.161329432065562051e-01
5.981828941425307855e-01
6.039934615196448364e-01
6.984269913248462025e-01
8.027267244062573637e-01
6.004578858631488547e-01
6.019081177546239392e-01
6.180063004908491475e-01
7.020491841402825006e-01
7.993476951060706215e-01
6.045094535556694293e-01
6.004570057012325046e-01
8.000573493633592603e-01
6.072347882638288175e-01
6.344149767723457067e-01
6.360916579592484910e-01
7.989884715861856890e-01
6.090196774678764413e-01
6.105824876404872814e-01
6.004768129947593014e-01
6.096163962074034881e-01
7.983627055182996868e-01
6.096963909989095987e-01
6.055148517198989389e-01
6.570631199334578953e-01
8.123819650467002385e-01
6.085556981454197656e-01
6.135752130542169169e-01
6.026466500655810465e-01
8.329610766294839319e-01
7.911009401252167006e-01
6.043946892738708554e-01
6.105584826291680089e-01
6.007736949051118991e-01
6.075595640561778366e-01
6.240583618578670055e-01
8.399539981001279410e-01
