1.000000000000000000e+00
1.000000000000000000e+00
9.999999999985920152e-01
7.000544485384052606e-01
7.499270506898663147e-01
9.997679165565600545e-01
9.999999999999895639e-01
1.000000000000000000e+00
1.000000000000000000e+00
5.181267944866754027e-12
1.000000000000000000e+00
1.000000000000000000e+00
1.000000000000000000e+00
9.962609056210707248e-01
1.000000000000000000e+00
9.999999997486110903e-01
3.643544053561770092e-10
9.253542633631618441e-01
1.000000000000000000e+00
1.229711741049369455e-07
1.000000000000000000e+00
4.942080505146172776e-10
1.000000000000000000e+00
9.340592903019506732e-01
1.000000000000000000e+00
1.415458709707619812e-09
1.000000000000000000e+00
6.784446353495199311e-01
1.299733019277285462e-03
8.224347804003052653e-01
1.000000000000000000e+00
3.185344485816308128e-07
3.962116356422629404e-11
1.000000000000000000e+00
1.000000000000000000e+00
2.880936658768376568e-02
1.000000000000000000e+00
1.000000000000000000e+00
1.000000000000000000e+00
1.000000000000000000e+00
1.000000000000000000e+00
9.999999999999948930e-01
2.278504449432788717e-04
6.178298729820502246e-05
1.000000000000000000e+00
2.162011239785150684e-05
9.999999999999980016e-01
9.999999999861588496e-01
3.468401718818047569e-02
1.000000000000000000e+00
1.000000000000000000e+00
2.437374955871522744e-10
1.000000000000000000e+00
1.000000000000000000e+00
1.000000000000000000e+00
1.805540594548227717e-03
1.328089693042593814e-08
3.935180454832831742e-01
1.000000000000000000e+00
1.000000000000000000e+00
1.000000000000000000e+00
9.819336258881293800e-01
5.134068361181873979e-12
3.028977871243317826e-02
