9.999974979761256932e-01
9.183822376238789387e-01
1.000000000000000000e+00
1.379559854168140281e-04
1.000000000000000000e+00
8.553364494954289743e-01
4.411230121503680205e-06
1.000000000000000000e+00
3.248395476767126921e-01
1.000000000000000000e+00
9.999999999999813483e-01
8.149295519505754815e-01
1.000000000000000000e+00
1.000000000000000000e+00
1.000000000000000000e+00
8.324235668260917542e-01
1.000000000000000000e+00
1.661449769725303199e-02
9.999998651725232612e-01
1.000000000000000000e+00
1.000000000000000000e+00
1.000000000000000000e+00
1.908316145771160451e-10
9.969599155387836031e-01
1.000000000000000000e+00
1.000000000000000000e+00
9.999942073235515982e-01
4.326660299850351330e-04
9.022123152679312634e-19
1.000000000000000000e+00
9.831926414416303217e-01
3.128815934526381071e-01
9.993207316500050119e-01
9.999999323440206256e-01
3.894472357081626285e-02
5.753924285297399299e-01
9.394948918123975368e-01
1.000000000000000000e+00
9.904832107784158346e-01
9.857229485902455068e-02
5.479974310983464689e-28
9.708767413433110338e-01
1.000000000000000000e+00
7.145976031024731112e-01
9.999999988147671992e-01
1.000000000000000000e+00
9.857717320174735898e-01
1.000000000000000000e+00
1.000000000000000000e+00
1.000000000000000000e+00
8.480984813945922074e-01
1.000000000000000000e+00
1.000000000000000000e+00
9.149028709178487206e-01
1.000000000000000000e+00
9.999999827461606428e-01
5.649886056832242875e-01
9.872592269945070775e-01
9.997985126390175337e-01
8.638515031351883255e-01
1.000000000000000000e+00
1.000000000000000000e+00
5.739043285597736910e-01
1.000000000000000000e+00
