9.995203994755614829e-01
3.929695059430834275e-02
4.637842867218718718e-02
1.000000000000000000e+00
2.407152102951394719e-05
1.000000000000000000e+00
1.000000000000000000e+00
1.000000000000000000e+00
7.217622497936676540e-02
9.999999999290649644e-01
1.000000000000000000e+00
7.896118169837965453e-03
9.973372992135350890e-01
1.647908244380046809e-04
1.000000000000000000e+00
1.000000000000000000e+00
1.000000000000000000e+00
9.999999996178501327e-01
9.075718273171499151e-01
2.479934950895650858e-01
1.000000000000000000e+00
1.000000000000000000e+00
3.615705240871708859e-01
4.712668615486146351e-01
9.999996242631725707e-01
1.000000000000000000e+00
1.000000000000000000e+00
1.000000000000000000e+00
1.000000000000000000e+00
1.386613097169985362e-08
1.000000000000000000e+00
9.991729602432611879e-01
9.853846590118636728e-01
1.000000000000000000e+00
1.000000000000000000e+00
1.000000000000000000e+00
9.303244400589170127e-01
1.000000000000000000e+00
8.476535155994710524e-02
1.000000000000000000e+00
1.000000000000000000e+00
1.000000000000000000e+00
1.000000000000000000e+00
1.000000000000000000e+00
3.338310996420985367e-03
1.000000000000000000e+00
1.000000000000000000e+00
9.976814404010052595e-01
2.758493261209919029e-03
1.510876665885137748e-01
7.790300993785006511e-01
1.000000000000000000e+00
1.000000000000000000e+00
1.000000000000000000e+00
9.999999999999984457e-01
1.000000000000000000e+00
9.999999999998898659e-01
1.000000000000000000e+00
9.742459326538130959e-01
1.000000000000000000e+00
1.000000000000000000e+00
9.967875715218287302e-01
1.000000000000000000e+00
9.320772870196487592e-01
