4.775254374242715039e-01
1.000000000000000000e+00
1.000000000000000000e+00
2.303135795513252052e-02
1.000000000000000000e+00
9.999999999999789058e-01
1.000000000000000000e+00
4.719307483662029540e-03
9.712677519120184177e-01
1.000000000000000000e+00
1.000000000000000000e+00
3.366741912760822138e-03
1.000000000000000000e+00
6.040613151245657723e-03
9.999999999999946709e-01
7.043156859576877628e-03
1.000000000000000000e+00
9.999981956344700107e-01
1.000000000000000000e+00
8.789500094787922957e-04
1.000000000000000000e+00
9.999999999999389377e-01
8.200517931452827244e-03
1.000000000000000000e+00
1.000000000000000000e+00
1.000000000000000000e+00
1.000000000000000000e+00
5.223006817323348067e-02
9.999999999999995559e-01
4.374041092024513505e-04
9.999999999991255883e-01
1.000000000000000000e+00
2.138784676185651601e-01
9.524013925019217397e-02
9.999998702947294760e-01
1.000000000000000000e+00
1.000000000000000000e+00
9.999992759719846802e-01
3.040340268015156652e-02
1.860168895455318813e-02
4.719311745742947768e-03
9.999054695092252087e-01
3.021571544647183496e-03
9.999460175609973245e-01
4.011541257406602834e-01
9.949432488200289360e-01
1.143155460355800741e-02
1.000000000000000000e+00
1.000000000000000000e+00
1.000000000000000000e+00
9.671605977418299416e-01
1.000000000000000000e+00
7.920096084338497724e-03
9.825490461389611019e-01
2.166930953232358015e-01
9.809024811222097906e-01
9.999999999957003283e-01
3.974942728790662599e-02
1.000000000000000000e+00
1.000000000000000000e+00
1.000000000000000000e+00
2.041191020899840413e-20
1.000000000000000000e+00
1.000000000000000000e+00
