1.000000000000000000e+00
1.286813658513280296e-04
1.000000000000000000e+00
1.000000000000000000e+00
3.284406438562353370e-01
1.797226011362580041e-29
1.000000000000000000e+00
1.000000000000000000e+00
9.332499240429087406e-01
9.996449748613361885e-01
1.000000000000000000e+00
7.366905282675160205e-01
1.000000000000000000e+00
1.000000000000000000e+00
1.000000000000000000e+00
1.084319995590438173e-04
5.528768811831223651e-02
1.000000000000000000e+00
9.659173187437206654e-01
1.000000000000000000e+00
2.365489656530583851e-01
1.000000000000000000e+00
1.554298761738238206e-04
1.000000000000000000e+00
4.771475953266661419e-04
3.072772498041384052e-26
9.999999963178227702e-01
1.000000000000000000e+00
6.629316856697575842e-04
1.000000000000000000e+00
1.000000000000000000e+00
4.660524290517927826e-01
4.134434573170103766e-01
1.000000000000000000e+00
2.001928181669172982e-08
9.752274373541617303e-01
1.000000000000000000e+00
1.000000000000000000e+00
1.000000000000000000e+00
1.000000000000000000e+00
9.999717414000446336e-01
1.000000000000000000e+00
1.000000000000000000e+00
9.999997675361779192e-01
1.000000000000000000e+00
3.581004505964740514e-01
4.666755754069977224e-01
1.452248159143551261e-04
9.998894276266228065e-01
1.000000000000000000e+00
1.000000000000000000e+00
4.166351741990890166e-03
9.999971743424201920e-01
1.000000000000000000e+00
4.681785798087308159e-02
1.000000000000000000e+00
1.000000000000000000e+00
1.000000000000000000e+00
9.999999998603568141e-01
5.937406243936244115e-08
1.000000000000000000e+00
1.346785745437429627e-01
2.479837940446432895e-02
1.000000000000000000e+00
