6.766096677446801211e-01
1.000000000000000000e+00
1.000000000000000000e+00
1.432892247473506974e-05
1.000000000000000000e+00
9.999999999136444107e-01
1.000000000000000000e+00
9.999998436411461356e-01
2.624246855376197174e-02
9.999998264971680095e-01
1.513378283760518719e-10
9.867138401903237099e-01
1.000000000000000000e+00
9.447844548485531124e-01
3.480421927526952675e-01
9.205978908997231036e-01
2.828280676821161299e-02
9.999974395012279915e-01
2.033960482423038679e-06
6.510040140810983338e-13
1.000000000000000000e+00
1.000000000000000000e+00
9.999999999999560352e-01
1.000000000000000000e+00
1.000000000000000000e+00
1.000000000000000000e+00
1.019867195985763308e-01
6.919403524310280273e-01
1.000000000000000000e+00
1.236313068105426905e-07
1.000000000000000000e+00
1.000000000000000000e+00
3.130109561431389503e-03
9.846530433311855013e-02
1.000000000000000000e+00
1.000000000000000000e+00
9.999937913278937884e-01
9.659016526914211420e-01
9.266980367608221858e-01
2.180162571249442887e-12
1.000000000000000000e+00
9.423659881216256418e-01
1.091526350984768974e-26
9.983293435121668447e-01
9.999999999999997780e-01
9.999999988192291855e-01
9.996928770821382759e-01
3.745995593860667900e-03
9.987262508428371710e-01
1.000000000000000000e+00
1.000000000000000000e+00
9.915063703812760920e-01
4.719983491646514984e-01
1.945513255135499897e-10
1.000000000000000000e+00
9.999999999999991118e-01
1.000000000000000000e+00
8.744659029916042048e-01
4.269993943553955784e-01
8.982567681628686820e-05
1.000000000000000000e+00
3.799381247544515033e-02
9.985441772322587450e-01
1.000000000000000000e+00
