9.999999999999997780e-01
9.966977741845055583e-01
9.999999999815034624e-01
3.036191495382794536e-01
1.764694958763831367e-01
2.592125391767307052e-01
1.000000000000000000e+00
9.999947880053811078e-01
3.121560358880567931e-02
9.999994655083380701e-01
1.000000000000000000e+00
8.695212003259467082e-01
9.106414578594437259e-01
1.000000000000000000e+00
1.000000000000000000e+00
1.000000000000000000e+00
2.502491371298298448e-02
1.000000000000000000e+00
1.000000000000000000e+00
8.125272161937083792e-01
1.000000000000000000e+00
1.000000000000000000e+00
1.000000000000000000e+00
1.680920635247499162e-05
9.976466978223013093e-01
1.000000000000000000e+00
9.993761790648730825e-01
9.999999999999997780e-01
1.000000000000000000e+00
1.000000000000000000e+00
1.000000000000000000e+00
1.000000000000000000e+00
1.000000000000000000e+00
1.000000000000000000e+00
7.194610846566786878e-03
1.012835160354488423e-01
1.000000000000000000e+00
1.000000000000000000e+00
1.842937403219036263e-01
1.000000000000000000e+00
1.000000000000000000e+00
9.953815556291403244e-01
7.823481092816143567e-01
9.995501010518055285e-01
9.999680390421921139e-01
9.898880574034160107e-01
2.288758824461011563e-04
1.000000000000000000e+00
9.999443558992684444e-01
2.011510045459424451e-05
5.395407720531330414e-04
1.000000000000000000e+00
1.000000000000000000e+00
1.000000000000000000e+00
1.710830155363829457e-06
9.828281051623178888e-01
9.999985841066535430e-01
9.999999999999995559e-01
1.000000000000000000e+00
9.999970943877651841e-01
1.000000000000000000e+00
1.000000000000000000e+00
9.868879596766355622e-01
7.121598047034811696e-01
