2.040020324015217208e-13
1.341244949762108912e-12
9.999999999997968292e-01
1.000000000000000000e+00
5.133255049105310684e-10
1.000000000000000000e+00
1.000000000000000000e+00
1.301892655600522362e-29
1.000000000000000000e+00
1.618046181662398870e-28
9.999999780415385064e-01
1.000000000000000000e+00
1.000000000000000000e+00
9.881400922839500318e-16
1.000000000000000000e+00
1.000000000000000000e+00
1.000000000000000000e+00
1.000000000000000000e+00
1.000000000000000000e+00
1.000000000000000000e+00
1.000000000000000000e+00
1.000000000000000000e+00
8.706493106942109822e-12
1.000000000000000000e+00
1.000000000000000000e+00
9.096367953029467213e-01
1.000000000000000000e+00
9.999999999999507061e-01
1.000000000000000000e+00
7.491930407064181288e-23
1.000000000000000000e+00
1.000000000000000000e+00
1.781915409762666818e-16
9.999999983652561042e-01
1.000000000000000000e+00
3.506005528426942144e-20
9.999999999999997780e-01
1.000000000000000000e+00
1.242148911457117874e-15
1.000000000000000000e+00
1.000000000000000000e+00
1.000000000000000000e+00
1.000000000000000000e+00
1.568106036544295388e-29
1.000000000000000000e+00
7.588564122247090313e-27
1.000000000000000000e+00
5.970847180485880362e-31
1.000000000000000000e+00
5.636682002314804713e-28
1.000000000000000000e+00
1.000000000000000000e+00
1.000000000000000000e+00
9.999637957343692207e-01
5.229181270685042307e-28
1.000000000000000000e+00
1.000000000000000000e+00
1.000000000000000000e+00
1.238307412133719580e-11
9.999999990679715456e-01
6.414647473696133634e-05
1.000000000000000000e+00
4.043810930591015713e-08
1.000000000000000000e+00
