6.536297582261459676e-13
1.000000000000000000e+00
2.423694868472540831e-07
1.000000000000000000e+00
3.382175267896979312e-14
9.999301971128385924e-01
1.000000000000000000e+00
5.831501540195534339e-10
1.000000000000000000e+00
1.000000000000000000e+00
1.000000000000000000e+00
1.000000000000000000e+00
1.000000000000000000e+00
1.000000000000000000e+00
1.000000000000000000e+00
5.503272295618576693e-19
1.000000000000000000e+00
9.999938746677078383e-01
3.137816176816355366e-22
9.999999999886699520e-01
1.000000000000000000e+00
2.087367425227205621e-12
1.000000000000000000e+00
1.658889931982051284e-34
1.513603800147447064e-28
1.000000000000000000e+00
1.968978222334551842e-29
1.000000000000000000e+00
1.000000000000000000e+00
1.000000000000000000e+00
1.000000000000000000e+00
1.000000000000000000e+00
4.012519199531338867e-18
1.000000000000000000e+00
2.459962356903858767e-35
1.000000000000000000e+00
1.986484066951601711e-34
1.028866774707400640e-33
1.000000000000000000e+00
1.000000000000000000e+00
5.536344370150815691e-29
1.000000000000000000e+00
1.000000000000000000e+00
1.000000000000000000e+00
1.000000000000000000e+00
1.000000000000000000e+00
1.000000000000000000e+00
1.000000000000000000e+00
1.000000000000000000e+00
9.999999991440378100e-01
4.207829011158162736e-23
1.096858422094384412e-29
1.000000000000000000e+00
1.000000000000000000e+00
1.000000000000000000e+00
1.000000000000000000e+00
1.000000000000000000e+00
6.377496986352931743e-23
6.789286931559302382e-28
1.000000000000000000e+00
1.000000000000000000e+00
1.000000000000000000e+00
1.000000000000000000e+00
1.000000000000000000e+00
