1.000000000000000000e+00
1.000000000000000000e+00
1.000000000000000000e+00
1.000000000000000000e+00
1.000000000000000000e+00
9.999999999998823164e-01
1.000000000000000000e+00
1.000000000000000000e+00
3.559591557186727745e-23
1.000000000000000000e+00
1.000000000000000000e+00
9.999999974032516281e-01
1.000000000000000000e+00
3.201540383020021585e-20
1.000000000000000000e+00
1.000000000000000000e+00
1.000000000000000000e+00
1.466888223973899384e-28
6.635413668296734283e-23
1.000000000000000000e+00
1.000000000000000000e+00
1.000000000000000000e+00
1.000000000000000000e+00
1.000000000000000000e+00
1.000000000000000000e+00
9.999991515051608326e-01
2.875364060870763942e-19
1.000000000000000000e+00
1.000000000000000000e+00
9.999999955481579939e-01
1.000000000000000000e+00
1.000000000000000000e+00
2.698259714976215529e-01
1.000000000000000000e+00
1.000000000000000000e+00
1.000000000000000000e+00
1.000000000000000000e+00
1.000000000000000000e+00
1.000000000000000000e+00
1.000000000000000000e+00
7.275677447000898912e-01
1.000000000000000000e+00
2.774770383523315300e-22
2.962906174836361459e-23
1.000000000000000000e+00
1.000000000000000000e+00
9.999999984883332083e-01
1.000000000000000000e+00
1.000000000000000000e+00
1.000000000000000000e+00
1.000000000000000000e+00
9.999999436216960857e-01
1.000000000000000000e+00
1.000000000000000000e+00
1.000000000000000000e+00
4.465137702313446739e-30
1.000000000000000000e+00
1.000000000000000000e+00
1.000000000000000000e+00
1.000000000000000000e+00
8.343877141944729452e-27
1.000000000000000000e+00
4.509581373942685613e-24
1.000000000000000000e+00
