1.000000000000000000e+00
1.000000000000000000e+00
9.999999999985920152e-01
7.000544485384052606e-01
7.499270506898663147e-01
9.997679165565600545e-01
9.999999999999895639e-01
1.000000000000000000e+00
1.000000000000000000e+00
5.181267944866754027e-12
1.000000000000000000e+00
1.000000000000000000e+00
1.000000000000000000e+00
9.962609056210707248e-01
1.000000000000000000e+00
9.999999997486110903e-01
3.643544053561770092e-10
9.253542633631618441e-01
1.000000000000000000e+00
1.229711741049369455e-07
1.000000000000000000e+00
4.942080505146172776e-10
1.000000000000000000e+00
9.340592903019506732e-01
1.000000000000000000e+00
1.415458709707619812e-09
1.000000000000000000e+00
6.784446353495199311e-01
1.299733019277285462e-03
8.224347804003052653e-01
1.000000000000000000e+00
3.185344485816308128e-07
3.962116356422629404e-11
1.000000000000000000e+00
1.000000000000000000e+00
2.880936658768376568e-02
1.000000000000000000e+00
1.000000000000000000e+00
1.000000000000000000e+00
1.000000000000000000e+00
1.000000000000000000e+00
9.999999999999948930e-01
2.278504449432788717e-04
6.178298729820502246e-05
1.000000000000000000e+00
2.162011239785150684e-05
9.999999999999980016e-01
9.999999999861588496e-01
3.468401718818047569e-02
1.000000000000000000e+00
1.000000000000000000e+00
2.437374955871522744e-10
1.000000000000000000e+00
1.000000000000000000e+00
1.000000000000000000e+00
1.805540594548227717e-03
1.328089693042593814e-08
3.935180454832831742e-01
1.000000000000000000e+00
1.000000000000000000e+00
1.000000000000000000e+00
9.819336258881293800e-01
5.134068361181873979e-12
3.028977871243317826e-02
9.999974979761256932e-01
9.183822376238789387e-01
1.000000000000000000e+00
1.379559854168140281e-04
1.000000000000000000e+00
8.553364494954289743e-01
4.411230121503680205e-06
1.000000000000000000e+00
3.248395476767126921e-01
1.000000000000000000e+00
9.999999999999813483e-01
8.149295519505754815e-01
1.000000000000000000e+00
1.000000000000000000e+00
1.000000000000000000e+00
8.324235668260917542e-01
1.000000000000000000e+00
1.661449769725303199e-02
9.999998651725232612e-01
1.000000000000000000e+00
1.000000000000000000e+00
1.000000000000000000e+00
1.908316145771160451e-10
9.969599155387836031e-01
1.000000000000000000e+00
1.000000000000000000e+00
9.999942073235515982e-01
4.326660299850351330e-04
9.022123152679312634e-19
1.000000000000000000e+00
9.831926414416303217e-01
3.128815934526381071e-01
9.993207316500050119e-01
9.999999323440206256e-01
3.894472357081626285e-02
5.753924285297399299e-01
9.394948918123975368e-01
1.000000000000000000e+00
9.904832107784158346e-01
9.857229485902455068e-02
5.479974310983464689e-28
9.708767413433110338e-01
1.000000000000000000e+00
7.145976031024731112e-01
9.999999988147671992e-01
1.000000000000000000e+00
9.857717320174735898e-01
1.000000000000000000e+00
1.000000000000000000e+00
1.000000000000000000e+00
8.480984813945922074e-01
1.000000000000000000e+00
1.000000000000000000e+00
9.149028709178487206e-01
1.000000000000000000e+00
9.999999827461606428e-01
5.649886056832242875e-01
9.872592269945070775e-01
9.997985126390175337e-01
8.638515031351883255e-01
1.000000000000000000e+00
1.000000000000000000e+00
5.739043285597736910e-01
1.000000000000000000e+00
9.995203994755614829e-01
3.929695059430834275e-02
4.637842867218718718e-02
1.000000000000000000e+00
2.407152102951394719e-05
1.000000000000000000e+00
1.000000000000000000e+00
1.000000000000000000e+00
7.217622497936676540e-02
9.999999999290649644e-01
1.000000000000000000e+00
7.896118169837965453e-03
9.973372992135350890e-01
1.647908244380046809e-04
1.000000000000000000e+00
1.000000000000000000e+00
1.000000000000000000e+00
9.999999996178501327e-01
9.075718273171499151e-01
2.479934950895650858e-01
1.000000000000000000e+00
1.000000000000000000e+00
3.615705240871708859e-01
4.712668615486146351e-01
9.999996242631725707e-01
1.000000000000000000e+00
1.000000000000000000e+00
1.000000000000000000e+00
1.000000000000000000e+00
1.386613097169985362e-08
1.000000000000000000e+00
9.991729602432611879e-01
9.853846590118636728e-01
1.000000000000000000e+00
1.000000000000000000e+00
1.000000000000000000e+00
9.303244400589170127e-01
1.000000000000000000e+00
8.476535155994710524e-02
1.000000000000000000e+00
1.000000000000000000e+00
1.000000000000000000e+00
1.000000000000000000e+00
1.000000000000000000e+00
3.338310996420985367e-03
1.000000000000000000e+00
1.000000000000000000e+00
9.976814404010052595e-01
2.758493261209919029e-03
1.510876665885137748e-01
7.790300993785006511e-01
1.000000000000000000e+00
1.000000000000000000e+00
1.000000000000000000e+00
9.999999999999984457e-01
1.000000000000000000e+00
9.999999999998898659e-01
1.000000000000000000e+00
9.742459326538130959e-01
1.000000000000000000e+00
1.000000000000000000e+00
9.967875715218287302e-01
1.000000000000000000e+00
9.320772870196487592e-01
4.775254374242715039e-01
1.000000000000000000e+00
1.000000000000000000e+00
2.303135795513252052e-02
1.000000000000000000e+00
9.999999999999789058e-01
1.000000000000000000e+00
4.719307483662029540e-03
9.712677519120184177e-01
1.000000000000000000e+00
1.000000000000000000e+00
3.366741912760822138e-03
1.000000000000000000e+00
6.040613151245657723e-03
9.999999999999946709e-01
7.043156859576877628e-03
1.000000000000000000e+00
9.999981956344700107e-01
1.000000000000000000e+00
8.789500094787922957e-04
1.000000000000000000e+00
9.999999999999389377e-01
8.200517931452827244e-03
1.000000000000000000e+00
1.000000000000000000e+00
1.000000000000000000e+00
1.000000000000000000e+00
5.223006817323348067e-02
9.999999999999995559e-01
4.374041092024513505e-04
9.999999999991255883e-01
1.000000000000000000e+00
2.138784676185651601e-01
9.524013925019217397e-02
9.999998702947294760e-01
1.000000000000000000e+00
1.000000000000000000e+00
9.999992759719846802e-01
3.040340268015156652e-02
1.860168895455318813e-02
4.719311745742947768e-03
9.999054695092252087e-01
3.021571544647183496e-03
9.999460175609973245e-01
4.011541257406602834e-01
9.949432488200289360e-01
1.143155460355800741e-02
1.000000000000000000e+00
1.000000000000000000e+00
1.000000000000000000e+00
9.671605977418299416e-01
1.000000000000000000e+00
7.920096084338497724e-03
9.825490461389611019e-01
2.166930953232358015e-01
9.809024811222097906e-01
9.999999999957003283e-01
3.974942728790662599e-02
1.000000000000000000e+00
1.000000000000000000e+00
1.000000000000000000e+00
2.041191020899840413e-20
1.000000000000000000e+00
1.000000000000000000e+00
1.000000000000000000e+00
1.286813658513280296e-04
1.000000000000000000e+00
1.000000000000000000e+00
3.284406438562353370e-01
1.797226011362580041e-29
1.000000000000000000e+00
1.000000000000000000e+00
9.332499240429087406e-01
9.996449748613361885e-01
1.000000000000000000e+00
7.366905282675160205e-01
1.000000000000000000e+00
1.000000000000000000e+00
1.000000000000000000e+00
1.084319995590438173e-04
5.528768811831223651e-02
1.000000000000000000e+00
9.659173187437206654e-01
1.000000000000000000e+00
2.365489656530583851e-01
1.000000000000000000e+00
1.554298761738238206e-04
1.000000000000000000e+00
4.771475953266661419e-04
3.072772498041384052e-26
9.999999963178227702e-01
1.000000000000000000e+00
6.629316856697575842e-04
1.000000000000000000e+00
1.000000000000000000e+00
4.660524290517927826e-01
4.134434573170103766e-01
1.000000000000000000e+00
2.001928181669172982e-08
9.752274373541617303e-01
1.000000000000000000e+00
1.000000000000000000e+00
1.000000000000000000e+00
1.000000000000000000e+00
9.999717414000446336e-01
1.000000000000000000e+00
1.000000000000000000e+00
9.999997675361779192e-01
1.000000000000000000e+00
3.581004505964740514e-01
4.666755754069977224e-01
1.452248159143551261e-04
9.998894276266228065e-01
1.000000000000000000e+00
1.000000000000000000e+00
4.166351741990890166e-03
9.999971743424201920e-01
1.000000000000000000e+00
4.681785798087308159e-02
1.000000000000000000e+00
1.000000000000000000e+00
1.000000000000000000e+00
9.999999998603568141e-01
5.937406243936244115e-08
1.000000000000000000e+00
1.346785745437429627e-01
2.479837940446432895e-02
1.000000000000000000e+00
6.766096677446801211e-01
1.000000000000000000e+00
1.000000000000000000e+00
1.432892247473506974e-05
1.000000000000000000e+00
9.999999999136444107e-01
1.000000000000000000e+00
9.999998436411461356e-01
2.624246855376197174e-02
9.999998264971680095e-01
1.513378283760518719e-10
9.867138401903237099e-01
1.000000000000000000e+00
9.447844548485531124e-01
3.480421927526952675e-01
9.205978908997231036e-01
2.828280676821161299e-02
9.999974395012279915e-01
2.033960482423038679e-06
6.510040140810983338e-13
1.000000000000000000e+00
1.000000000000000000e+00
9.999999999999560352e-01
1.000000000000000000e+00
1.000000000000000000e+00
1.000000000000000000e+00
1.019867195985763308e-01
6.919403524310280273e-01
1.000000000000000000e+00
1.236313068105426905e-07
1.000000000000000000e+00
1.000000000000000000e+00
3.130109561431389503e-03
9.846530433311855013e-02
1.000000000000000000e+00
1.000000000000000000e+00
9.999937913278937884e-01
9.659016526914211420e-01
9.266980367608221858e-01
2.180162571249442887e-12
1.000000000000000000e+00
9.423659881216256418e-01
1.091526350984768974e-26
9.983293435121668447e-01
9.999999999999997780e-01
9.999999988192291855e-01
9.996928770821382759e-01
3.745995593860667900e-03
9.987262508428371710e-01
1.000000000000000000e+00
1.000000000000000000e+00
9.915063703812760920e-01
4.719983491646514984e-01
1.945513255135499897e-10
1.000000000000000000e+00
9.999999999999991118e-01
1.000000000000000000e+00
8.744659029916042048e-01
4.269993943553955784e-01
8.982567681628686820e-05
1.000000000000000000e+00
3.799381247544515033e-02
9.985441772322587450e-01
1.000000000000000000e+00
9.999999999999997780e-01
9.966977741845055583e-01
9.999999999815034624e-01
3.036191495382794536e-01
1.764694958763831367e-01
2.592125391767307052e-01
1.000000000000000000e+00
9.999947880053811078e-01
3.121560358880567931e-02
9.999994655083380701e-01
1.000000000000000000e+00
8.695212003259467082e-01
9.106414578594437259e-01
1.000000000000000000e+00
1.000000000000000000e+00
1.000000000000000000e+00
2.502491371298298448e-02
1.000000000000000000e+00
1.000000000000000000e+00
8.125272161937083792e-01
1.000000000000000000e+00
1.000000000000000000e+00
1.000000000000000000e+00
1.680920635247499162e-05
9.976466978223013093e-01
1.000000000000000000e+00
9.993761790648730825e-01
9.999999999999997780e-01
1.000000000000000000e+00
1.000000000000000000e+00
1.000000000000000000e+00
1.000000000000000000e+00
1.000000000000000000e+00
1.000000000000000000e+00
7.194610846566786878e-03
1.012835160354488423e-01
1.000000000000000000e+00
1.000000000000000000e+00
1.842937403219036263e-01
1.000000000000000000e+00
1.000000000000000000e+00
9.953815556291403244e-01
7.823481092816143567e-01
9.995501010518055285e-01
9.999680390421921139e-01
9.898880574034160107e-01
2.288758824461011563e-04
1.000000000000000000e+00
9.999443558992684444e-01
2.011510045459424451e-05
5.395407720531330414e-04
1.000000000000000000e+00
1.000000000000000000e+00
1.000000000000000000e+00
1.710830155363829457e-06
9.828281051623178888e-01
9.999985841066535430e-01
9.999999999999995559e-01
1.000000000000000000e+00
9.999970943877651841e-01
1.000000000000000000e+00
1.000000000000000000e+00
9.868879596766355622e-01
7.121598047034811696e-01
2.040020324015217208e-13
1.341244949762108912e-12
9.999999999997968292e-01
1.000000000000000000e+00
5.133255049105310684e-10
1.000000000000000000e+00
1.000000000000000000e+00
1.301892655600522362e-29
1.000000000000000000e+00
1.618046181662398870e-28
9.999999780415385064e-01
1.000000000000000000e+00
1.000000000000000000e+00
9.881400922839500318e-16
1.000000000000000000e+00
1.000000000000000000e+00
1.000000000000000000e+00
1.000000000000000000e+00
1.000000000000000000e+00
1.000000000000000000e+00
1.000000000000000000e+00
1.000000000000000000e+00
8.706493106942109822e-12
1.000000000000000000e+00
1.000000000000000000e+00
9.096367953029467213e-01
1.000000000000000000e+00
9.999999999999507061e-01
1.000000000000000000e+00
7.491930407064181288e-23
1.000000000000000000e+00
1.000000000000000000e+00
1.781915409762666818e-16
9.999999983652561042e-01
1.000000000000000000e+00
3.506005528426942144e-20
9.999999999999997780e-01
1.000000000000000000e+00
1.242148911457117874e-15
1.000000000000000000e+00
1.000000000000000000e+00
1.000000000000000000e+00
1.000000000000000000e+00
1.568106036544295388e-29
1.000000000000000000e+00
7.588564122247090313e-27
1.000000000000000000e+00
5.970847180485880362e-31
1.000000000000000000e+00
5.636682002314804713e-28
1.000000000000000000e+00
1.000000000000000000e+00
1.000000000000000000e+00
9.999637957343692207e-01
5.229181270685042307e-28
1.000000000000000000e+00
1.000000000000000000e+00
1.000000000000000000e+00
1.238307412133719580e-11
9.999999990679715456e-01
6.414647473696133634e-05
1.000000000000000000e+00
4.043810930591015713e-08
1.000000000000000000e+00
6.536297582261459676e-13
1.000000000000000000e+00
2.423694868472540831e-07
1.000000000000000000e+00
3.382175267896979312e-14
9.999301971128385924e-01
1.000000000000000000e+00
5.831501540195534339e-10
1.000000000000000000e+00
1.000000000000000000e+00
1.000000000000000000e+00
1.000000000000000000e+00
1.000000000000000000e+00
1.000000000000000000e+00
1.000000000000000000e+00
5.503272295618576693e-19
1.000000000000000000e+00
9.999938746677078383e-01
3.137816176816355366e-22
9.999999999886699520e-01
1.000000000000000000e+00
2.087367425227205621e-12
1.000000000000000000e+00
1.658889931982051284e-34
1.513603800147447064e-28
1.000000000000000000e+00
1.968978222334551842e-29
1.000000000000000000e+00
1.000000000000000000e+00
1.000000000000000000e+00
1.000000000000000000e+00
1.000000000000000000e+00
4.012519199531338867e-18
1.000000000000000000e+00
2.459962356903858767e-35
1.000000000000000000e+00
1.986484066951601711e-34
1.028866774707400640e-33
1.000000000000000000e+00
1.000000000000000000e+00
5.536344370150815691e-29
1.000000000000000000e+00
1.000000000000000000e+00
1.000000000000000000e+00
1.000000000000000000e+00
1.000000000000000000e+00
1.000000000000000000e+00
1.000000000000000000e+00
1.000000000000000000e+00
9.999999991440378100e-01
4.207829011158162736e-23
1.096858422094384412e-29
1.000000000000000000e+00
1.000000000000000000e+00
1.000000000000000000e+00
1.000000000000000000e+00
1.000000000000000000e+00
6.377496986352931743e-23
6.789286931559302382e-28
1.000000000000000000e+00
1.000000000000000000e+00
1.000000000000000000e+00
1.000000000000000000e+00
1.000000000000000000e+00
1.000000000000000000e+00
1.000000000000000000e+00
1.000000000000000000e+00
1.000000000000000000e+00
1.000000000000000000e+00
9.999999999998823164e-01
1.000000000000000000e+00
1.000000000000000000e+00
3.559591557186727745e-23
1.000000000000000000e+00
1.000000000000000000e+00
9.999999974032516281e-01
1.000000000000000000e+00
3.201540383020021585e-20
1.000000000000000000e+00
1.000000000000000000e+00
1.000000000000000000e+00
1.466888223973899384e-28
6.635413668296734283e-23
1.000000000000000000e+00
1.000000000000000000e+00
1.000000000000000000e+00
1.000000000000000000e+00
1.000000000000000000e+00
1.000000000000000000e+00
9.999991515051608326e-01
2.875364060870763942e-19
1.000000000000000000e+00
1.000000000000000000e+00
9.999999955481579939e-01
1.000000000000000000e+00
1.000000000000000000e+00
2.698259714976215529e-01
1.000000000000000000e+00
1.000000000000000000e+00
1.000000000000000000e+00
1.000000000000000000e+00
1.000000000000000000e+00
1.000000000000000000e+00
1.000000000000000000e+00
7.275677447000898912e-01
1.000000000000000000e+00
2.774770383523315300e-22
2.962906174836361459e-23
1.000000000000000000e+00
1.000000000000000000e+00
9.999999984883332083e-01
1.000000000000000000e+00
1.000000000000000000e+00
1.000000000000000000e+00
1.000000000000000000e+00
9.999999436216960857e-01
1.000000000000000000e+00
1.000000000000000000e+00
1.000000000000000000e+00
4.465137702313446739e-30
1.000000000000000000e+00
1.000000000000000000e+00
1.000000000000000000e+00
1.000000000000000000e+00
8.343877141944729452e-27
1.000000000000000000e+00
4.509581373942685613e-24
1.000000000000000000e+00
