4.178434299128885691e-03
4.178434298533151292e-03
5.386039904033899095e-01
4.178435096560481274e-03
4.178439152842003748e-03
4.791503198739530817e-03
4.178460879057850109e-03
5.415284735940485428e-01
4.178434298533147823e-03
5.416844905460870274e-01
4.178434298547565109e-03
5.393848415684797670e-01
4.178435363193747955e-03
4.185768965526418667e-03
4.178438960024264542e-03
4.179828271489637211e-03
4.178434298533816559e-03
4.181161383920656630e-03
4.178434298533147823e-03
4.178457756713186907e-03
4.178463759952967191e-03
4.178484090806074136e-03
4.178444499971619569e-03
4.250637888366976154e-03
4.179260297987326400e-03
4.178450442740243992e-03
4.791502620619641183e-03
4.178434314583415708e-03
4.791503198739530817e-03
4.178434673711384391e-03
4.181134447934377503e-03
4.178996429080861913e-03
4.529219775626739178e-03
4.178449326422129656e-03
4.178434702954958099e-03
4.178974576486963431e-03
4.178434316981624944e-03
4.180838166346866926e-03
4.178435350058580522e-03
