1.641166858334293073e-03
1.641497668867563558e-03
5.929557261137524682e-01
1.641388025134162031e-03
1.640546754342828541e-03
1.641497669874991856e-03
5.933428554555724155e-01
1.641495931832234615e-03
1.641497668624907402e-03
1.641497669733117930e-03
1.641497669735785935e-03
6.420009718965997807e-03
1.641497669649684236e-03
1.641497669871119953e-03
1.641495173556062294e-03
1.680017572779254811e-03
1.641497669874991856e-03
1.641493599621850381e-03
1.680017572779254811e-03
1.640957132558527268e-03
1.641497518141294852e-03
1.641497514194467829e-03
1.641497482905750985e-03
1.641497669870325233e-03
1.680024978361842510e-03
1.641113873554538851e-03
1.641485776258301815e-03
1.641497669874508519e-03
5.867327748804640475e-01
1.641497669790535976e-03
1.640539801586428413e-03
1.640713569291326127e-03
1.641497458243834379e-03
1.641497348012256391e-03
5.857371975302250178e-01
5.929705633436783696e-01
1.641497669874991856e-03
5.857374233800559660e-01
1.641497661874871542e-03
