1.347663278968157761e-02
7.889596572658275075e-01
1.347663278968157761e-02
1.347663278968156547e-02
1.347663278968157761e-02
1.347663278968156547e-02
1.347663278968156547e-02
7.906037766081002172e-01
1.347663278968156547e-02
1.396344789885538805e-02
1.347665530619256667e-02
1.347663279662604172e-02
1.347663278968156547e-02
1.347663278968156547e-02
7.889608902351340491e-01
1.347663278968156547e-02
1.347663278968156547e-02
1.347663278968156547e-02
1.347663278968156547e-02
7.890790002130352310e-01
1.347663278968156547e-02
1.347663278968156547e-02
1.347663278968156547e-02
1.347663278973237726e-02
1.347688238676085157e-02
1.347666061054481057e-02
1.347663714253783708e-02
1.348545329796701185e-02
1.347663278968156547e-02
7.891906644738446719e-01
1.347663278968156547e-02
7.908840387187301424e-01
1.347663278968156547e-02
1.347663278968156547e-02
1.347663278968156547e-02
1.347663278968156547e-02
1.347663278970200398e-02
1.347663278968156547e-02
1.347663278968156547e-02
