1.527675409542067616e-03
2.777056013096629652e-03
1.527675409542064797e-03
1.527675409542067616e-03
1.527675409542066098e-03
1.527675409542056774e-03
1.136911957524096468e-02
1.527675409542067616e-03
1.527675403895637028e-03
1.527675409542010804e-03
6.184959908764712244e-01
6.184960731023403380e-01
6.128307585649604983e-01
1.527675409542067616e-03
6.185347548149239261e-01
6.149937734883608176e-01
1.527675399522142189e-03
1.527675409542067616e-03
1.527675409538455705e-03
1.527664629095749861e-03
1.527672711296629120e-03
1.527672915724228968e-03
1.527675408938220783e-03
1.527675409512514433e-03
1.527675352483899313e-03
1.527577882023811642e-03
1.527675409180056414e-03
6.184959908172472653e-01
1.527675409542053955e-03
1.527675409542067616e-03
6.184963637419536031e-01
1.527675409542066098e-03
5.244219230783280124e-03
1.527675409542067616e-03
6.182578163960968931e-01
1.527675409542067616e-03
1.527675409542059376e-03
1.527675409542031187e-03
1.527675409541986301e-03
1.527675409542067616e-03
