1.967263146704558568e-02
1.967263146704558568e-02
1.967263146704558568e-02
1.967263146704558568e-02
1.967263146704558568e-02
9.328938458086325491e-01
1.967263146704558568e-02
1.967263146703558327e-02
1.967263146704558568e-02
1.967263146522247805e-02
1.967263146704558568e-02
1.967263146704558568e-02
1.977907283850114870e-02
9.322021794583179588e-01
1.967263146702660781e-02
1.967263146704558568e-02
1.967263146704558568e-02
1.967263146704558568e-02
9.328923204477291842e-01
9.328923204472028274e-01
1.967263146704558568e-02
1.967263146704558568e-02
9.328923204471717412e-01
1.967263146704558568e-02
1.967263146704558568e-02
9.328615717333565982e-01
1.967263146704558568e-02
1.967263146704558568e-02
1.967263146704558568e-02
1.967263146704558568e-02
1.967263146704558568e-02
1.967263146704558568e-02
1.967263146704558568e-02
1.967263146704558568e-02
1.967263146704558568e-02
1.977907920995822938e-02
1.967263146704558568e-02
1.967263146704558568e-02
1.967263146704558568e-02
