6.016339613727338387e-01
4.078339747758490813e-03
4.078339747758490813e-03
6.015731650771221073e-01
4.078339747758490813e-03
4.078339747758490813e-03
4.078339747758490813e-03
4.078339747758490813e-03
4.077477472749207327e-03
5.955526037450475929e-01
4.045506743674679925e-03
4.086913979563433150e-03
4.078339441500271507e-03
2.060345263378258185e-01
3.524750530237712783e-03
4.078339747758490813e-03
4.078339741883499348e-03
4.078338497957088686e-03
6.016099550037478094e-01
4.078339747758490813e-03
3.881092705806919469e-03
1.196094295145465752e-01
4.078339747758490813e-03
4.078339747758490813e-03
4.078179596975485023e-03
4.078339747758490813e-03
4.078339747758490813e-03
4.078339747758490813e-03
4.078339747758490813e-03
4.078339747758490813e-03
4.078339747758490813e-03
4.078339747758490813e-03
4.078339747758490813e-03
4.078339747758490813e-03
4.078339747758490813e-03
4.073705033728389387e-03
4.078176009189246783e-03
4.078339747758490813e-03
4.078339747758490813e-03
