1.504893054478922444e-03
1.504893054478922444e-03
1.504893054478922444e-03
9.885330605617329569e-01
1.504893054478922444e-03
1.504893054478925263e-03
1.504893054478890786e-03
9.885328548257475978e-01
1.504893024173371407e-03
1.504893054478922444e-03
1.504893053676020645e-03
1.504893054478746370e-03
1.504547340905536832e-03
1.479400925611897965e-03
1.504893054445526849e-03
1.504893054478922444e-03
1.504691536523527487e-03
1.504892635149567785e-03
1.504893054302939301e-03
1.504893054478917240e-03
1.504893054478922444e-03
9.885328560641732931e-01
9.880379209304279708e-01
1.504881183984579972e-03
1.504893054478490064e-03
1.504893054478916156e-03
1.504893054459976662e-03
9.885328591203368376e-01
9.885328548022662698e-01
1.504893054433272545e-03
1.504893054478922444e-03
1.504893054168195089e-03
9.885328548022646045e-01
9.885328548022648265e-01
1.504893054478063322e-03
9.885328548943970173e-01
1.504893043336887884e-03
1.504893054478922444e-03
1.504893054438195907e-03
1.504893054473015494e-03
