8.100295515053965167e-03
6.827173886081107090e-01
8.109130645351275007e-03
7.541287785192788418e-01
8.108981607260425453e-03
8.104189899417676979e-03
8.109119925029420820e-03
8.106133214966323997e-03
8.147446038900985760e-03
8.109031454390423777e-03
8.147397048287112822e-03
8.109128233655510040e-03
8.107013968127720072e-03
8.129383083696225740e-03
8.106361082060285078e-03
8.108991132982173305e-03
8.108854920055018692e-03
8.109130645419371577e-03
8.109130645309395313e-03
8.107522579053645997e-03
8.147446038900985760e-03
7.392226066998835998e-01
7.540292637533063669e-01
8.109025881799397997e-03
8.107811263558742029e-03
8.108689944315955814e-03
8.109130626757379487e-03
8.097705704304595728e-03
8.093087915391537421e-03
8.147446038900985760e-03
8.109127761536952250e-03
8.107811273709100014e-03
7.541289155718439163e-01
8.109111185320557955e-03
7.492079541803526865e-01
8.126374836729503837e-03
7.525461594468343396e-01
7.493406562676278027e-01
8.107036940785298379e-03
