1.165089552389643457e-02
1.165089552389643457e-02
1.163994529557695751e-02
6.637135883890034060e-01
1.165089552389643457e-02
6.637135880307508673e-01
1.165089552389643457e-02
1.165089552389643457e-02
1.165089552389643457e-02
1.295268877965094836e-02
1.165089552389643457e-02
1.165089552389643457e-02
1.165089552389643457e-02
6.637150811855753174e-01
1.165089552389643457e-02
1.165089552389643457e-02
1.165089552389643457e-02
1.151595300280127895e-02
1.165089552389643457e-02
1.165089552389643457e-02
1.165089552389643457e-02
1.165089552389643457e-02
1.165089552389643457e-02
1.165089552389643457e-02
1.165089552389643457e-02
1.165089552389643457e-02
1.165089552389643457e-02
1.165089552389643457e-02
1.165089552389643457e-02
1.165089552389643457e-02
1.165089552389643457e-02
1.165089552389643457e-02
1.165089552389643457e-02
1.165089552389643457e-02
1.165089552389643457e-02
1.165089552389643457e-02
1.088846063536175884e-02
1.165089552389643457e-02
1.165089552389643457e-02
