1.165089552389643457e-02
1.165089552389643457e-02
1.165089068292806188e-02
1.165089552389643457e-02
1.165089552389643457e-02
1.165089552389643457e-02
6.637135927396512480e-01
1.165089552389643457e-02
1.165089552389643457e-02
1.165089552389643457e-02
1.165089552389643457e-02
1.165089552389643457e-02
1.141856453772928208e-02
1.165089552389643457e-02
1.165089552389643457e-02
1.165089552389643457e-02
1.165089552389643457e-02
1.165089552389643457e-02
1.165089552389643457e-02
1.165089552389643457e-02
1.155395909747196359e-02
1.165089552389643457e-02
1.165089552389643457e-02
1.165089552389643457e-02
1.165089552389643457e-02
1.165089544438257900e-02
6.637135880311316738e-01
1.165089552389643457e-02
1.165089552389643457e-02
1.165089552389643457e-02
1.165089552389643457e-02
1.165089552389643457e-02
1.165089552389643457e-02
1.165089552389643457e-02
1.165089552389643457e-02
1.165089552389643457e-02
6.642429982779244346e-01
1.164864842828803107e-02
1.165070638727191965e-02
6.646436311311917366e-01
