4.178434299128885691e-03
4.178434298533151292e-03
5.386039904033899095e-01
4.178435096560481274e-03
4.178439152842003748e-03
4.791503198739530817e-03
4.178460879057850109e-03
5.415284735940485428e-01
4.178434298533147823e-03
5.416844905460870274e-01
4.178434298547565109e-03
5.393848415684797670e-01
4.178435363193747955e-03
4.185768965526418667e-03
4.178438960024264542e-03
4.179828271489637211e-03
4.178434298533816559e-03
4.181161383920656630e-03
4.178434298533147823e-03
4.178457756713186907e-03
4.178463759952967191e-03
4.178484090806074136e-03
4.178444499971619569e-03
4.250637888366976154e-03
4.179260297987326400e-03
4.178450442740243992e-03
4.791502620619641183e-03
4.178434314583415708e-03
4.791503198739530817e-03
4.178434673711384391e-03
4.181134447934377503e-03
4.178996429080861913e-03
4.529219775626739178e-03
4.178449326422129656e-03
4.178434702954958099e-03
4.178974576486963431e-03
4.178434316981624944e-03
4.180838166346866926e-03
4.178435350058580522e-03
1.641166858334293073e-03
1.641497668867563558e-03
5.929557261137524682e-01
1.641388025134162031e-03
1.640546754342828541e-03
1.641497669874991856e-03
5.933428554555724155e-01
1.641495931832234615e-03
1.641497668624907402e-03
1.641497669733117930e-03
1.641497669735785935e-03
6.420009718965997807e-03
1.641497669649684236e-03
1.641497669871119953e-03
1.641495173556062294e-03
1.680017572779254811e-03
1.641497669874991856e-03
1.641493599621850381e-03
1.680017572779254811e-03
1.640957132558527268e-03
1.641497518141294852e-03
1.641497514194467829e-03
1.641497482905750985e-03
1.641497669870325233e-03
1.680024978361842510e-03
1.641113873554538851e-03
1.641485776258301815e-03
1.641497669874508519e-03
5.867327748804640475e-01
1.641497669790535976e-03
1.640539801586428413e-03
1.640713569291326127e-03
1.641497458243834379e-03
1.641497348012256391e-03
5.857371975302250178e-01
5.929705633436783696e-01
1.641497669874991856e-03
5.857374233800559660e-01
1.641497661874871542e-03
1.347663278968157761e-02
7.889596572658275075e-01
1.347663278968157761e-02
1.347663278968156547e-02
1.347663278968157761e-02
1.347663278968156547e-02
1.347663278968156547e-02
7.906037766081002172e-01
1.347663278968156547e-02
1.396344789885538805e-02
1.347665530619256667e-02
1.347663279662604172e-02
1.347663278968156547e-02
1.347663278968156547e-02
7.889608902351340491e-01
1.347663278968156547e-02
1.347663278968156547e-02
1.347663278968156547e-02
1.347663278968156547e-02
7.890790002130352310e-01
1.347663278968156547e-02
1.347663278968156547e-02
1.347663278968156547e-02
1.347663278973237726e-02
1.347688238676085157e-02
1.347666061054481057e-02
1.347663714253783708e-02
1.348545329796701185e-02
1.347663278968156547e-02
7.891906644738446719e-01
1.347663278968156547e-02
7.908840387187301424e-01
1.347663278968156547e-02
1.347663278968156547e-02
1.347663278968156547e-02
1.347663278968156547e-02
1.347663278970200398e-02
1.347663278968156547e-02
1.347663278968156547e-02
1.527675409542067616e-03
2.777056013096629652e-03
1.527675409542064797e-03
1.527675409542067616e-03
1.527675409542066098e-03
1.527675409542056774e-03
1.136911957524096468e-02
1.527675409542067616e-03
1.527675403895637028e-03
1.527675409542010804e-03
6.184959908764712244e-01
6.184960731023403380e-01
6.128307585649604983e-01
1.527675409542067616e-03
6.185347548149239261e-01
6.149937734883608176e-01
1.527675399522142189e-03
1.527675409542067616e-03
1.527675409538455705e-03
1.527664629095749861e-03
1.527672711296629120e-03
1.527672915724228968e-03
1.527675408938220783e-03
1.527675409512514433e-03
1.527675352483899313e-03
1.527577882023811642e-03
1.527675409180056414e-03
6.184959908172472653e-01
1.527675409542053955e-03
1.527675409542067616e-03
6.184963637419536031e-01
1.527675409542066098e-03
5.244219230783280124e-03
1.527675409542067616e-03
6.182578163960968931e-01
1.527675409542067616e-03
1.527675409542059376e-03
1.527675409542031187e-03
1.527675409541986301e-03
1.527675409542067616e-03
1.967263146704558568e-02
1.967263146704558568e-02
1.967263146704558568e-02
1.967263146704558568e-02
1.967263146704558568e-02
9.328938458086325491e-01
1.967263146704558568e-02
1.967263146703558327e-02
1.967263146704558568e-02
1.967263146522247805e-02
1.967263146704558568e-02
1.967263146704558568e-02
1.977907283850114870e-02
9.322021794583179588e-01
1.967263146702660781e-02
1.967263146704558568e-02
1.967263146704558568e-02
1.967263146704558568e-02
9.328923204477291842e-01
9.328923204472028274e-01
1.967263146704558568e-02
1.967263146704558568e-02
9.328923204471717412e-01
1.967263146704558568e-02
1.967263146704558568e-02
9.328615717333565982e-01
1.967263146704558568e-02
1.967263146704558568e-02
1.967263146704558568e-02
1.967263146704558568e-02
1.967263146704558568e-02
1.967263146704558568e-02
1.967263146704558568e-02
1.967263146704558568e-02
1.967263146704558568e-02
1.977907920995822938e-02
1.967263146704558568e-02
1.967263146704558568e-02
1.967263146704558568e-02
6.016339613727338387e-01
4.078339747758490813e-03
4.078339747758490813e-03
6.015731650771221073e-01
4.078339747758490813e-03
4.078339747758490813e-03
4.078339747758490813e-03
4.078339747758490813e-03
4.077477472749207327e-03
5.955526037450475929e-01
4.045506743674679925e-03
4.086913979563433150e-03
4.078339441500271507e-03
2.060345263378258185e-01
3.524750530237712783e-03
4.078339747758490813e-03
4.078339741883499348e-03
4.078338497957088686e-03
6.016099550037478094e-01
4.078339747758490813e-03
3.881092705806919469e-03
1.196094295145465752e-01
4.078339747758490813e-03
4.078339747758490813e-03
4.078179596975485023e-03
4.078339747758490813e-03
4.078339747758490813e-03
4.078339747758490813e-03
4.078339747758490813e-03
4.078339747758490813e-03
4.078339747758490813e-03
4.078339747758490813e-03
4.078339747758490813e-03
4.078339747758490813e-03
4.078339747758490813e-03
4.073705033728389387e-03
4.078176009189246783e-03
4.078339747758490813e-03
4.078339747758490813e-03
1.504893054478922444e-03
1.504893054478922444e-03
1.504893054478922444e-03
9.885330605617329569e-01
1.504893054478922444e-03
1.504893054478925263e-03
1.504893054478890786e-03
9.885328548257475978e-01
1.504893024173371407e-03
1.504893054478922444e-03
1.504893053676020645e-03
1.504893054478746370e-03
1.504547340905536832e-03
1.479400925611897965e-03
1.504893054445526849e-03
1.504893054478922444e-03
1.504691536523527487e-03
1.504892635149567785e-03
1.504893054302939301e-03
1.504893054478917240e-03
1.504893054478922444e-03
9.885328560641732931e-01
9.880379209304279708e-01
1.504881183984579972e-03
1.504893054478490064e-03
1.504893054478916156e-03
1.504893054459976662e-03
9.885328591203368376e-01
9.885328548022662698e-01
1.504893054433272545e-03
1.504893054478922444e-03
1.504893054168195089e-03
9.885328548022646045e-01
9.885328548022648265e-01
1.504893054478063322e-03
9.885328548943970173e-01
1.504893043336887884e-03
1.504893054478922444e-03
1.504893054438195907e-03
1.504893054473015494e-03
8.100295515053965167e-03
6.827173886081107090e-01
8.109130645351275007e-03
7.541287785192788418e-01
8.108981607260425453e-03
8.104189899417676979e-03
8.109119925029420820e-03
8.106133214966323997e-03
8.147446038900985760e-03
8.109031454390423777e-03
8.147397048287112822e-03
8.109128233655510040e-03
8.107013968127720072e-03
8.129383083696225740e-03
8.106361082060285078e-03
8.108991132982173305e-03
8.108854920055018692e-03
8.109130645419371577e-03
8.109130645309395313e-03
8.107522579053645997e-03
8.147446038900985760e-03
7.392226066998835998e-01
7.540292637533063669e-01
8.109025881799397997e-03
8.107811263558742029e-03
8.108689944315955814e-03
8.109130626757379487e-03
8.097705704304595728e-03
8.093087915391537421e-03
8.147446038900985760e-03
8.109127761536952250e-03
8.107811273709100014e-03
7.541289155718439163e-01
8.109111185320557955e-03
7.492079541803526865e-01
8.126374836729503837e-03
7.525461594468343396e-01
7.493406562676278027e-01
8.107036940785298379e-03
1.165089552389643457e-02
1.165089552389643457e-02
1.163994529557695751e-02
6.637135883890034060e-01
1.165089552389643457e-02
6.637135880307508673e-01
1.165089552389643457e-02
1.165089552389643457e-02
1.165089552389643457e-02
1.295268877965094836e-02
1.165089552389643457e-02
1.165089552389643457e-02
1.165089552389643457e-02
6.637150811855753174e-01
1.165089552389643457e-02
1.165089552389643457e-02
1.165089552389643457e-02
1.151595300280127895e-02
1.165089552389643457e-02
1.165089552389643457e-02
1.165089552389643457e-02
1.165089552389643457e-02
1.165089552389643457e-02
1.165089552389643457e-02
1.165089552389643457e-02
1.165089552389643457e-02
1.165089552389643457e-02
1.165089552389643457e-02
1.165089552389643457e-02
1.165089552389643457e-02
1.165089552389643457e-02
1.165089552389643457e-02
1.165089552389643457e-02
1.165089552389643457e-02
1.165089552389643457e-02
1.165089552389643457e-02
1.088846063536175884e-02
1.165089552389643457e-02
1.165089552389643457e-02
1.165089552389643457e-02
1.165089552389643457e-02
1.165089068292806188e-02
1.165089552389643457e-02
1.165089552389643457e-02
1.165089552389643457e-02
6.637135927396512480e-01
1.165089552389643457e-02
1.165089552389643457e-02
1.165089552389643457e-02
1.165089552389643457e-02
1.165089552389643457e-02
1.141856453772928208e-02
1.165089552389643457e-02
1.165089552389643457e-02
1.165089552389643457e-02
1.165089552389643457e-02
1.165089552389643457e-02
1.165089552389643457e-02
1.165089552389643457e-02
1.155395909747196359e-02
1.165089552389643457e-02
1.165089552389643457e-02
1.165089552389643457e-02
1.165089552389643457e-02
1.165089544438257900e-02
6.637135880311316738e-01
1.165089552389643457e-02
1.165089552389643457e-02
1.165089552389643457e-02
1.165089552389643457e-02
1.165089552389643457e-02
1.165089552389643457e-02
1.165089552389643457e-02
1.165089552389643457e-02
1.165089552389643457e-02
6.642429982779244346e-01
1.164864842828803107e-02
1.165070638727191965e-02
6.646436311311917366e-01
