1.782274404782273659e-11
1.785200321343341769e-11
4.379586752526867244e-01
4.380929735263275338e-01
1.782274404782273659e-11
1.782274404782273659e-11
4.379586752526867244e-01
4.378234987564837422e-01
1.783247034206802702e-11
4.379586752526867244e-01
4.380929735263275338e-01
4.379586752526867244e-01
4.380929735263275338e-01
4.379586752526867244e-01
9.202180019597225660e-03
4.380929735263275338e-01
4.379587230251963392e-01
4.379586752526867244e-01
1.784217920490905618e-11
1.784226626545083994e-11
4.379586752526867244e-01
1.782274404782374795e-11
4.378234987564837422e-01
4.380929735263275338e-01
4.379586752526867244e-01
4.380929735263275338e-01
4.379586752526867244e-01
4.376893108981061431e-01
1.622425467095673572e-09
2.288485638566844787e-11
4.380929735263275338e-01
4.379586752526867244e-01
1.782274404782273659e-11
4.380929735263275338e-01
4.376892187445616811e-01
1.782274404782273659e-11
1.785200099061228849e-11
4.380929735263275338e-01
1.782274404782273659e-11
