4.379535735494873849e-01
4.377051784470938900e-01
4.379535735494873849e-01
3.777778584111259885e-01
4.379535735494873849e-01
1.783247034207094154e-11
4.380719086928911432e-01
4.379535735494873849e-01
4.379535735494873849e-01
1.785047565457215360e-11
1.785047565457215360e-11
7.645498673670444003e-06
1.784189573889043174e-11
1.782389981253468656e-11
4.379535735494873849e-01
1.783247034207094154e-11
1.783247034207094154e-11
1.782389981253468656e-11
1.785047565457215360e-11
4.379535735494873849e-01
4.379535613699770402e-01
3.034097395241890869e-08
1.782389981253468656e-11
1.782389981253468656e-11
4.380719086928911432e-01
4.380719086928911432e-01
4.377051785725695754e-01
1.783247034207094154e-11
4.379535735494873849e-01
4.377051784470826767e-01
4.379535735494873849e-01
4.379535735494873849e-01
3.776648647834953687e-01
4.379535735494873849e-01
4.379535735494873849e-01
2.228748808871357512e-01
1.784189647143605368e-11
4.380659722897974895e-01
1.846644254423279730e-02
