4.378513521158682864e-01
4.378628694054266246e-01
4.378628694054266246e-01
3.775782587599401663e-01
4.378628694054266246e-01
1.783532298549675928e-11
1.783238052891212960e-11
4.378628694054266246e-01
4.378628694054266246e-01
4.378628694054266246e-01
4.378628694054266246e-01
4.378628694054266246e-01
1.783052269175293112e-11
4.378628694054266246e-01
4.378628694054266246e-01
1.783052268295020752e-11
9.773782287172554139e-05
1.783052268295020752e-11
4.378628694054266246e-01
4.378628694054266246e-01
4.377966143216832640e-01
1.783247037355257939e-11
1.783052268295020752e-11
4.378628694054266246e-01
4.378628694054266246e-01
4.378628694054266246e-01
4.378628694054266246e-01
4.378628694054266246e-01
1.783052268295020752e-11
4.378628694054266246e-01
1.783247037355257939e-11
4.378628694054266246e-01
1.783052268295020752e-11
1.783052268295020752e-11
4.378897547442654470e-01
1.783052268295020752e-11
4.378628694054266246e-01
1.783247037355257939e-11
1.026075745682489539e-10
