1.783247024763217045e-11
4.377890011688905236e-01
4.376921086680199413e-01
1.782295323109288390e-11
4.376921086680199413e-01
4.379203976782692354e-01
4.377890011688905236e-01
1.783247024763217045e-11
4.376921086680199413e-01
4.377890011688905236e-01
4.377890011688905236e-01
4.377890011688905236e-01
4.377890011688905236e-01
1.782295323109288390e-11
4.377890011688905236e-01
4.377890011688905236e-01
4.376921086680199413e-01
1.191415673339092929e-01
3.207906321617539636e-01
4.377890011688905236e-01
4.377890011688905236e-01
4.377890011688905236e-01
2.689414208206144519e-01
4.377890011688905236e-01
2.584628567468175262e-04
4.377890011688905236e-01
4.377890011688905236e-01
4.377890011688905236e-01
1.783247024763217045e-11
2.041975702522226601e-09
4.377890011688905236e-01
1.782947604440168788e-11
4.642451938452601798e-10
1.783247024763217045e-11
4.377890011688905236e-01
1.782295323109288390e-11
4.377890011688905236e-01
1.783247024744008360e-11
4.376921086680199413e-01
1.783949180776204373e-11
