1.783247034207321952e-11
1.782399145280842186e-11
4.379996913262900748e-01
1.783247034207321952e-11
2.409033529960495727e-11
4.378826260037195217e-01
1.782399145280842186e-11
4.378826260037195217e-01
1.783247034207321952e-11
4.378826260037195217e-01
4.378826260037195217e-01
1.782399145280842186e-11
4.378826260037195217e-01
4.379996913262900748e-01
4.378826260037195217e-01
4.378826260037195217e-01
4.378471373129905198e-01
4.377064438488157405e-01
4.378826260037195217e-01
4.378826511996628534e-01
1.783247034207321952e-11
1.782399233359339480e-11
4.379996913262900748e-01
1.783675457519690909e-11
1.782399145280842186e-11
4.378826260037195217e-01
1.782399145280842186e-11
4.377064438500369858e-01
4.378234987564842418e-01
1.783247034207321952e-11
1.783675457519690909e-11
1.783247034207321952e-11
1.782420478326899930e-11
1.783675457519690909e-11
3.791075863372052294e-10
1.783247034207321952e-11
4.094539698029095801e-03
6.037504566906234243e-02
4.378826260037195217e-01
