4.379539011323020925e-01
4.380380340588537758e-01
1.782494712414701023e-11
4.380380340588537758e-01
1.783247024763780884e-11
4.377196410523817027e-01
1.783247024762837058e-11
1.783247024762837058e-11
4.379341651209545105e-01
4.379341651209545105e-01
4.379341651209545105e-01
4.379341651209545105e-01
4.379341651209545105e-01
4.379341651209545105e-01
4.379341651209545105e-01
1.783247024762837058e-11
4.379341651209545105e-01
4.379341651209545105e-01
4.379341651209545105e-01
4.379341651209545105e-01
4.379341651209545105e-01
4.379341651209545105e-01
1.341463925424152661e-03
4.380380340588537758e-01
4.379341651209545105e-01
4.379341651209545105e-01
4.378234987433167746e-01
1.782494712414701023e-11
1.784801931377763874e-11
4.379342999634607825e-01
3.775133998037810959e-11
1.783247024762837058e-11
4.379341733116118851e-01
1.783247024762837058e-11
4.379341651209545105e-01
4.379341651209545105e-01
4.379341651209545105e-01
4.378234987433167191e-01
1.782494712414701023e-11
