2.975346662750286851e-11
1.770454138526052562e-11
4.385820385791948106e-01
4.385820519489677105e-01
5.869693490616102911e-03
1.770454138526052562e-11
2.440042948815095456e-11
4.385820519489677105e-01
4.385820519489677105e-01
1.783247031023990712e-11
2.220692980764059701e-02
4.385820519489677105e-01
4.385820519489677105e-01
4.385820519489677105e-01
4.385820519489677105e-01
1.770454138526052562e-11
4.403556168012690009e-01
4.385820519489677105e-01
4.385577151836466125e-01
1.788750191697322408e-11
1.358757708649789595e-06
4.385820519489677105e-01
4.385820519489677105e-01
4.385820519489677105e-01
4.385820519489677105e-01
4.360521860967968566e-01
4.360521860967968566e-01
4.385820519489677105e-01
4.385820519489677105e-01
4.378234987520461807e-01
1.783247031023990712e-11
4.385820519489677105e-01
4.378234987520461807e-01
4.403556168012507377e-01
4.360521860967968566e-01
4.385820519489677105e-01
1.198036785068369889e-06
1.801675287247124423e-11
4.385820518837038051e-01
4.385820519489677105e-01
