4.378757324815901741e-01
4.378757324815901741e-01
4.380367301969095295e-01
4.380367301969095295e-01
4.378757324815901741e-01
4.378757324815901741e-01
1.784792480795240383e-11
4.378757324815901741e-01
3.775406680983000030e-01
5.753180046400502673e-09
4.378757324815901741e-01
1.783247027910899385e-11
4.378757324815901741e-01
1.784792480795240383e-11
4.378757324815901741e-01
4.378757324815901741e-01
7.930942681751987987e-11
4.378757324815901741e-01
1.782081055273018452e-11
1.783568419607137979e-11
1.783247027910899385e-11
4.380367301969095295e-01
4.378757324815901741e-01
1.783247027910899385e-11
4.378757324815901741e-01
4.378757324815901741e-01
4.378757324815901741e-01
4.378757324815901741e-01
4.378757324815901741e-01
1.783625497665965116e-11
1.782081055273018452e-11
3.229600788270861087e-08
4.378757324815901741e-01
1.651693391474518218e-09
4.378757324815901741e-01
4.378757324815901741e-01
4.378757324815901741e-01
4.378757324815901741e-01
4.378757324815901741e-01
