1.784321406722652959e-11
1.783247031059094836e-11
4.381111122380598744e-01
4.379717511971051302e-01
4.379717511971051302e-01
4.379717511971051302e-01
4.379717511971051302e-01
1.783247031059094836e-11
4.379717465480640337e-01
4.379717511971051302e-01
2.938416433902218999e-11
1.783247031059094836e-11
1.785331863926175428e-11
4.379717511971051302e-01
4.379717511971051302e-01
4.379717511971051302e-01
1.785012542831261498e-11
4.379717511971051302e-01
4.847118943203507342e-11
4.376841579345345234e-01
4.379717511971051302e-01
1.783247031059094836e-11
1.783247031059094836e-11
1.782237753823527878e-11
1.783247031059094836e-11
4.379717511971051302e-01
1.782240403191726594e-11
4.379717511971051302e-01
1.785331863926175428e-11
4.379717511971051302e-01
1.783247031059094836e-11
1.785331863926175428e-11
1.785331863926175428e-11
1.782237753823527878e-11
1.551744448570533003e-08
4.381111122380598744e-01
4.379717511971051302e-01
1.783247031061724042e-11
1.785331863926175428e-11
