6.477544473842484479e-07
1.693541895475836361e-10
4.379240984427728023e-01
1.783976008555998597e-11
4.379240984427728023e-01
1.783247032346194331e-11
4.379240984427728023e-01
1.783976008555998597e-11
1.289232395902248206e-10
1.783247031059227960e-11
1.783247031059227960e-11
4.376835526501614559e-01
4.379240984427728023e-01
4.379240984427728023e-01
1.783247031059227960e-11
1.783247031059227960e-11
4.376834538808812569e-01
1.782232655472979297e-11
7.985588306621276197e-11
1.782232655472979297e-11
4.379240984427728023e-01
4.379240984427728023e-01
5.602817003752734980e-09
4.379240984427728023e-01
1.782232655472979297e-11
4.379240984427728023e-01
4.379240984427728023e-01
4.376834538808812569e-01
4.679340859901593656e-04
1.783247031059227960e-11
4.379240984427728023e-01
4.379240984427728023e-01
4.379240984427728023e-01
1.783976008555998597e-11
1.782232655472979297e-11
1.784991376388881360e-11
4.379240984427728023e-01
4.379240984427728023e-01
4.379240984427728023e-01
4.378234987520952526e-01
