1.782274404782273659e-11
1.785200321343341769e-11
4.379586752526867244e-01
4.380929735263275338e-01
1.782274404782273659e-11
1.782274404782273659e-11
4.379586752526867244e-01
4.378234987564837422e-01
1.783247034206802702e-11
4.379586752526867244e-01
4.380929735263275338e-01
4.379586752526867244e-01
4.380929735263275338e-01
4.379586752526867244e-01
9.202180019597225660e-03
4.380929735263275338e-01
4.379587230251963392e-01
4.379586752526867244e-01
1.784217920490905618e-11
1.784226626545083994e-11
4.379586752526867244e-01
1.782274404782374795e-11
4.378234987564837422e-01
4.380929735263275338e-01
4.379586752526867244e-01
4.380929735263275338e-01
4.379586752526867244e-01
4.376893108981061431e-01
1.622425467095673572e-09
2.288485638566844787e-11
4.380929735263275338e-01
4.379586752526867244e-01
1.782274404782273659e-11
4.380929735263275338e-01
4.376892187445616811e-01
1.782274404782273659e-11
1.785200099061228849e-11
4.380929735263275338e-01
1.782274404782273659e-11
4.379535735494873849e-01
4.377051784470938900e-01
4.379535735494873849e-01
3.777778584111259885e-01
4.379535735494873849e-01
1.783247034207094154e-11
4.380719086928911432e-01
4.379535735494873849e-01
4.379535735494873849e-01
1.785047565457215360e-11
1.785047565457215360e-11
7.645498673670444003e-06
1.784189573889043174e-11
1.782389981253468656e-11
4.379535735494873849e-01
1.783247034207094154e-11
1.783247034207094154e-11
1.782389981253468656e-11
1.785047565457215360e-11
4.379535735494873849e-01
4.379535613699770402e-01
3.034097395241890869e-08
1.782389981253468656e-11
1.782389981253468656e-11
4.380719086928911432e-01
4.380719086928911432e-01
4.377051785725695754e-01
1.783247034207094154e-11
4.379535735494873849e-01
4.377051784470826767e-01
4.379535735494873849e-01
4.379535735494873849e-01
3.776648647834953687e-01
4.379535735494873849e-01
4.379535735494873849e-01
2.228748808871357512e-01
1.784189647143605368e-11
4.380659722897974895e-01
1.846644254423279730e-02
4.378513521158682864e-01
4.378628694054266246e-01
4.378628694054266246e-01
3.775782587599401663e-01
4.378628694054266246e-01
1.783532298549675928e-11
1.783238052891212960e-11
4.378628694054266246e-01
4.378628694054266246e-01
4.378628694054266246e-01
4.378628694054266246e-01
4.378628694054266246e-01
1.783052269175293112e-11
4.378628694054266246e-01
4.378628694054266246e-01
1.783052268295020752e-11
9.773782287172554139e-05
1.783052268295020752e-11
4.378628694054266246e-01
4.378628694054266246e-01
4.377966143216832640e-01
1.783247037355257939e-11
1.783052268295020752e-11
4.378628694054266246e-01
4.378628694054266246e-01
4.378628694054266246e-01
4.378628694054266246e-01
4.378628694054266246e-01
1.783052268295020752e-11
4.378628694054266246e-01
1.783247037355257939e-11
4.378628694054266246e-01
1.783052268295020752e-11
1.783052268295020752e-11
4.378897547442654470e-01
1.783052268295020752e-11
4.378628694054266246e-01
1.783247037355257939e-11
1.026075745682489539e-10
1.783247024763217045e-11
4.377890011688905236e-01
4.376921086680199413e-01
1.782295323109288390e-11
4.376921086680199413e-01
4.379203976782692354e-01
4.377890011688905236e-01
1.783247024763217045e-11
4.376921086680199413e-01
4.377890011688905236e-01
4.377890011688905236e-01
4.377890011688905236e-01
4.377890011688905236e-01
1.782295323109288390e-11
4.377890011688905236e-01
4.377890011688905236e-01
4.376921086680199413e-01
1.191415673339092929e-01
3.207906321617539636e-01
4.377890011688905236e-01
4.377890011688905236e-01
4.377890011688905236e-01
2.689414208206144519e-01
4.377890011688905236e-01
2.584628567468175262e-04
4.377890011688905236e-01
4.377890011688905236e-01
4.377890011688905236e-01
1.783247024763217045e-11
2.041975702522226601e-09
4.377890011688905236e-01
1.782947604440168788e-11
4.642451938452601798e-10
1.783247024763217045e-11
4.377890011688905236e-01
1.782295323109288390e-11
4.377890011688905236e-01
1.783247024744008360e-11
4.376921086680199413e-01
1.783949180776204373e-11
1.783247034207321952e-11
1.782399145280842186e-11
4.379996913262900748e-01
1.783247034207321952e-11
2.409033529960495727e-11
4.378826260037195217e-01
1.782399145280842186e-11
4.378826260037195217e-01
1.783247034207321952e-11
4.378826260037195217e-01
4.378826260037195217e-01
1.782399145280842186e-11
4.378826260037195217e-01
4.379996913262900748e-01
4.378826260037195217e-01
4.378826260037195217e-01
4.378471373129905198e-01
4.377064438488157405e-01
4.378826260037195217e-01
4.378826511996628534e-01
1.783247034207321952e-11
1.782399233359339480e-11
4.379996913262900748e-01
1.783675457519690909e-11
1.782399145280842186e-11
4.378826260037195217e-01
1.782399145280842186e-11
4.377064438500369858e-01
4.378234987564842418e-01
1.783247034207321952e-11
1.783675457519690909e-11
1.783247034207321952e-11
1.782420478326899930e-11
1.783675457519690909e-11
3.791075863372052294e-10
1.783247034207321952e-11
4.094539698029095801e-03
6.037504566906234243e-02
4.378826260037195217e-01
4.379539011323020925e-01
4.380380340588537758e-01
1.782494712414701023e-11
4.380380340588537758e-01
1.783247024763780884e-11
4.377196410523817027e-01
1.783247024762837058e-11
1.783247024762837058e-11
4.379341651209545105e-01
4.379341651209545105e-01
4.379341651209545105e-01
4.379341651209545105e-01
4.379341651209545105e-01
4.379341651209545105e-01
4.379341651209545105e-01
1.783247024762837058e-11
4.379341651209545105e-01
4.379341651209545105e-01
4.379341651209545105e-01
4.379341651209545105e-01
4.379341651209545105e-01
4.379341651209545105e-01
1.341463925424152661e-03
4.380380340588537758e-01
4.379341651209545105e-01
4.379341651209545105e-01
4.378234987433167746e-01
1.782494712414701023e-11
1.784801931377763874e-11
4.379342999634607825e-01
3.775133998037810959e-11
1.783247024762837058e-11
4.379341733116118851e-01
1.783247024762837058e-11
4.379341651209545105e-01
4.379341651209545105e-01
4.379341651209545105e-01
4.378234987433167191e-01
1.782494712414701023e-11
2.975346662750286851e-11
1.770454138526052562e-11
4.385820385791948106e-01
4.385820519489677105e-01
5.869693490616102911e-03
1.770454138526052562e-11
2.440042948815095456e-11
4.385820519489677105e-01
4.385820519489677105e-01
1.783247031023990712e-11
2.220692980764059701e-02
4.385820519489677105e-01
4.385820519489677105e-01
4.385820519489677105e-01
4.385820519489677105e-01
1.770454138526052562e-11
4.403556168012690009e-01
4.385820519489677105e-01
4.385577151836466125e-01
1.788750191697322408e-11
1.358757708649789595e-06
4.385820519489677105e-01
4.385820519489677105e-01
4.385820519489677105e-01
4.385820519489677105e-01
4.360521860967968566e-01
4.360521860967968566e-01
4.385820519489677105e-01
4.385820519489677105e-01
4.378234987520461807e-01
1.783247031023990712e-11
4.385820519489677105e-01
4.378234987520461807e-01
4.403556168012507377e-01
4.360521860967968566e-01
4.385820519489677105e-01
1.198036785068369889e-06
1.801675287247124423e-11
4.385820518837038051e-01
4.385820519489677105e-01
4.378757324815901741e-01
4.378757324815901741e-01
4.380367301969095295e-01
4.380367301969095295e-01
4.378757324815901741e-01
4.378757324815901741e-01
1.784792480795240383e-11
4.378757324815901741e-01
3.775406680983000030e-01
5.753180046400502673e-09
4.378757324815901741e-01
1.783247027910899385e-11
4.378757324815901741e-01
1.784792480795240383e-11
4.378757324815901741e-01
4.378757324815901741e-01
7.930942681751987987e-11
4.378757324815901741e-01
1.782081055273018452e-11
1.783568419607137979e-11
1.783247027910899385e-11
4.380367301969095295e-01
4.378757324815901741e-01
1.783247027910899385e-11
4.378757324815901741e-01
4.378757324815901741e-01
4.378757324815901741e-01
4.378757324815901741e-01
4.378757324815901741e-01
1.783625497665965116e-11
1.782081055273018452e-11
3.229600788270861087e-08
4.378757324815901741e-01
1.651693391474518218e-09
4.378757324815901741e-01
4.378757324815901741e-01
4.378757324815901741e-01
4.378757324815901741e-01
4.378757324815901741e-01
1.784321406722652959e-11
1.783247031059094836e-11
4.381111122380598744e-01
4.379717511971051302e-01
4.379717511971051302e-01
4.379717511971051302e-01
4.379717511971051302e-01
1.783247031059094836e-11
4.379717465480640337e-01
4.379717511971051302e-01
2.938416433902218999e-11
1.783247031059094836e-11
1.785331863926175428e-11
4.379717511971051302e-01
4.379717511971051302e-01
4.379717511971051302e-01
1.785012542831261498e-11
4.379717511971051302e-01
4.847118943203507342e-11
4.376841579345345234e-01
4.379717511971051302e-01
1.783247031059094836e-11
1.783247031059094836e-11
1.782237753823527878e-11
1.783247031059094836e-11
4.379717511971051302e-01
1.782240403191726594e-11
4.379717511971051302e-01
1.785331863926175428e-11
4.379717511971051302e-01
1.783247031059094836e-11
1.785331863926175428e-11
1.785331863926175428e-11
1.782237753823527878e-11
1.551744448570533003e-08
4.381111122380598744e-01
4.379717511971051302e-01
1.783247031061724042e-11
1.785331863926175428e-11
6.477544473842484479e-07
1.693541895475836361e-10
4.379240984427728023e-01
1.783976008555998597e-11
4.379240984427728023e-01
1.783247032346194331e-11
4.379240984427728023e-01
1.783976008555998597e-11
1.289232395902248206e-10
1.783247031059227960e-11
1.783247031059227960e-11
4.376835526501614559e-01
4.379240984427728023e-01
4.379240984427728023e-01
1.783247031059227960e-11
1.783247031059227960e-11
4.376834538808812569e-01
1.782232655472979297e-11
7.985588306621276197e-11
1.782232655472979297e-11
4.379240984427728023e-01
4.379240984427728023e-01
5.602817003752734980e-09
4.379240984427728023e-01
1.782232655472979297e-11
4.379240984427728023e-01
4.379240984427728023e-01
4.376834538808812569e-01
4.679340859901593656e-04
1.783247031059227960e-11
4.379240984427728023e-01
4.379240984427728023e-01
4.379240984427728023e-01
1.783976008555998597e-11
1.782232655472979297e-11
1.784991376388881360e-11
4.379240984427728023e-01
4.379240984427728023e-01
4.379240984427728023e-01
4.378234987520952526e-01
