9.999999711087208532e-01
9.999998531642664279e-01
2.582937646664459387e-03
2.642762647501358843e-03
9.999999683053776289e-01
2.787169887036537036e-03
9.999999653740035965e-01
9.999999629007554347e-01
9.999999700720281215e-01
9.999998589186326337e-01
9.999999689181141571e-01
2.843665804331919639e-03
9.999997719069041446e-01
9.999999576654057254e-01
9.999999423798746623e-01
2.601001279368721653e-03
2.533624269354509996e-03
2.678810201069086513e-03
9.999999716277677697e-01
2.747107110537377363e-03
2.624887025926022407e-03
9.999999699782606832e-01
9.999998618776750892e-01
2.605105421422939868e-03
3.254307108632217057e-03
2.626948270029443727e-03
9.999999639252610262e-01
2.737672573893019067e-03
9.999999603221239042e-01
9.999998376128045319e-01
9.999179987339071873e-01
9.999999591591376413e-01
2.664160045546880556e-03
2.668996844797851768e-03
9.999999579155698370e-01
3.392510651515500027e-03
3.033144701903826065e-03
9.999999512110372413e-01
8.701783674330276774e-02
9.999999620089746744e-01
2.398814815549492937e-03
9.999999761456620506e-01
2.618529753617980169e-03
2.738241442041797029e-03
2.596604579480155887e-03
2.692233009989589924e-03
2.837974587882928154e-03
9.999999607768892407e-01
9.999999663463545740e-01
2.838411738036246586e-03
2.776337420288382471e-03
2.765721885687463105e-03
2.683075646105827303e-03
2.738239985924651333e-03
2.578438804005114392e-03
9.999999452425526458e-01
2.623077159047478880e-03
2.555258157477458079e-03
2.986479175123178762e-03
9.999230213684598967e-01
9.999999566843084109e-01
3.191880559073446630e-03
2.460206665408378509e-03
9.999999693632799502e-01
