5.448888788832909971e-07
9.999999201433197316e-01
6.641344438699157825e-07
5.012859123535300634e-07
5.784165251910096963e-07
9.999999515896812463e-01
9.999999359492383055e-01
7.142999353581832999e-07
6.106093138375092619e-07
9.999999416271673214e-01
4.716505457450723983e-07
6.565523870308083512e-07
9.999999468543464554e-01
5.374596181663427526e-07
9.999999427289913978e-01
9.999999552180682816e-01
5.661876717665136099e-07
6.180948454546941654e-07
9.999999415658126223e-01
6.062507911441384615e-07
9.999999500490692750e-01
6.999435794276714537e-07
7.073811973172876098e-07
6.334113229757741565e-07
7.716815595719086813e-07
9.999999580390266374e-01
9.999999420053367061e-01
6.103774272778095226e-07
9.999999575459797008e-01
9.999999293852553928e-01
6.388474115092495073e-07
9.999999352998381053e-01
5.238867408419714434e-07
6.287392545027970611e-07
5.960079535561188866e-07
7.142984682193179381e-07
9.999999538570393254e-01
9.999999477949020887e-01
6.054733727913977430e-07
5.850405257147927358e-07
9.999999487121540298e-01
9.999999403128529973e-01
5.766071918703878170e-07
6.107844406166466888e-07
9.999999458256698670e-01
5.730602236582615824e-07
9.999999469126851226e-01
4.360689560994353287e-02
9.999999454500622109e-01
5.956767147009994800e-07
4.040670432396192477e-06
7.142965728621259523e-07
9.999999473747059886e-01
6.006924639345919095e-07
6.441288543937016121e-07
6.134572741009996263e-07
4.772486000767470802e-07
9.999999577306688536e-01
6.098276502372554115e-07
9.999999451880338119e-01
9.999999463849469361e-01
9.999999557127989824e-01
5.393530958367300350e-07
9.999999373639348876e-01
