9.999999421551168943e-01
2.330684999368900969e-03
2.062667405231443686e-03
2.000978455357883823e-03
1.956314806494999052e-03
9.999999503531278311e-01
9.999999566849270272e-01
9.999999479924512880e-01
9.999999648187954948e-01
9.999999524559624042e-01
9.999999513524625572e-01
1.863447830681026415e-03
9.999999379432437108e-01
2.806512246998023319e-03
1.829767522166371495e-03
9.999996274791187467e-01
9.999999654147971873e-01
2.142850398421550923e-03
2.370182893874122915e-03
2.012142102747148213e-03
1.921931696210746159e-03
1.828438816440877083e-03
2.330720968331094229e-03
2.075641487522570522e-03
2.758350267038802654e-03
1.676026579062939040e-03
9.999999448324295992e-01
2.184145712310108216e-03
9.999999631692007007e-01
9.999999686896595685e-01
9.999999487347031035e-01
9.999999594028340377e-01
9.999999507638688279e-01
9.999999513853047306e-01
9.999999635095726536e-01
2.553792258327792358e-03
1.829796420198743926e-03
9.999999569359453444e-01
3.614800960935471864e-03
9.999999594208651699e-01
2.433599445381441628e-03
9.999999504784073956e-01
2.621120683725985338e-03
1.665718271225844144e-03
9.999999634999461318e-01
2.240433209195752742e-03
2.127022158915483751e-03
9.999999530544705362e-01
2.128617094355055635e-03
2.119680846101507522e-03
2.142873446426160362e-03
2.494875224595066200e-03
9.999999467468680958e-01
9.999999653474133110e-01
1.864015199531554156e-03
2.573560116696480514e-03
2.464259443824992277e-03
9.999999552682599102e-01
9.999999501002505564e-01
2.011696949120777948e-03
9.999999723379519034e-01
9.999999627007215564e-01
2.697844634496406394e-03
2.255026185141018220e-03
