9.999996714906702611e-01
1.357758236446151862e-03
9.999997497062431684e-01
1.994525396611633323e-03
9.999997521630553665e-01
2.010669100380543372e-03
1.564681245795705028e-03
1.494836873482242087e-03
9.999997839883674189e-01
1.495003328366422985e-03
1.757990186261271454e-03
1.503458400870223135e-03
1.255808697096368011e-03
3.880006064588604944e-03
9.999997111534358885e-01
1.568758874184505124e-03
1.466355857925926180e-03
9.999997856302564880e-01
9.999967883317986139e-01
9.999997405570175690e-01
1.731536066223149026e-03
9.999997704856662395e-01
9.999997394202004841e-01
9.999997023787616790e-01
9.999997034194167966e-01
1.293279842430440987e-03
1.214056276607634616e-03
9.999997405264060557e-01
2.519247333999864290e-03
1.279465056304233224e-03
9.999997296915841272e-01
1.422284115274541436e-03
2.774509792821221524e-03
1.490562030815006760e-03
9.999997328089230697e-01
1.473347159944294639e-03
9.999997411424992322e-01
9.999997535954011640e-01
9.999991921332899159e-01
9.999997373870569417e-01
1.617319332838062325e-03
1.535804028042175992e-03
1.502306536464640850e-03
9.999995644159364039e-01
9.999997138313394540e-01
9.999997630128503179e-01
1.404165929223112489e-03
9.999997663768351863e-01
1.495563399215978084e-03
9.999997149733337309e-01
2.289188825524547753e-03
9.999997357762505645e-01
1.388295744720237195e-03
9.999997158080694559e-01
1.629201441015884662e-03
9.999997289848852056e-01
1.564644452537242506e-03
2.097314178905566005e-03
1.335766164651020849e-03
9.999997223738339436e-01
9.999997623446147399e-01
1.460852431498708840e-03
9.999996997899160966e-01
9.999997523853767500e-01
