2.474483556786244692e-03
9.999999869885725090e-01
2.453569022433226346e-03
2.477075817801512297e-03
3.304055035689496683e-03
9.999999846245717361e-01
2.496981303016461862e-03
2.602981061338412519e-03
2.684875101633064139e-03
9.999999873768833369e-01
2.463128907359727910e-03
9.999996363225852614e-01
9.999999322293432469e-01
9.999999874254225096e-01
9.999999328201664150e-01
2.558083152043600424e-03
2.548936059917637602e-03
2.449240162852648565e-03
2.416766646649599632e-03
9.999999850144811742e-01
9.999999805564817601e-01
9.999997565592839699e-01
9.999999754669947061e-01
9.999999865299606938e-01
9.999999845903981832e-01
2.453750927526688035e-03
9.999999879865594243e-01
2.602626547243189377e-03
9.999999644064186954e-01
9.999999838375894790e-01
2.374626298224065141e-03
2.331158824468210992e-03
2.453428680288441584e-03
9.999999839414601688e-01
2.548353479667086162e-03
9.999999099279918147e-01
2.657791017469511140e-03
2.235807853902160858e-02
9.999999879537769809e-01
9.999999904479651702e-01
2.420724380835681099e-03
9.999999880559421461e-01
9.999999695922983101e-01
9.999999843623050833e-01
2.558012455098859338e-03
2.434521297580176900e-03
9.999999879120596846e-01
2.532900271065990222e-03
2.504672971570656714e-03
2.813174728753419472e-03
9.999999875920718706e-01
2.533495195127859808e-03
2.516704168736182395e-03
2.420575054154282518e-03
9.963162477506822823e-01
9.999999864783430947e-01
9.999999876022328538e-01
9.999999854766692398e-01
9.999999849469969337e-01
9.999999869156863674e-01
2.655774196054075820e-03
9.999999863761899199e-01
2.587699255145804820e-03
2.510614326800211012e-03
