9.998628839700212101e-01
4.190538485671057298e-05
4.891105381817445149e-05
3.916438321092876196e-05
4.008241455069417377e-05
4.659150569545715662e-05
4.939103321914125266e-05
9.999627266684918414e-01
4.057801320373843299e-05
9.999769128578864796e-01
8.209709510197038193e-04
3.821510079976900287e-05
9.998265449140836258e-01
3.961864766954640448e-05
3.798933071258022375e-05
9.999813174162857088e-01
3.961860602993852540e-05
7.162226241848913290e-05
4.460786419867154233e-05
9.999878162702222628e-01
9.999754094125388182e-01
4.534744102779546515e-05
3.456728521653526124e-05
3.337316131599611798e-05
3.629291351680022734e-05
3.839461292117369993e-05
5.893173091756249982e-05
4.875457636699197933e-02
5.200287968339934710e-05
5.002827431687521288e-03
4.952949978182806431e-05
3.961817141005647661e-05
9.999708201467030211e-01
7.544535123319089376e-01
9.999866248003098645e-01
9.999721694155746521e-01
9.999751824229737851e-01
9.999897239982269426e-01
4.402882917705768932e-05
4.011749484838545587e-05
4.421359075013434894e-05
2.884310851847405449e-05
4.103371038826370828e-05
4.305796199119020290e-05
9.999809540156588961e-01
3.400751151036364195e-05
3.960584518067543710e-05
4.177763766887275255e-05
3.711526812995525677e-05
9.999764570805272923e-01
9.999843318220646982e-01
5.985692185731730645e-05
9.999110881806525519e-01
5.954625268285269825e-05
9.999096221920997785e-01
9.999434985651397545e-01
3.729149287740751327e-05
3.961817128044449113e-05
9.998618457106182023e-01
9.888634529461097777e-01
4.623926700666454941e-05
9.999800865377372894e-01
9.999823230079158964e-01
4.356770317754778344e-05
