2.520063664279580899e-03
2.536599775483332122e-03
9.999999960614256445e-01
9.999999968183133081e-01
9.999999884592326582e-01
2.815532704435477762e-03
9.999999978393037114e-01
2.604387881753648937e-03
9.999999975121869333e-01
2.554500186824378363e-03
2.284533750297196384e-03
2.745507014111052500e-03
9.999999973584323687e-01
9.999999977390390260e-01
9.999999978820750535e-01
9.999999963431500660e-01
2.823447383131268661e-03
9.999999974938214020e-01
9.999999975956612719e-01
9.999999974907829436e-01
2.110046328268088030e-03
2.588722212566410552e-03
9.999999954311229455e-01
2.326007187880623547e-03
9.999999972964479511e-01
9.999999977856353084e-01
9.980148554670557060e-01
9.999999976196942697e-01
2.553018332323994059e-03
9.999999978996847450e-01
9.999999770135857835e-01
2.581409271465510448e-03
9.999999970553472561e-01
9.999999980596765425e-01
2.591993215615294617e-03
9.999999977412579177e-01
9.999999967149042490e-01
2.680736419326463279e-03
2.258278926670656290e-03
9.999999969632704655e-01
2.810670341760119692e-03
2.519844994233189084e-03
3.126975990967055096e-03
2.398038545297442523e-03
2.404108442050594766e-03
9.999999972146271787e-01
2.646729038882596804e-03
9.999999967604278339e-01
2.520483548951504491e-03
2.545679886428449216e-03
2.565048015753739787e-03
2.812661630087176165e-03
2.739811776780572139e-03
9.999999970302040353e-01
2.852725482919270510e-03
2.416335083743128675e-03
2.488518768797784442e-03
9.999999976956011061e-01
9.999999974009341486e-01
9.999999978445615056e-01
2.783548627162386966e-03
2.720944944425752327e-03
9.999999972424180594e-01
2.771044191313331781e-03
