4.662566395539958358e-03
9.999999747371284275e-01
9.999999751519923485e-01
9.999999750699595236e-01
9.999999768804138656e-01
4.189352142781593326e-03
1.877187366556282155e-02
3.698309424702520866e-03
4.019355709580505961e-03
9.999999553859826307e-01
9.999999813970611440e-01
9.999999730775342988e-01
4.590294818918574417e-03
9.999999748317462966e-01
4.371417029315654776e-03
9.999999743205765235e-01
9.999999685182833220e-01
9.999999676380338931e-01
9.999999715942479162e-01
9.999999762120149738e-01
4.101488462462462778e-03
3.829286077240623073e-03
9.999999808334273377e-01
9.999999759168965996e-01
9.999999735986646598e-01
3.880970698020902009e-03
4.873851772515981097e-03
9.999999783425603805e-01
9.999999785359883209e-01
9.999999757230381148e-01
9.999999802759649281e-01
3.447031579862582570e-03
4.594491527723720652e-03
9.999999715677204692e-01
4.548675732862076868e-03
9.999999717397315413e-01
9.999999804537383907e-01
4.389298987623705718e-03
4.173780872282694190e-03
4.154888584447024441e-03
3.628219111370949157e-03
4.490842864519606174e-03
3.508519863564264242e-03
4.442595677882487694e-03
3.966826146700334725e-03
9.999999668528276597e-01
9.999999673527699695e-01
9.999999788159728009e-01
3.850179726839417227e-03
4.355978458941253857e-03
3.756980804545533102e-03
4.543083495082572004e-03
9.999999785220936577e-01
9.999999754531491147e-01
4.287033357711734355e-03
4.472853972001037542e-03
4.424211593938901475e-03
9.999999604826992350e-01
4.131960494478329436e-03
5.752761839362407169e-03
4.905406588510826185e-03
4.767532087153957335e-03
3.625448295457528100e-03
4.504260598505270032e-03
