3.276906961252940963e-03
3.268215630757865739e-03
9.999993153663873091e-01
9.999992603105336553e-01
9.999991960596081864e-01
9.999990624800464412e-01
9.999811579248600868e-01
9.999992803979400602e-01
9.999973984176170339e-01
9.999989361344365779e-01
3.077854136658541781e-03
3.002038895038603404e-03
2.948691182062075297e-03
9.999941588568255213e-01
3.082805568490957094e-03
9.999988871391113365e-01
9.989651117963178617e-01
3.022991802872538897e-03
9.999991025246207643e-01
3.075782150671411107e-03
3.075745918146485011e-03
9.999993293761452184e-01
3.077854136658541781e-03
9.999989239472072411e-01
3.102896508326658930e-03
3.077854136658541781e-03
9.999991504368478390e-01
9.999981996580109556e-01
3.052406005041994295e-03
9.999992755239632825e-01
9.999992880140573526e-01
9.999993133811848622e-01
9.999993716488735362e-01
3.206524067147757933e-03
9.999984273427712234e-01
3.077854136658541781e-03
9.999989421838454406e-01
3.077854136658544383e-03
9.999991393245737381e-01
9.999993292361658570e-01
9.999990627922479280e-01
9.999988901183761714e-01
9.999993968146817513e-01
9.999990181513102039e-01
9.999994238656919610e-01
2.917564784642313024e-03
9.999991392213942731e-01
3.077854397473748452e-03
2.932508318093540126e-03
9.999990695714471300e-01
9.999992088075899677e-01
3.176934615532157110e-03
9.999993187133983108e-01
9.999988122116572065e-01
9.999991872960255490e-01
3.142536234274048972e-03
9.999987347518247693e-01
3.078914237241137629e-03
3.512520477559946674e-01
3.077854136658541781e-03
9.999991875421856413e-01
3.275140756747254873e-03
9.999990784142582800e-01
2.818205323343161983e-03
