9.999994262662602607e-01
9.999992115543253623e-01
9.999980933640251202e-01
1.822926430987357885e-03
1.636985292903937088e-03
1.478374680128260532e-03
1.670349888004065905e-03
9.999990365627878797e-01
1.565539616397048110e-03
1.588236462461072290e-03
9.999992580911667428e-01
9.999992130453565498e-01
9.999994098335683868e-01
1.436924790770852242e-03
9.999993413873097259e-01
1.573476626612352151e-03
1.481114447800280752e-03
9.999994100665016150e-01
1.636436322419008386e-03
1.421134794282758818e-03
1.580096242542667825e-03
9.999992520301771437e-01
1.633986398376547277e-03
9.999992947956174438e-01
9.999990773028752944e-01
9.999993746781132842e-01
9.999992587089134854e-01
1.508296832927191527e-03
1.572768193866716296e-03
1.666829095298722786e-03
1.593126822182209081e-03
9.999993137208440519e-01
9.999993879761515103e-01
1.634161646997832991e-03
9.999991322985466446e-01
1.555881962416139682e-03
1.828870650164357049e-03
9.999991732009835266e-01
9.999993932179678247e-01
9.999995107616241885e-01
1.636373945670270601e-03
9.999993344218909286e-01
1.563243401951533657e-03
1.577659063798926347e-03
3.095130285570665829e-01
9.999994193998946734e-01
9.999989457301748930e-01
1.540843078356991759e-03
1.760277410615047802e-03
1.710999382784063501e-03
9.999992432979505352e-01
1.604551452417445371e-03
1.500536771051041388e-03
1.621036347679163415e-03
1.762277773414052881e-03
9.999991727978808642e-01
1.476746046474280072e-03
1.754517914300978169e-03
1.587898667547452559e-03
9.999993350315296015e-01
9.999992487119602202e-01
9.999993231621335799e-01
9.999992196660506538e-01
9.999992397212285056e-01
