9.999999711087208532e-01
9.999998531642664279e-01
2.582937646664459387e-03
2.642762647501358843e-03
9.999999683053776289e-01
2.787169887036537036e-03
9.999999653740035965e-01
9.999999629007554347e-01
9.999999700720281215e-01
9.999998589186326337e-01
9.999999689181141571e-01
2.843665804331919639e-03
9.999997719069041446e-01
9.999999576654057254e-01
9.999999423798746623e-01
2.601001279368721653e-03
2.533624269354509996e-03
2.678810201069086513e-03
9.999999716277677697e-01
2.747107110537377363e-03
2.624887025926022407e-03
9.999999699782606832e-01
9.999998618776750892e-01
2.605105421422939868e-03
3.254307108632217057e-03
2.626948270029443727e-03
9.999999639252610262e-01
2.737672573893019067e-03
9.999999603221239042e-01
9.999998376128045319e-01
9.999179987339071873e-01
9.999999591591376413e-01
2.664160045546880556e-03
2.668996844797851768e-03
9.999999579155698370e-01
3.392510651515500027e-03
3.033144701903826065e-03
9.999999512110372413e-01
8.701783674330276774e-02
9.999999620089746744e-01
2.398814815549492937e-03
9.999999761456620506e-01
2.618529753617980169e-03
2.738241442041797029e-03
2.596604579480155887e-03
2.692233009989589924e-03
2.837974587882928154e-03
9.999999607768892407e-01
9.999999663463545740e-01
2.838411738036246586e-03
2.776337420288382471e-03
2.765721885687463105e-03
2.683075646105827303e-03
2.738239985924651333e-03
2.578438804005114392e-03
9.999999452425526458e-01
2.623077159047478880e-03
2.555258157477458079e-03
2.986479175123178762e-03
9.999230213684598967e-01
9.999999566843084109e-01
3.191880559073446630e-03
2.460206665408378509e-03
9.999999693632799502e-01
5.448888788832909971e-07
9.999999201433197316e-01
6.641344438699157825e-07
5.012859123535300634e-07
5.784165251910096963e-07
9.999999515896812463e-01
9.999999359492383055e-01
7.142999353581832999e-07
6.106093138375092619e-07
9.999999416271673214e-01
4.716505457450723983e-07
6.565523870308083512e-07
9.999999468543464554e-01
5.374596181663427526e-07
9.999999427289913978e-01
9.999999552180682816e-01
5.661876717665136099e-07
6.180948454546941654e-07
9.999999415658126223e-01
6.062507911441384615e-07
9.999999500490692750e-01
6.999435794276714537e-07
7.073811973172876098e-07
6.334113229757741565e-07
7.716815595719086813e-07
9.999999580390266374e-01
9.999999420053367061e-01
6.103774272778095226e-07
9.999999575459797008e-01
9.999999293852553928e-01
6.388474115092495073e-07
9.999999352998381053e-01
5.238867408419714434e-07
6.287392545027970611e-07
5.960079535561188866e-07
7.142984682193179381e-07
9.999999538570393254e-01
9.999999477949020887e-01
6.054733727913977430e-07
5.850405257147927358e-07
9.999999487121540298e-01
9.999999403128529973e-01
5.766071918703878170e-07
6.107844406166466888e-07
9.999999458256698670e-01
5.730602236582615824e-07
9.999999469126851226e-01
4.360689560994353287e-02
9.999999454500622109e-01
5.956767147009994800e-07
4.040670432396192477e-06
7.142965728621259523e-07
9.999999473747059886e-01
6.006924639345919095e-07
6.441288543937016121e-07
6.134572741009996263e-07
4.772486000767470802e-07
9.999999577306688536e-01
6.098276502372554115e-07
9.999999451880338119e-01
9.999999463849469361e-01
9.999999557127989824e-01
5.393530958367300350e-07
9.999999373639348876e-01
9.999999421551168943e-01
2.330684999368900969e-03
2.062667405231443686e-03
2.000978455357883823e-03
1.956314806494999052e-03
9.999999503531278311e-01
9.999999566849270272e-01
9.999999479924512880e-01
9.999999648187954948e-01
9.999999524559624042e-01
9.999999513524625572e-01
1.863447830681026415e-03
9.999999379432437108e-01
2.806512246998023319e-03
1.829767522166371495e-03
9.999996274791187467e-01
9.999999654147971873e-01
2.142850398421550923e-03
2.370182893874122915e-03
2.012142102747148213e-03
1.921931696210746159e-03
1.828438816440877083e-03
2.330720968331094229e-03
2.075641487522570522e-03
2.758350267038802654e-03
1.676026579062939040e-03
9.999999448324295992e-01
2.184145712310108216e-03
9.999999631692007007e-01
9.999999686896595685e-01
9.999999487347031035e-01
9.999999594028340377e-01
9.999999507638688279e-01
9.999999513853047306e-01
9.999999635095726536e-01
2.553792258327792358e-03
1.829796420198743926e-03
9.999999569359453444e-01
3.614800960935471864e-03
9.999999594208651699e-01
2.433599445381441628e-03
9.999999504784073956e-01
2.621120683725985338e-03
1.665718271225844144e-03
9.999999634999461318e-01
2.240433209195752742e-03
2.127022158915483751e-03
9.999999530544705362e-01
2.128617094355055635e-03
2.119680846101507522e-03
2.142873446426160362e-03
2.494875224595066200e-03
9.999999467468680958e-01
9.999999653474133110e-01
1.864015199531554156e-03
2.573560116696480514e-03
2.464259443824992277e-03
9.999999552682599102e-01
9.999999501002505564e-01
2.011696949120777948e-03
9.999999723379519034e-01
9.999999627007215564e-01
2.697844634496406394e-03
2.255026185141018220e-03
9.999996714906702611e-01
1.357758236446151862e-03
9.999997497062431684e-01
1.994525396611633323e-03
9.999997521630553665e-01
2.010669100380543372e-03
1.564681245795705028e-03
1.494836873482242087e-03
9.999997839883674189e-01
1.495003328366422985e-03
1.757990186261271454e-03
1.503458400870223135e-03
1.255808697096368011e-03
3.880006064588604944e-03
9.999997111534358885e-01
1.568758874184505124e-03
1.466355857925926180e-03
9.999997856302564880e-01
9.999967883317986139e-01
9.999997405570175690e-01
1.731536066223149026e-03
9.999997704856662395e-01
9.999997394202004841e-01
9.999997023787616790e-01
9.999997034194167966e-01
1.293279842430440987e-03
1.214056276607634616e-03
9.999997405264060557e-01
2.519247333999864290e-03
1.279465056304233224e-03
9.999997296915841272e-01
1.422284115274541436e-03
2.774509792821221524e-03
1.490562030815006760e-03
9.999997328089230697e-01
1.473347159944294639e-03
9.999997411424992322e-01
9.999997535954011640e-01
9.999991921332899159e-01
9.999997373870569417e-01
1.617319332838062325e-03
1.535804028042175992e-03
1.502306536464640850e-03
9.999995644159364039e-01
9.999997138313394540e-01
9.999997630128503179e-01
1.404165929223112489e-03
9.999997663768351863e-01
1.495563399215978084e-03
9.999997149733337309e-01
2.289188825524547753e-03
9.999997357762505645e-01
1.388295744720237195e-03
9.999997158080694559e-01
1.629201441015884662e-03
9.999997289848852056e-01
1.564644452537242506e-03
2.097314178905566005e-03
1.335766164651020849e-03
9.999997223738339436e-01
9.999997623446147399e-01
1.460852431498708840e-03
9.999996997899160966e-01
9.999997523853767500e-01
2.474483556786244692e-03
9.999999869885725090e-01
2.453569022433226346e-03
2.477075817801512297e-03
3.304055035689496683e-03
9.999999846245717361e-01
2.496981303016461862e-03
2.602981061338412519e-03
2.684875101633064139e-03
9.999999873768833369e-01
2.463128907359727910e-03
9.999996363225852614e-01
9.999999322293432469e-01
9.999999874254225096e-01
9.999999328201664150e-01
2.558083152043600424e-03
2.548936059917637602e-03
2.449240162852648565e-03
2.416766646649599632e-03
9.999999850144811742e-01
9.999999805564817601e-01
9.999997565592839699e-01
9.999999754669947061e-01
9.999999865299606938e-01
9.999999845903981832e-01
2.453750927526688035e-03
9.999999879865594243e-01
2.602626547243189377e-03
9.999999644064186954e-01
9.999999838375894790e-01
2.374626298224065141e-03
2.331158824468210992e-03
2.453428680288441584e-03
9.999999839414601688e-01
2.548353479667086162e-03
9.999999099279918147e-01
2.657791017469511140e-03
2.235807853902160858e-02
9.999999879537769809e-01
9.999999904479651702e-01
2.420724380835681099e-03
9.999999880559421461e-01
9.999999695922983101e-01
9.999999843623050833e-01
2.558012455098859338e-03
2.434521297580176900e-03
9.999999879120596846e-01
2.532900271065990222e-03
2.504672971570656714e-03
2.813174728753419472e-03
9.999999875920718706e-01
2.533495195127859808e-03
2.516704168736182395e-03
2.420575054154282518e-03
9.963162477506822823e-01
9.999999864783430947e-01
9.999999876022328538e-01
9.999999854766692398e-01
9.999999849469969337e-01
9.999999869156863674e-01
2.655774196054075820e-03
9.999999863761899199e-01
2.587699255145804820e-03
2.510614326800211012e-03
9.998628839700212101e-01
4.190538485671057298e-05
4.891105381817445149e-05
3.916438321092876196e-05
4.008241455069417377e-05
4.659150569545715662e-05
4.939103321914125266e-05
9.999627266684918414e-01
4.057801320373843299e-05
9.999769128578864796e-01
8.209709510197038193e-04
3.821510079976900287e-05
9.998265449140836258e-01
3.961864766954640448e-05
3.798933071258022375e-05
9.999813174162857088e-01
3.961860602993852540e-05
7.162226241848913290e-05
4.460786419867154233e-05
9.999878162702222628e-01
9.999754094125388182e-01
4.534744102779546515e-05
3.456728521653526124e-05
3.337316131599611798e-05
3.629291351680022734e-05
3.839461292117369993e-05
5.893173091756249982e-05
4.875457636699197933e-02
5.200287968339934710e-05
5.002827431687521288e-03
4.952949978182806431e-05
3.961817141005647661e-05
9.999708201467030211e-01
7.544535123319089376e-01
9.999866248003098645e-01
9.999721694155746521e-01
9.999751824229737851e-01
9.999897239982269426e-01
4.402882917705768932e-05
4.011749484838545587e-05
4.421359075013434894e-05
2.884310851847405449e-05
4.103371038826370828e-05
4.305796199119020290e-05
9.999809540156588961e-01
3.400751151036364195e-05
3.960584518067543710e-05
4.177763766887275255e-05
3.711526812995525677e-05
9.999764570805272923e-01
9.999843318220646982e-01
5.985692185731730645e-05
9.999110881806525519e-01
5.954625268285269825e-05
9.999096221920997785e-01
9.999434985651397545e-01
3.729149287740751327e-05
3.961817128044449113e-05
9.998618457106182023e-01
9.888634529461097777e-01
4.623926700666454941e-05
9.999800865377372894e-01
9.999823230079158964e-01
4.356770317754778344e-05
2.520063664279580899e-03
2.536599775483332122e-03
9.999999960614256445e-01
9.999999968183133081e-01
9.999999884592326582e-01
2.815532704435477762e-03
9.999999978393037114e-01
2.604387881753648937e-03
9.999999975121869333e-01
2.554500186824378363e-03
2.284533750297196384e-03
2.745507014111052500e-03
9.999999973584323687e-01
9.999999977390390260e-01
9.999999978820750535e-01
9.999999963431500660e-01
2.823447383131268661e-03
9.999999974938214020e-01
9.999999975956612719e-01
9.999999974907829436e-01
2.110046328268088030e-03
2.588722212566410552e-03
9.999999954311229455e-01
2.326007187880623547e-03
9.999999972964479511e-01
9.999999977856353084e-01
9.980148554670557060e-01
9.999999976196942697e-01
2.553018332323994059e-03
9.999999978996847450e-01
9.999999770135857835e-01
2.581409271465510448e-03
9.999999970553472561e-01
9.999999980596765425e-01
2.591993215615294617e-03
9.999999977412579177e-01
9.999999967149042490e-01
2.680736419326463279e-03
2.258278926670656290e-03
9.999999969632704655e-01
2.810670341760119692e-03
2.519844994233189084e-03
3.126975990967055096e-03
2.398038545297442523e-03
2.404108442050594766e-03
9.999999972146271787e-01
2.646729038882596804e-03
9.999999967604278339e-01
2.520483548951504491e-03
2.545679886428449216e-03
2.565048015753739787e-03
2.812661630087176165e-03
2.739811776780572139e-03
9.999999970302040353e-01
2.852725482919270510e-03
2.416335083743128675e-03
2.488518768797784442e-03
9.999999976956011061e-01
9.999999974009341486e-01
9.999999978445615056e-01
2.783548627162386966e-03
2.720944944425752327e-03
9.999999972424180594e-01
2.771044191313331781e-03
4.662566395539958358e-03
9.999999747371284275e-01
9.999999751519923485e-01
9.999999750699595236e-01
9.999999768804138656e-01
4.189352142781593326e-03
1.877187366556282155e-02
3.698309424702520866e-03
4.019355709580505961e-03
9.999999553859826307e-01
9.999999813970611440e-01
9.999999730775342988e-01
4.590294818918574417e-03
9.999999748317462966e-01
4.371417029315654776e-03
9.999999743205765235e-01
9.999999685182833220e-01
9.999999676380338931e-01
9.999999715942479162e-01
9.999999762120149738e-01
4.101488462462462778e-03
3.829286077240623073e-03
9.999999808334273377e-01
9.999999759168965996e-01
9.999999735986646598e-01
3.880970698020902009e-03
4.873851772515981097e-03
9.999999783425603805e-01
9.999999785359883209e-01
9.999999757230381148e-01
9.999999802759649281e-01
3.447031579862582570e-03
4.594491527723720652e-03
9.999999715677204692e-01
4.548675732862076868e-03
9.999999717397315413e-01
9.999999804537383907e-01
4.389298987623705718e-03
4.173780872282694190e-03
4.154888584447024441e-03
3.628219111370949157e-03
4.490842864519606174e-03
3.508519863564264242e-03
4.442595677882487694e-03
3.966826146700334725e-03
9.999999668528276597e-01
9.999999673527699695e-01
9.999999788159728009e-01
3.850179726839417227e-03
4.355978458941253857e-03
3.756980804545533102e-03
4.543083495082572004e-03
9.999999785220936577e-01
9.999999754531491147e-01
4.287033357711734355e-03
4.472853972001037542e-03
4.424211593938901475e-03
9.999999604826992350e-01
4.131960494478329436e-03
5.752761839362407169e-03
4.905406588510826185e-03
4.767532087153957335e-03
3.625448295457528100e-03
4.504260598505270032e-03
3.276906961252940963e-03
3.268215630757865739e-03
9.999993153663873091e-01
9.999992603105336553e-01
9.999991960596081864e-01
9.999990624800464412e-01
9.999811579248600868e-01
9.999992803979400602e-01
9.999973984176170339e-01
9.999989361344365779e-01
3.077854136658541781e-03
3.002038895038603404e-03
2.948691182062075297e-03
9.999941588568255213e-01
3.082805568490957094e-03
9.999988871391113365e-01
9.989651117963178617e-01
3.022991802872538897e-03
9.999991025246207643e-01
3.075782150671411107e-03
3.075745918146485011e-03
9.999993293761452184e-01
3.077854136658541781e-03
9.999989239472072411e-01
3.102896508326658930e-03
3.077854136658541781e-03
9.999991504368478390e-01
9.999981996580109556e-01
3.052406005041994295e-03
9.999992755239632825e-01
9.999992880140573526e-01
9.999993133811848622e-01
9.999993716488735362e-01
3.206524067147757933e-03
9.999984273427712234e-01
3.077854136658541781e-03
9.999989421838454406e-01
3.077854136658544383e-03
9.999991393245737381e-01
9.999993292361658570e-01
9.999990627922479280e-01
9.999988901183761714e-01
9.999993968146817513e-01
9.999990181513102039e-01
9.999994238656919610e-01
2.917564784642313024e-03
9.999991392213942731e-01
3.077854397473748452e-03
2.932508318093540126e-03
9.999990695714471300e-01
9.999992088075899677e-01
3.176934615532157110e-03
9.999993187133983108e-01
9.999988122116572065e-01
9.999991872960255490e-01
3.142536234274048972e-03
9.999987347518247693e-01
3.078914237241137629e-03
3.512520477559946674e-01
3.077854136658541781e-03
9.999991875421856413e-01
3.275140756747254873e-03
9.999990784142582800e-01
2.818205323343161983e-03
9.999994262662602607e-01
9.999992115543253623e-01
9.999980933640251202e-01
1.822926430987357885e-03
1.636985292903937088e-03
1.478374680128260532e-03
1.670349888004065905e-03
9.999990365627878797e-01
1.565539616397048110e-03
1.588236462461072290e-03
9.999992580911667428e-01
9.999992130453565498e-01
9.999994098335683868e-01
1.436924790770852242e-03
9.999993413873097259e-01
1.573476626612352151e-03
1.481114447800280752e-03
9.999994100665016150e-01
1.636436322419008386e-03
1.421134794282758818e-03
1.580096242542667825e-03
9.999992520301771437e-01
1.633986398376547277e-03
9.999992947956174438e-01
9.999990773028752944e-01
9.999993746781132842e-01
9.999992587089134854e-01
1.508296832927191527e-03
1.572768193866716296e-03
1.666829095298722786e-03
1.593126822182209081e-03
9.999993137208440519e-01
9.999993879761515103e-01
1.634161646997832991e-03
9.999991322985466446e-01
1.555881962416139682e-03
1.828870650164357049e-03
9.999991732009835266e-01
9.999993932179678247e-01
9.999995107616241885e-01
1.636373945670270601e-03
9.999993344218909286e-01
1.563243401951533657e-03
1.577659063798926347e-03
3.095130285570665829e-01
9.999994193998946734e-01
9.999989457301748930e-01
1.540843078356991759e-03
1.760277410615047802e-03
1.710999382784063501e-03
9.999992432979505352e-01
1.604551452417445371e-03
1.500536771051041388e-03
1.621036347679163415e-03
1.762277773414052881e-03
9.999991727978808642e-01
1.476746046474280072e-03
1.754517914300978169e-03
1.587898667547452559e-03
9.999993350315296015e-01
9.999992487119602202e-01
9.999993231621335799e-01
9.999992196660506538e-01
9.999992397212285056e-01
