9.999999999999507061e-01
9.999999999999040767e-01
9.999999999999609201e-01
9.999999999999771294e-01
9.999999999996824762e-01
9.999999999999740208e-01
9.999999999999944489e-01
9.999999999978776977e-01
9.999999999998263611e-01
9.999999999998308020e-01
9.999999999999742428e-01
9.999999999999391598e-01
9.999999999999840128e-01
9.999999999999908962e-01
9.999999999999851230e-01
9.999999999999664713e-01
9.999999999999364952e-01
9.999999995820967325e-01
9.999999999999831246e-01
9.999999999997788436e-01
9.999999999999822364e-01
9.999999999996780353e-01
9.999999999999735767e-01
9.999999999998476774e-01
9.999999999997075673e-01
9.999999999998607780e-01
9.999999999993354205e-01
9.999999999999698019e-01
9.999999999999371614e-01
9.999999999999620304e-01
9.999999999999527045e-01
9.999999999998074873e-01
9.999999999999351630e-01
9.999999999999953371e-01
9.999999999999871214e-01
9.999999999998459010e-01
9.999999999999338307e-01
9.999999999999715783e-01
9.999999999999709122e-01
9.999999999999820144e-01
9.999999999999371614e-01
9.999999999999031886e-01
9.999999999999757971e-01
9.999999999998954170e-01
9.999999999999233946e-01
9.999999999995679012e-01
9.999999999999842348e-01
9.999999999999762412e-01
9.999999999999789058e-01
9.999999999999962252e-01
9.999999999999886757e-01
9.999999999998894218e-01
9.999999999999822364e-01
9.999999999999753530e-01
9.999999999997843947e-01
9.999999999999527045e-01
9.999999999997986055e-01
9.999999999999649170e-01
9.999999999999582556e-01
9.999999999998432365e-01
9.999999999999891198e-01
9.999999999999771294e-01
9.999999999997541966e-01
9.999999999999715783e-01
