9.999999999990774047e-01
9.999999999947501994e-01
9.999999999619249014e-01
9.999999999945110574e-01
9.999999999954454211e-01
9.999999992511328095e-01
9.999999999812274609e-01
9.999999999987092547e-01
9.999999999982149834e-01
9.999999999996800337e-01
9.999999999969146902e-01
9.999999999952327023e-01
9.999999999877442480e-01
9.999999999625668323e-01
9.999999999931072914e-01
9.999999999699709097e-01
9.999999999991036059e-01
9.999999999866453493e-01
9.999999999961528552e-01
9.999999999991497912e-01
9.999999983772041023e-01
9.999999999867954514e-01
9.999999999669080264e-01
9.999999999986768362e-01
9.999999999286393049e-01
9.999999999935909045e-01
9.999999999940663020e-01
9.999999999880384571e-01
9.999999983110423596e-01
9.999999999977484677e-01
9.999999999967077446e-01
9.999999999317055188e-01
9.999999999959177099e-01
9.999999999985151877e-01
9.999999995240251849e-01
9.999999997165236465e-01
9.999999998749236063e-01
9.999999999993300914e-01
9.999999999917450477e-01
9.999999999879372048e-01
9.999999999629534120e-01
9.999999999986002308e-01
9.999999999953734786e-01
9.999999999306246057e-01
9.999999999962045916e-01
9.999999999991855404e-01
9.999999999971185272e-01
9.999999999984949817e-01
9.999999999419182384e-01
9.999999999988384847e-01
9.999999999977082776e-01
9.999999999968816056e-01
9.999999999991635580e-01
9.999999999949875651e-01
9.999999999976956211e-01
9.999999999953146368e-01
9.999999999919562121e-01
9.999999999985000887e-01
9.999999999923514515e-01
9.999999999522006799e-01
9.999999999977449150e-01
9.999999999979880538e-01
9.999999999851680865e-01
9.999999998986599525e-01
