9.999999999677124940e-01
9.999999999955635488e-01
9.999999999978108622e-01
9.999999999988773425e-01
9.999999999680491136e-01
9.999999999016540020e-01
9.999999999676032481e-01
9.999999999980999643e-01
9.999999999977424725e-01
9.999999999983302246e-01
9.999999999971409537e-01
9.999999999953297358e-01
9.999999999984934274e-01
9.999999999926552086e-01
9.999997532190553207e-01
9.999999999989690469e-01
9.999999999976354470e-01
9.999999999922990490e-01
9.999999999984232613e-01
9.999999999990321076e-01
9.999999999433537567e-01
9.999999999994499955e-01
9.999999999969584330e-01
9.999999999965141217e-01
9.999999999812276830e-01
9.999999999945290430e-01
9.999999999984667820e-01
9.999999999947228879e-01
9.999999999991742161e-01
9.999999999923763205e-01
9.999999999994970690e-01
9.999999999467346079e-01
9.999999654415424599e-01
9.999999999980320187e-01
9.999999999995661248e-01
9.999999999993138822e-01
9.999999999730904143e-01
9.999999999786992610e-01
9.999999999910051951e-01
9.999999988186882849e-01
9.999999999981559196e-01
9.999999999973252507e-01
9.999999999946420637e-01
9.999999992803545457e-01
9.999999999963837816e-01
9.999999999943927076e-01
9.999999999973177012e-01
9.999999986079466385e-01
9.999999999778586002e-01
9.999999999959883201e-01
9.999999999831552522e-01
9.999999999989364063e-01
9.999999999707496201e-01
9.999999999450717159e-01
9.999999999990543120e-01
9.999999999899258363e-01
9.999999999982813748e-01
9.999999999714006549e-01
9.999999999981932230e-01
9.999999999986786126e-01
9.999999999972217779e-01
9.999999999608308876e-01
9.999999999981148413e-01
9.999999999990696331e-01
