9.296345318465359941e-01
1.000000000000000000e+00
1.000000000000000000e+00
1.184617894296952079e-02
1.000000000000000000e+00
1.000000000000000000e+00
1.000000000000000000e+00
1.478265017894778155e-01
9.819091469599571242e-01
1.000000000000000000e+00
1.000000000000000000e+00
1.702619153190451461e-08
1.000000000000000000e+00
2.548120513612269598e-07
1.000000000000000000e+00
7.223334344750623748e-01
1.000000000000000000e+00
9.992884540870083931e-01
1.000000000000000000e+00
1.562250520384417485e-31
1.000000000000000000e+00
1.000000000000000000e+00
6.743744532272525835e-03
1.000000000000000000e+00
1.000000000000000000e+00
1.000000000000000000e+00
1.000000000000000000e+00
3.554588790685801053e-02
1.000000000000000000e+00
3.763563203918272320e-07
1.000000000000000000e+00
1.000000000000000000e+00
8.520642900333446831e-03
3.468718021452488632e-03
9.999999999997761790e-01
1.000000000000000000e+00
1.000000000000000000e+00
9.999999956801930434e-01
9.992531648733878891e-01
2.329573809021864561e-01
7.889400610205519522e-06
8.676420181773470963e-01
8.556361531382920479e-03
9.794002824335059643e-01
2.033621149418352037e-01
7.838998917064121663e-01
7.439890709209375785e-01
1.000000000000000000e+00
1.000000000000000000e+00
1.000000000000000000e+00
9.875513759345793119e-01
1.000000000000000000e+00
6.996572573124631251e-04
9.191262488753576543e-01
2.917726957061508863e-01
4.081025150789439615e-01
9.999999999305280163e-01
2.251144821254942238e-02
1.000000000000000000e+00
1.000000000000000000e+00
1.000000000000000000e+00
1.328817944931112215e-21
1.000000000000000000e+00
1.000000000000000000e+00
