1.000000000000000000e+00
7.560169134595036552e-04
1.000000000000000000e+00
1.000000000000000000e+00
3.468802771175963362e-01
4.834987630389328114e-55
1.000000000000000000e+00
1.000000000000000000e+00
9.999854214699330779e-01
1.000000000000000000e+00
1.000000000000000000e+00
9.999999462626307789e-01
1.000000000000000000e+00
1.000000000000000000e+00
1.000000000000000000e+00
1.817310906424777955e-05
2.352905577656624198e-02
1.000000000000000000e+00
1.000000000000000000e+00
1.000000000000000000e+00
2.092407448437918205e-01
1.000000000000000000e+00
2.362451361059606445e-06
1.000000000000000000e+00
5.985775025365529375e-04
1.953845448530774292e-37
1.000000000000000000e+00
1.000000000000000000e+00
4.617628938758704810e-02
1.000000000000000000e+00
1.000000000000000000e+00
9.999999960199410509e-01
9.204302643118961180e-01
1.000000000000000000e+00
2.530241335741864370e-10
1.000000000000000000e+00
1.000000000000000000e+00
1.000000000000000000e+00
1.000000000000000000e+00
1.000000000000000000e+00
1.000000000000000000e+00
1.000000000000000000e+00
1.000000000000000000e+00
1.000000000000000000e+00
1.000000000000000000e+00
9.999999999977033927e-01
4.771883538653579136e-05
1.787415840666184983e-03
9.999999999999980016e-01
1.000000000000000000e+00
1.000000000000000000e+00
4.589683017556824701e-02
1.000000000000000000e+00
1.000000000000000000e+00
7.519755234212034678e-02
1.000000000000000000e+00
1.000000000000000000e+00
1.000000000000000000e+00
1.000000000000000000e+00
2.416514321369933155e-17
1.000000000000000000e+00
4.680916608382038047e-01
3.580085817849630630e-07
1.000000000000000000e+00
