2.831780913552904219e-03
1.000000000000000000e+00
1.000000000000000000e+00
1.896534362352444530e-07
1.000000000000000000e+00
9.999999999995221600e-01
1.000000000000000000e+00
9.999999999861044486e-01
6.985705834392496975e-03
1.000000000000000000e+00
7.501929047825551934e-09
9.999999860001949070e-01
1.000000000000000000e+00
1.166372733961776875e-01
6.365385490442845295e-01
7.100177453441923470e-02
1.382822420061621956e-04
1.000000000000000000e+00
1.546477144969018640e-07
1.706704003520201920e-10
1.000000000000000000e+00
1.000000000000000000e+00
1.000000000000000000e+00
1.000000000000000000e+00
1.000000000000000000e+00
1.000000000000000000e+00
2.530139606243154028e-04
9.997427370833860127e-01
1.000000000000000000e+00
1.832675328399142126e-11
1.000000000000000000e+00
1.000000000000000000e+00
2.346184658779411466e-04
3.336206022850878857e-05
1.000000000000000000e+00
1.000000000000000000e+00
1.000000000000000000e+00
4.805912917429894793e-01
1.939675701193077422e-03
7.845518958026406327e-20
1.000000000000000000e+00
9.933306144683721195e-01
1.701960744518419491e-31
9.999998142600202700e-01
1.000000000000000000e+00
1.000000000000000000e+00
9.999999999923445682e-01
2.362915220542043278e-04
9.999981505341123400e-01
1.000000000000000000e+00
1.000000000000000000e+00
9.998249845672337877e-01
9.999973536178478062e-01
7.045306132365005604e-11
1.000000000000000000e+00
1.000000000000000000e+00
1.000000000000000000e+00
9.469433819820586296e-01
8.109196401669299205e-08
2.515016781415264750e-12
1.000000000000000000e+00
7.416828297583699546e-10
9.999999992076613609e-01
1.000000000000000000e+00
