9.999999999999986677e-01
1.972414985200162674e-01
9.999810943999055679e-01
6.766690860603319195e-03
1.098576606279723609e-07
1.360344572675953149e-02
1.000000000000000000e+00
9.999663789490429444e-01
2.217382138622215944e-06
8.442736976736792132e-01
1.000000000000000000e+00
2.120983124556832522e-01
4.820905534066468028e-04
1.000000000000000000e+00
1.000000000000000000e+00
1.000000000000000000e+00
3.616759843061598044e-10
1.000000000000000000e+00
1.000000000000000000e+00
2.936798398020337153e-01
1.000000000000000000e+00
1.000000000000000000e+00
1.000000000000000000e+00
1.953761313955146615e-05
6.802706106349808157e-02
1.000000000000000000e+00
9.999999955735781043e-01
9.999414077476458385e-01
1.000000000000000000e+00
1.000000000000000000e+00
1.000000000000000000e+00
1.000000000000000000e+00
1.000000000000000000e+00
1.000000000000000000e+00
1.824918916095702332e-06
4.374460925429434841e-10
1.000000000000000000e+00
1.000000000000000000e+00
1.110551609309642332e-06
1.000000000000000000e+00
1.000000000000000000e+00
3.206157096755384364e-03
7.978603905779386518e-04
4.148377188965555740e-01
1.166945556388926941e-01
3.483427352084455531e-01
7.612761630508303175e-08
1.000000000000000000e+00
5.905558633189516016e-01
1.269390791818304763e-08
1.206722240486407529e-10
1.000000000000000000e+00
1.000000000000000000e+00
1.000000000000000000e+00
8.117855612088564997e-15
3.748884951551749792e-03
4.660433804264974000e-01
9.999999995492709903e-01
1.000000000000000000e+00
9.989381533696539694e-01
1.000000000000000000e+00
1.000000000000000000e+00
3.071786147424940272e-02
7.125810839340789293e-01
