5.655963469394065756e-16
9.878482710085077302e-11
1.000000000000000000e+00
1.000000000000000000e+00
3.671710523942225447e-03
1.000000000000000000e+00
1.000000000000000000e+00
4.225445033317442083e-50
1.000000000000000000e+00
4.018433939326171921e-41
1.000000000000000000e+00
1.000000000000000000e+00
1.000000000000000000e+00
1.702274342367778705e-18
1.000000000000000000e+00
1.000000000000000000e+00
1.000000000000000000e+00
1.000000000000000000e+00
1.000000000000000000e+00
1.000000000000000000e+00
1.000000000000000000e+00
1.000000000000000000e+00
5.958454646206546245e-05
1.000000000000000000e+00
1.000000000000000000e+00
9.999999666431715895e-01
1.000000000000000000e+00
9.999999999999134026e-01
1.000000000000000000e+00
2.223551238637752912e-34
1.000000000000000000e+00
1.000000000000000000e+00
1.469962105997697303e-21
1.000000000000000000e+00
1.000000000000000000e+00
9.086578315062254882e-24
1.000000000000000000e+00
1.000000000000000000e+00
7.453368391813067135e-20
1.000000000000000000e+00
1.000000000000000000e+00
1.000000000000000000e+00
1.000000000000000000e+00
6.561964347202065889e-52
1.000000000000000000e+00
3.413234141659294855e-43
1.000000000000000000e+00
2.804783859204700567e-58
1.000000000000000000e+00
2.742631772438569382e-42
1.000000000000000000e+00
1.000000000000000000e+00
1.000000000000000000e+00
1.000000000000000000e+00
3.543206000023336311e-42
1.000000000000000000e+00
1.000000000000000000e+00
1.000000000000000000e+00
9.102350645081277447e-01
1.000000000000000000e+00
7.530521166511018151e-09
1.000000000000000000e+00
9.969694510252755659e-01
1.000000000000000000e+00
