9.999994131531639852e-01
9.999997763892893854e-01
9.999998186438616710e-01
9.999996634506422843e-01
9.999994885300949043e-01
9.999990284583804012e-01
9.999996591888580255e-01
9.999996257829856239e-01
9.999996785011245892e-01
9.999998127033402628e-01
9.999988942686460769e-01
9.999989228483406878e-01
9.999831808585429860e-01
9.999995007944803005e-01
9.999994885986507320e-01
9.999993902857067241e-01
9.999991786810060734e-01
9.999995707719105953e-01
9.999985375379601971e-01
9.999995705787146916e-01
9.999982850811319768e-01
9.999974874331708508e-01
9.999995608115440637e-01
9.999990167679189135e-01
9.999991891140199707e-01
9.999995894678688213e-01
9.999990279973129947e-01
9.999996787408698129e-01
9.999985299449899445e-01
9.999993639586266525e-01
9.999975935660552206e-01
9.999987930147433701e-01
9.999987034437949340e-01
9.999992493342000355e-01
9.999992529854295764e-01
9.999994490549912740e-01
9.999993280760636205e-01
9.999978354530235647e-01
9.999978901722055280e-01
9.999995188078218966e-01
9.999992178415599842e-01
9.999991843558659887e-01
9.999996715351833210e-01
9.999996751495680014e-01
9.999991652686173182e-01
9.999990638974333157e-01
9.999973988796423408e-01
9.999997338683630499e-01
9.999992337166335732e-01
9.999993301554349623e-01
9.999992383477470659e-01
9.999987635299897315e-01
9.999980390968563615e-01
9.999990483164191701e-01
9.999983269262665564e-01
9.999995482303085659e-01
9.999992356476221644e-01
9.999993183031967714e-01
9.999994390600324135e-01
9.999990185011694566e-01
9.999997558101706430e-01
9.999992660073951933e-01
9.999996150260860306e-01
9.999997139580204530e-01
