9.999999999999507061e-01
9.999999999999040767e-01
9.999999999999609201e-01
9.999999999999771294e-01
9.999999999996824762e-01
9.999999999999740208e-01
9.999999999999944489e-01
9.999999999978776977e-01
9.999999999998263611e-01
9.999999999998308020e-01
9.999999999999742428e-01
9.999999999999391598e-01
9.999999999999840128e-01
9.999999999999908962e-01
9.999999999999851230e-01
9.999999999999664713e-01
9.999999999999364952e-01
9.999999995820967325e-01
9.999999999999831246e-01
9.999999999997788436e-01
9.999999999999822364e-01
9.999999999996780353e-01
9.999999999999735767e-01
9.999999999998476774e-01
9.999999999997075673e-01
9.999999999998607780e-01
9.999999999993354205e-01
9.999999999999698019e-01
9.999999999999371614e-01
9.999999999999620304e-01
9.999999999999527045e-01
9.999999999998074873e-01
9.999999999999351630e-01
9.999999999999953371e-01
9.999999999999871214e-01
9.999999999998459010e-01
9.999999999999338307e-01
9.999999999999715783e-01
9.999999999999709122e-01
9.999999999999820144e-01
9.999999999999371614e-01
9.999999999999031886e-01
9.999999999999757971e-01
9.999999999998954170e-01
9.999999999999233946e-01
9.999999999995679012e-01
9.999999999999842348e-01
9.999999999999762412e-01
9.999999999999789058e-01
9.999999999999962252e-01
9.999999999999886757e-01
9.999999999998894218e-01
9.999999999999822364e-01
9.999999999999753530e-01
9.999999999997843947e-01
9.999999999999527045e-01
9.999999999997986055e-01
9.999999999999649170e-01
9.999999999999582556e-01
9.999999999998432365e-01
9.999999999999891198e-01
9.999999999999771294e-01
9.999999999997541966e-01
9.999999999999715783e-01
9.999999999990774047e-01
9.999999999947501994e-01
9.999999999619249014e-01
9.999999999945110574e-01
9.999999999954454211e-01
9.999999992511328095e-01
9.999999999812274609e-01
9.999999999987092547e-01
9.999999999982149834e-01
9.999999999996800337e-01
9.999999999969146902e-01
9.999999999952327023e-01
9.999999999877442480e-01
9.999999999625668323e-01
9.999999999931072914e-01
9.999999999699709097e-01
9.999999999991036059e-01
9.999999999866453493e-01
9.999999999961528552e-01
9.999999999991497912e-01
9.999999983772041023e-01
9.999999999867954514e-01
9.999999999669080264e-01
9.999999999986768362e-01
9.999999999286393049e-01
9.999999999935909045e-01
9.999999999940663020e-01
9.999999999880384571e-01
9.999999983110423596e-01
9.999999999977484677e-01
9.999999999967077446e-01
9.999999999317055188e-01
9.999999999959177099e-01
9.999999999985151877e-01
9.999999995240251849e-01
9.999999997165236465e-01
9.999999998749236063e-01
9.999999999993300914e-01
9.999999999917450477e-01
9.999999999879372048e-01
9.999999999629534120e-01
9.999999999986002308e-01
9.999999999953734786e-01
9.999999999306246057e-01
9.999999999962045916e-01
9.999999999991855404e-01
9.999999999971185272e-01
9.999999999984949817e-01
9.999999999419182384e-01
9.999999999988384847e-01
9.999999999977082776e-01
9.999999999968816056e-01
9.999999999991635580e-01
9.999999999949875651e-01
9.999999999976956211e-01
9.999999999953146368e-01
9.999999999919562121e-01
9.999999999985000887e-01
9.999999999923514515e-01
9.999999999522006799e-01
9.999999999977449150e-01
9.999999999979880538e-01
9.999999999851680865e-01
9.999999998986599525e-01
9.999999999677124940e-01
9.999999999955635488e-01
9.999999999978108622e-01
9.999999999988773425e-01
9.999999999680491136e-01
9.999999999016540020e-01
9.999999999676032481e-01
9.999999999980999643e-01
9.999999999977424725e-01
9.999999999983302246e-01
9.999999999971409537e-01
9.999999999953297358e-01
9.999999999984934274e-01
9.999999999926552086e-01
9.999997532190553207e-01
9.999999999989690469e-01
9.999999999976354470e-01
9.999999999922990490e-01
9.999999999984232613e-01
9.999999999990321076e-01
9.999999999433537567e-01
9.999999999994499955e-01
9.999999999969584330e-01
9.999999999965141217e-01
9.999999999812276830e-01
9.999999999945290430e-01
9.999999999984667820e-01
9.999999999947228879e-01
9.999999999991742161e-01
9.999999999923763205e-01
9.999999999994970690e-01
9.999999999467346079e-01
9.999999654415424599e-01
9.999999999980320187e-01
9.999999999995661248e-01
9.999999999993138822e-01
9.999999999730904143e-01
9.999999999786992610e-01
9.999999999910051951e-01
9.999999988186882849e-01
9.999999999981559196e-01
9.999999999973252507e-01
9.999999999946420637e-01
9.999999992803545457e-01
9.999999999963837816e-01
9.999999999943927076e-01
9.999999999973177012e-01
9.999999986079466385e-01
9.999999999778586002e-01
9.999999999959883201e-01
9.999999999831552522e-01
9.999999999989364063e-01
9.999999999707496201e-01
9.999999999450717159e-01
9.999999999990543120e-01
9.999999999899258363e-01
9.999999999982813748e-01
9.999999999714006549e-01
9.999999999981932230e-01
9.999999999986786126e-01
9.999999999972217779e-01
9.999999999608308876e-01
9.999999999981148413e-01
9.999999999990696331e-01
9.296345318465359941e-01
1.000000000000000000e+00
1.000000000000000000e+00
1.184617894296952079e-02
1.000000000000000000e+00
1.000000000000000000e+00
1.000000000000000000e+00
1.478265017894778155e-01
9.819091469599571242e-01
1.000000000000000000e+00
1.000000000000000000e+00
1.702619153190451461e-08
1.000000000000000000e+00
2.548120513612269598e-07
1.000000000000000000e+00
7.223334344750623748e-01
1.000000000000000000e+00
9.992884540870083931e-01
1.000000000000000000e+00
1.562250520384417485e-31
1.000000000000000000e+00
1.000000000000000000e+00
6.743744532272525835e-03
1.000000000000000000e+00
1.000000000000000000e+00
1.000000000000000000e+00
1.000000000000000000e+00
3.554588790685801053e-02
1.000000000000000000e+00
3.763563203918272320e-07
1.000000000000000000e+00
1.000000000000000000e+00
8.520642900333446831e-03
3.468718021452488632e-03
9.999999999997761790e-01
1.000000000000000000e+00
1.000000000000000000e+00
9.999999956801930434e-01
9.992531648733878891e-01
2.329573809021864561e-01
7.889400610205519522e-06
8.676420181773470963e-01
8.556361531382920479e-03
9.794002824335059643e-01
2.033621149418352037e-01
7.838998917064121663e-01
7.439890709209375785e-01
1.000000000000000000e+00
1.000000000000000000e+00
1.000000000000000000e+00
9.875513759345793119e-01
1.000000000000000000e+00
6.996572573124631251e-04
9.191262488753576543e-01
2.917726957061508863e-01
4.081025150789439615e-01
9.999999999305280163e-01
2.251144821254942238e-02
1.000000000000000000e+00
1.000000000000000000e+00
1.000000000000000000e+00
1.328817944931112215e-21
1.000000000000000000e+00
1.000000000000000000e+00
1.000000000000000000e+00
7.560169134595036552e-04
1.000000000000000000e+00
1.000000000000000000e+00
3.468802771175963362e-01
4.834987630389328114e-55
1.000000000000000000e+00
1.000000000000000000e+00
9.999854214699330779e-01
1.000000000000000000e+00
1.000000000000000000e+00
9.999999462626307789e-01
1.000000000000000000e+00
1.000000000000000000e+00
1.000000000000000000e+00
1.817310906424777955e-05
2.352905577656624198e-02
1.000000000000000000e+00
1.000000000000000000e+00
1.000000000000000000e+00
2.092407448437918205e-01
1.000000000000000000e+00
2.362451361059606445e-06
1.000000000000000000e+00
5.985775025365529375e-04
1.953845448530774292e-37
1.000000000000000000e+00
1.000000000000000000e+00
4.617628938758704810e-02
1.000000000000000000e+00
1.000000000000000000e+00
9.999999960199410509e-01
9.204302643118961180e-01
1.000000000000000000e+00
2.530241335741864370e-10
1.000000000000000000e+00
1.000000000000000000e+00
1.000000000000000000e+00
1.000000000000000000e+00
1.000000000000000000e+00
1.000000000000000000e+00
1.000000000000000000e+00
1.000000000000000000e+00
1.000000000000000000e+00
1.000000000000000000e+00
9.999999999977033927e-01
4.771883538653579136e-05
1.787415840666184983e-03
9.999999999999980016e-01
1.000000000000000000e+00
1.000000000000000000e+00
4.589683017556824701e-02
1.000000000000000000e+00
1.000000000000000000e+00
7.519755234212034678e-02
1.000000000000000000e+00
1.000000000000000000e+00
1.000000000000000000e+00
1.000000000000000000e+00
2.416514321369933155e-17
1.000000000000000000e+00
4.680916608382038047e-01
3.580085817849630630e-07
1.000000000000000000e+00
2.831780913552904219e-03
1.000000000000000000e+00
1.000000000000000000e+00
1.896534362352444530e-07
1.000000000000000000e+00
9.999999999995221600e-01
1.000000000000000000e+00
9.999999999861044486e-01
6.985705834392496975e-03
1.000000000000000000e+00
7.501929047825551934e-09
9.999999860001949070e-01
1.000000000000000000e+00
1.166372733961776875e-01
6.365385490442845295e-01
7.100177453441923470e-02
1.382822420061621956e-04
1.000000000000000000e+00
1.546477144969018640e-07
1.706704003520201920e-10
1.000000000000000000e+00
1.000000000000000000e+00
1.000000000000000000e+00
1.000000000000000000e+00
1.000000000000000000e+00
1.000000000000000000e+00
2.530139606243154028e-04
9.997427370833860127e-01
1.000000000000000000e+00
1.832675328399142126e-11
1.000000000000000000e+00
1.000000000000000000e+00
2.346184658779411466e-04
3.336206022850878857e-05
1.000000000000000000e+00
1.000000000000000000e+00
1.000000000000000000e+00
4.805912917429894793e-01
1.939675701193077422e-03
7.845518958026406327e-20
1.000000000000000000e+00
9.933306144683721195e-01
1.701960744518419491e-31
9.999998142600202700e-01
1.000000000000000000e+00
1.000000000000000000e+00
9.999999999923445682e-01
2.362915220542043278e-04
9.999981505341123400e-01
1.000000000000000000e+00
1.000000000000000000e+00
9.998249845672337877e-01
9.999973536178478062e-01
7.045306132365005604e-11
1.000000000000000000e+00
1.000000000000000000e+00
1.000000000000000000e+00
9.469433819820586296e-01
8.109196401669299205e-08
2.515016781415264750e-12
1.000000000000000000e+00
7.416828297583699546e-10
9.999999992076613609e-01
1.000000000000000000e+00
9.999999999999986677e-01
1.972414985200162674e-01
9.999810943999055679e-01
6.766690860603319195e-03
1.098576606279723609e-07
1.360344572675953149e-02
1.000000000000000000e+00
9.999663789490429444e-01
2.217382138622215944e-06
8.442736976736792132e-01
1.000000000000000000e+00
2.120983124556832522e-01
4.820905534066468028e-04
1.000000000000000000e+00
1.000000000000000000e+00
1.000000000000000000e+00
3.616759843061598044e-10
1.000000000000000000e+00
1.000000000000000000e+00
2.936798398020337153e-01
1.000000000000000000e+00
1.000000000000000000e+00
1.000000000000000000e+00
1.953761313955146615e-05
6.802706106349808157e-02
1.000000000000000000e+00
9.999999955735781043e-01
9.999414077476458385e-01
1.000000000000000000e+00
1.000000000000000000e+00
1.000000000000000000e+00
1.000000000000000000e+00
1.000000000000000000e+00
1.000000000000000000e+00
1.824918916095702332e-06
4.374460925429434841e-10
1.000000000000000000e+00
1.000000000000000000e+00
1.110551609309642332e-06
1.000000000000000000e+00
1.000000000000000000e+00
3.206157096755384364e-03
7.978603905779386518e-04
4.148377188965555740e-01
1.166945556388926941e-01
3.483427352084455531e-01
7.612761630508303175e-08
1.000000000000000000e+00
5.905558633189516016e-01
1.269390791818304763e-08
1.206722240486407529e-10
1.000000000000000000e+00
1.000000000000000000e+00
1.000000000000000000e+00
8.117855612088564997e-15
3.748884951551749792e-03
4.660433804264974000e-01
9.999999995492709903e-01
1.000000000000000000e+00
9.989381533696539694e-01
1.000000000000000000e+00
1.000000000000000000e+00
3.071786147424940272e-02
7.125810839340789293e-01
5.655963469394065756e-16
9.878482710085077302e-11
1.000000000000000000e+00
1.000000000000000000e+00
3.671710523942225447e-03
1.000000000000000000e+00
1.000000000000000000e+00
4.225445033317442083e-50
1.000000000000000000e+00
4.018433939326171921e-41
1.000000000000000000e+00
1.000000000000000000e+00
1.000000000000000000e+00
1.702274342367778705e-18
1.000000000000000000e+00
1.000000000000000000e+00
1.000000000000000000e+00
1.000000000000000000e+00
1.000000000000000000e+00
1.000000000000000000e+00
1.000000000000000000e+00
1.000000000000000000e+00
5.958454646206546245e-05
1.000000000000000000e+00
1.000000000000000000e+00
9.999999666431715895e-01
1.000000000000000000e+00
9.999999999999134026e-01
1.000000000000000000e+00
2.223551238637752912e-34
1.000000000000000000e+00
1.000000000000000000e+00
1.469962105997697303e-21
1.000000000000000000e+00
1.000000000000000000e+00
9.086578315062254882e-24
1.000000000000000000e+00
1.000000000000000000e+00
7.453368391813067135e-20
1.000000000000000000e+00
1.000000000000000000e+00
1.000000000000000000e+00
1.000000000000000000e+00
6.561964347202065889e-52
1.000000000000000000e+00
3.413234141659294855e-43
1.000000000000000000e+00
2.804783859204700567e-58
1.000000000000000000e+00
2.742631772438569382e-42
1.000000000000000000e+00
1.000000000000000000e+00
1.000000000000000000e+00
1.000000000000000000e+00
3.543206000023336311e-42
1.000000000000000000e+00
1.000000000000000000e+00
1.000000000000000000e+00
9.102350645081277447e-01
1.000000000000000000e+00
7.530521166511018151e-09
1.000000000000000000e+00
9.969694510252755659e-01
1.000000000000000000e+00
9.999994131531639852e-01
9.999997763892893854e-01
9.999998186438616710e-01
9.999996634506422843e-01
9.999994885300949043e-01
9.999990284583804012e-01
9.999996591888580255e-01
9.999996257829856239e-01
9.999996785011245892e-01
9.999998127033402628e-01
9.999988942686460769e-01
9.999989228483406878e-01
9.999831808585429860e-01
9.999995007944803005e-01
9.999994885986507320e-01
9.999993902857067241e-01
9.999991786810060734e-01
9.999995707719105953e-01
9.999985375379601971e-01
9.999995705787146916e-01
9.999982850811319768e-01
9.999974874331708508e-01
9.999995608115440637e-01
9.999990167679189135e-01
9.999991891140199707e-01
9.999995894678688213e-01
9.999990279973129947e-01
9.999996787408698129e-01
9.999985299449899445e-01
9.999993639586266525e-01
9.999975935660552206e-01
9.999987930147433701e-01
9.999987034437949340e-01
9.999992493342000355e-01
9.999992529854295764e-01
9.999994490549912740e-01
9.999993280760636205e-01
9.999978354530235647e-01
9.999978901722055280e-01
9.999995188078218966e-01
9.999992178415599842e-01
9.999991843558659887e-01
9.999996715351833210e-01
9.999996751495680014e-01
9.999991652686173182e-01
9.999990638974333157e-01
9.999973988796423408e-01
9.999997338683630499e-01
9.999992337166335732e-01
9.999993301554349623e-01
9.999992383477470659e-01
9.999987635299897315e-01
9.999980390968563615e-01
9.999990483164191701e-01
9.999983269262665564e-01
9.999995482303085659e-01
9.999992356476221644e-01
9.999993183031967714e-01
9.999994390600324135e-01
9.999990185011694566e-01
9.999997558101706430e-01
9.999992660073951933e-01
9.999996150260860306e-01
9.999997139580204530e-01
1.000000000000000000e+00
1.000000000000000000e+00
1.000000000000000000e+00
1.000000000000000000e+00
1.000000000000000000e+00
1.000000000000000000e+00
1.000000000000000000e+00
1.000000000000000000e+00
1.000000000000000000e+00
1.000000000000000000e+00
9.999999999999986677e-01
1.000000000000000000e+00
1.000000000000000000e+00
1.000000000000000000e+00
1.000000000000000000e+00
1.000000000000000000e+00
1.000000000000000000e+00
1.000000000000000000e+00
1.000000000000000000e+00
1.000000000000000000e+00
1.000000000000000000e+00
1.000000000000000000e+00
1.000000000000000000e+00
1.000000000000000000e+00
9.999999999999997780e-01
1.000000000000000000e+00
1.000000000000000000e+00
1.000000000000000000e+00
1.000000000000000000e+00
1.000000000000000000e+00
1.000000000000000000e+00
1.000000000000000000e+00
1.000000000000000000e+00
1.000000000000000000e+00
1.000000000000000000e+00
1.000000000000000000e+00
1.000000000000000000e+00
1.000000000000000000e+00
1.000000000000000000e+00
1.000000000000000000e+00
1.000000000000000000e+00
9.999999999999984457e-01
1.000000000000000000e+00
1.000000000000000000e+00
1.000000000000000000e+00
1.000000000000000000e+00
1.000000000000000000e+00
1.000000000000000000e+00
1.000000000000000000e+00
1.000000000000000000e+00
1.000000000000000000e+00
1.000000000000000000e+00
1.000000000000000000e+00
1.000000000000000000e+00
9.999999999999882316e-01
1.000000000000000000e+00
1.000000000000000000e+00
1.000000000000000000e+00
1.000000000000000000e+00
1.000000000000000000e+00
1.000000000000000000e+00
1.000000000000000000e+00
1.000000000000000000e+00
1.000000000000000000e+00
