4.131167885285936814e-01
3.819279584856602461e-01
4.410789775050208972e-01
9.660825651197685326e-01
3.680355829460280059e-01
3.888427992407490486e-01
5.292765078783595589e-01
3.588724401195446112e-01
3.699369430712138307e-01
3.612979503661662428e-01
9.686457863321964457e-01
3.855318799447591815e-01
9.109959657645949616e-01
7.693727447189939728e-01
7.425027208144087121e-01
6.131645777345768877e-01
5.730743658179099365e-01
3.666064220076466484e-01
9.436694267231592326e-01
9.629728507872097332e-01
3.879238609184161302e-01
3.753420937395645085e-01
4.162530835097568715e-01
3.648206456516533969e-01
3.781863187275433247e-01
3.737445253947155877e-01
6.721781195750622384e-01
3.857474035180042393e-01
3.587785358749315257e-01
9.854466145217594120e-01
3.808658204309853801e-01
6.601176895112558229e-01
3.666027157406703263e-01
4.240468308291129862e-01
5.613006970664508044e-01
3.937964808405435835e-01
4.007798361139893739e-01
4.301335799899185242e-01
9.670707522408742429e-01
9.609392568248520394e-01
5.846252020827931162e-01
3.939398289486292781e-01
9.669139448638357504e-01
8.681973221071361824e-01
3.919256781580661708e-01
3.609609569774925308e-01
5.378385768367038855e-01
9.710415243445585931e-01
9.026907547409015464e-01
4.118507479979747199e-01
4.172105605851032517e-01
3.571009832162761466e-01
8.366652437975106160e-01
7.496741537837727787e-01
3.846188104528763252e-01
3.524031407656837422e-01
3.781786075364977906e-01
3.807934834752286224e-01
3.893254093295226426e-01
4.559882594637539865e-01
4.004165443543080682e-01
9.762869052364161471e-01
3.764962115900840622e-01
5.244624545578282504e-01
