6.007289894541845143e-01
9.240905287104832500e-01
3.547792633986606159e-01
3.555423971185799337e-01
3.443935254291098924e-01
3.363072923909987688e-01
6.044342458658416017e-01
8.807960719542303751e-01
3.560040806549472081e-01
3.768709579439393775e-01
3.593202309538927053e-01
9.638336364609250140e-01
3.649322819322233236e-01
3.277267919102795912e-01
3.529197611137888102e-01
3.342177304392292547e-01
3.608967884063983278e-01
3.323258069266250003e-01
6.926220171400139236e-01
3.625968253844407130e-01
3.472782569508418016e-01
3.570478497835982146e-01
3.445817226877783690e-01
9.799345485654238352e-01
3.629598755117892650e-01
3.548202974082096950e-01
8.710494235162693499e-01
4.249819246125262073e-01
3.735060909845587807e-01
6.594624585322013122e-01
8.911878987474451952e-01
3.313843476252572584e-01
9.627774040862435712e-01
9.880658934361563617e-01
3.285519380954803337e-01
3.363072931459129000e-01
5.133716151898549684e-01
9.025859583017523669e-01
3.280489368869988764e-01
3.513290528310267780e-01
4.522312393810024034e-01
9.819472893932541524e-01
3.543826228993196548e-01
6.168285471470331682e-01
3.690648733376473700e-01
9.781774458534971961e-01
8.798305058756538122e-01
3.420501017582590064e-01
3.363073409742907693e-01
9.639170718793270698e-01
9.472759160023952463e-01
3.365400001062070490e-01
9.585728193315730117e-01
3.430188362273119962e-01
3.787158446126409062e-01
9.869105534572609750e-01
3.385275338837491765e-01
3.711653527677139519e-01
3.363073095284980218e-01
3.525426925178128945e-01
4.091666481944610800e-01
3.996626653100411319e-01
3.172171160928043965e-01
3.295744507178268168e-01
