3.159587751364038022e-01
3.213121112364611953e-01
3.693018784673574029e-01
9.465529883596661698e-01
3.847917363170763605e-01
3.114202342199637319e-01
3.326016168805066564e-01
3.424994065755538331e-01
3.060569369389217753e-01
3.165655256712626153e-01
6.234737998972678108e-01
7.463819416577222032e-01
2.929935527995737310e-01
3.094469886527773106e-01
3.114201968924063535e-01
5.349901901559649398e-01
7.125752069579938119e-01
3.165666876593923873e-01
3.359093670271435794e-01
9.881592613821358340e-01
3.114201652205401127e-01
3.763378648536469528e-01
3.143028109692464489e-01
3.467418598781976669e-01
3.133742614466307197e-01
3.126788692686401361e-01
3.246863166928846134e-01
8.951245030243960565e-01
3.402796589148879280e-01
5.504829833126901883e-01
9.797994347778460345e-01
4.289871111085794553e-01
4.341285731970282447e-01
3.381415404796049295e-01
9.624118579117317829e-01
9.509969623807051908e-01
6.797589101019912983e-01
9.063069437341251255e-01
9.786605989212079360e-01
3.286518900969003232e-01
3.905264117144144898e-01
3.259277550254621736e-01
6.306612590093482185e-01
3.216424881004785741e-01
3.996372730135019924e-01
3.330569331854116299e-01
3.562729575610883992e-01
3.237789410750071539e-01
3.330119083795431423e-01
8.342213613055015076e-01
5.447088928959192833e-01
3.931378607237894784e-01
3.286809731108283339e-01
3.333848504688062264e-01
9.815758004586575547e-01
3.967670998750520983e-01
9.855864366842223001e-01
3.282141301745460371e-01
6.826335989405319937e-01
6.742563908824540375e-01
9.811251247203977011e-01
3.100416052710204817e-01
3.039592662685914881e-01
9.477723864624688632e-01
