9.847192923593154346e-01
3.668711540105761837e-01
3.886181983094268433e-01
9.500284693316585205e-01
3.781823746268192510e-01
3.767448073798096986e-01
3.894976257302774636e-01
9.685873905324692279e-01
3.420641211093589096e-01
3.829988368447878044e-01
3.706234625419378981e-01
6.549428010461577632e-01
3.898161379862941089e-01
3.506374361584518873e-01
5.025719860893700375e-01
3.637432574452179046e-01
9.833995295711334128e-01
9.881592167457383669e-01
7.947061557938750465e-01
4.185600801338960619e-01
3.409392589855997358e-01
7.764782049628652372e-01
9.592946986359215389e-01
5.674758506322064022e-01
9.861790612681933244e-01
4.198000388413935524e-01
3.959055757526526720e-01
9.747008779993795446e-01
4.118869857836165993e-01
8.713350188244186612e-01
3.952615201686205948e-01
3.829615955657931781e-01
3.767509947800924963e-01
3.539098570849218417e-01
4.755060696390081554e-01
9.709640796056011602e-01
3.667666962144838783e-01
9.767794398871793016e-01
3.656244083306960935e-01
3.667665817624745639e-01
4.304080637047710822e-01
9.829104191720274830e-01
9.695910038211732473e-01
4.045046552979192356e-01
5.358135285220322341e-01
9.831219203585871425e-01
4.003155809572023216e-01
6.945023225907483999e-01
3.694854991722296700e-01
4.763775764738748530e-01
3.597881236867405685e-01
3.966525938387036043e-01
4.362838234813048999e-01
3.597724212138025401e-01
9.548752233737941575e-01
9.528792654075082247e-01
8.789811407676914046e-01
4.368469619188825592e-01
3.618798336592503051e-01
3.927964372756259093e-01
3.704088674668974956e-01
3.800741214730661288e-01
9.730507914090040789e-01
9.628089266272686908e-01
