2.958374617888567815e-01
2.800672078096223538e-01
3.245728468216281803e-01
5.980441154463537190e-01
3.667242810470933700e-01
2.879728482856858673e-01
9.889936063579362058e-01
3.015002768860531313e-01
2.903560923798384485e-01
9.816012264005702370e-01
2.941795323892051339e-01
9.896572250022898087e-01
3.173358602547579621e-01
2.926623951735417561e-01
9.667680014485542372e-01
2.896723995275235497e-01
9.860431159101982201e-01
9.752611178961072547e-01
2.828016766320209374e-01
2.835961474942518268e-01
9.754590607598953023e-01
3.039036658149570358e-01
2.746888798440059176e-01
9.545175379402454086e-01
2.783569989330219041e-01
3.100630967504144353e-01
2.877695268036019605e-01
2.896870905762495285e-01
2.819270872765489711e-01
2.823316142201641732e-01
8.028570228436502365e-01
9.888727978917435379e-01
2.699628613423525891e-01
8.955498903275852518e-01
7.209425137284494189e-01
9.820119821463841880e-01
3.075947656662770258e-01
7.151167017204581589e-01
2.718504693713874598e-01
5.457685046456287603e-01
9.675088369966531321e-01
7.680484923283835696e-01
9.496616492811607024e-01
2.897242240183449113e-01
4.392530070327375080e-01
7.632572546984570661e-01
9.736811506502766056e-01
7.567094585420816033e-01
2.976942163560492016e-01
4.157318838927042681e-01
5.931509758998501081e-01
2.846838346499983019e-01
3.500717771814089718e-01
4.128213460551787839e-01
9.891995749073929645e-01
6.420622922434194857e-01
9.621170596585331136e-01
2.973841689004115829e-01
9.224046216377663754e-01
2.713313538413754111e-01
8.787826111280176988e-01
9.722100362884384950e-01
6.624098891590892713e-01
3.314813640738583644e-01
