9.433433169486445946e-01
3.818612761745748818e-01
4.808445699877408885e-01
3.649699783077743898e-01
3.480490738830915864e-01
8.111945648589063973e-01
9.785440148634005908e-01
9.781261075132552385e-01
6.281508524716491459e-01
3.544007363548419831e-01
3.875633158091196795e-01
3.520305452688024528e-01
3.356766271880497476e-01
6.865078665323288698e-01
3.370177272173968674e-01
3.557909587780706540e-01
7.941365979314246593e-01
4.290008933686726422e-01
3.239123087402115408e-01
3.431193592020782002e-01
3.634440674831960205e-01
6.441081339798747640e-01
4.254210932728080818e-01
3.383830817052182471e-01
9.098100582978024820e-01
9.773774493023852372e-01
3.460870147076957615e-01
3.458149455379350701e-01
5.315976143923900610e-01
4.590837021049428701e-01
3.503531873655079121e-01
9.812827872636088467e-01
7.929055210766590145e-01
3.651791306463160192e-01
9.079604051593832548e-01
6.414217157441332029e-01
9.527781076059756993e-01
9.719939121657703573e-01
9.811842620985198327e-01
3.527260360387489135e-01
3.392136229409031811e-01
9.866315344164995338e-01
7.940667989869464316e-01
3.405165952480598834e-01
8.365792558919765698e-01
3.711315144411182487e-01
9.774211838812097985e-01
4.083286428464916185e-01
3.463277603385628844e-01
9.699725387931980025e-01
8.788586047134089307e-01
4.710959611387978696e-01
3.356762677972494058e-01
4.047564059977924456e-01
3.417808492489431971e-01
9.812978243646460763e-01
3.765502423282475752e-01
9.537258499603554762e-01
3.571871421987748429e-01
3.161163411827934144e-01
9.033239313821901373e-01
6.883085591153695892e-01
9.828014759811597445e-01
3.375570349782214818e-01
