9.614499483120831913e-01
8.511333491166592768e-01
6.739982692192093561e-01
9.170931705578244664e-01
8.882311252305444826e-01
9.354904924508615771e-01
5.005207184513768004e-01
6.827983311924141763e-01
4.344896439212827532e-01
9.555546158109932131e-01
6.029150253334797371e-01
8.969338808087582438e-01
9.127529947724157822e-01
9.369876448327415508e-01
4.332638098721396935e-01
4.333364168492179758e-01
6.635131090267203380e-01
4.389571360911840303e-01
7.700469276466964663e-01
4.882510859164235772e-01
8.215030457781518081e-01
4.497112467942154246e-01
4.332638097809420885e-01
4.332638098480599553e-01
9.670599732102567181e-01
4.440676131426737894e-01
4.417193265960774884e-01
9.474561281674619417e-01
4.660475245162319369e-01
4.366653747108950601e-01
8.368190984376251418e-01
7.402615143448848523e-01
4.792399828207244417e-01
9.707551365177219393e-01
4.382474031869441067e-01
4.228679224421099114e-01
4.417193112822087042e-01
9.662672264173216563e-01
4.468336956525745252e-01
4.419529891731537874e-01
4.661078263289270551e-01
9.326559860385980061e-01
8.712963198027255940e-01
9.031798028773427855e-01
7.635378070864587974e-01
9.818693948745526034e-01
4.702414178481238993e-01
4.241020959227546072e-01
9.591516603992634726e-01
8.767568542053468805e-01
9.432677199363138643e-01
4.561625035500224690e-01
9.574407671775592155e-01
4.798347177317638379e-01
4.198841602225906744e-01
9.790192824916755798e-01
8.231988158642956632e-01
4.351457331148073648e-01
4.653114684795837119e-01
4.332636763185920836e-01
9.501219539474761167e-01
5.222211602778352724e-01
4.479657578814147390e-01
9.110484608362918735e-01
