4.930077456069464903e-01
4.704760719379946776e-01
7.642448076039227711e-01
9.007003853570085816e-01
4.862301641561120880e-01
9.119262908162913961e-01
8.872096845644625862e-01
5.897831149102386039e-01
4.902560010775745547e-01
4.682531721884801157e-01
9.765952880964823279e-01
9.370700808192126141e-01
5.005712983711000374e-01
4.943438177836338432e-01
5.364241725898306612e-01
5.057279605262623434e-01
8.786567404852893004e-01
8.987146126093052967e-01
9.518256105416966761e-01
5.046122734973793600e-01
5.173901996161983652e-01
4.664647746727732525e-01
4.862125562553683555e-01
4.663875018631627456e-01
5.161231151344598533e-01
9.722938338340383346e-01
4.857219378430663315e-01
4.856172494177337651e-01
9.449094397679113078e-01
9.671250524210663890e-01
5.150281384226602643e-01
4.908795580427678384e-01
4.819991728698969080e-01
9.059961751961196352e-01
5.279914580554307957e-01
5.350678972433546843e-01
9.761500404069198833e-01
5.350137587441535780e-01
4.611313691259735226e-01
4.862817896933117057e-01
8.899881175769273067e-01
8.883341342277459862e-01
5.865140060037717928e-01
5.103404120136658673e-01
9.762666197375393651e-01
8.699750775502979039e-01
4.885652248944218345e-01
5.693726253884789923e-01
4.828483847033128162e-01
6.859013201047189368e-01
6.199379650248522111e-01
8.199800434878992128e-01
4.871088031464537726e-01
4.964415903938956265e-01
4.981570408323077737e-01
6.482920720427852723e-01
9.673585356217163644e-01
9.697068733969408383e-01
5.070310896827446845e-01
9.768378848611286580e-01
4.878061376970163621e-01
4.897412807792922984e-01
9.610205740840214172e-01
4.696886916983709082e-01
