6.181755286432841778e-01
9.907725684774106867e-01
9.957366331094527068e-01
9.711535278234266766e-01
9.933860016997845266e-01
8.786868939743726070e-01
7.184852152264855629e-01
9.948593131597870398e-01
9.428908824297491664e-01
9.962283612431080959e-01
6.090166961811449564e-01
6.581066701806908004e-01
5.756994881514074791e-01
5.717016657798552615e-01
5.999212621602122431e-01
6.833167761968106380e-01
9.873146482734552754e-01
8.980646627432079532e-01
5.765151034340283420e-01
9.922973851357125286e-01
6.068599967354012525e-01
5.513407084464777563e-01
8.763264066506053496e-01
5.795467661512697655e-01
6.063656154066273674e-01
5.920072033142385060e-01
6.259021886802019763e-01
8.354625603478268436e-01
6.214722043623149839e-01
6.489022226967836593e-01
6.094068399457183149e-01
9.703323053444774526e-01
5.895769846325974450e-01
6.475063973095538383e-01
7.708714156048994681e-01
9.599947149761540732e-01
5.920527586234420880e-01
8.255363712460602743e-01
5.877132289535074161e-01
9.880491847080559165e-01
6.294530108178969519e-01
5.930292100257292809e-01
9.834814070922012208e-01
9.744674526696428529e-01
6.302150219743855031e-01
5.920065978783518590e-01
9.326888208074899378e-01
9.964481601648091935e-01
6.020145875981900430e-01
6.310987345382939040e-01
6.891348125913657752e-01
6.399431029266747784e-01
5.741590879699840499e-01
5.930157666111859349e-01
8.132015733469795116e-01
5.700582108292759909e-01
5.678115756835235839e-01
6.068685406057732212e-01
5.755800128891868095e-01
5.489915959094828768e-01
9.782975827860459495e-01
6.152958247471452813e-01
6.118838652837375047e-01
6.030127111364117498e-01
