9.812012076792246962e-01
5.336829397866368341e-01
4.766671525873296122e-01
9.917525445109395266e-01
6.942958640017911076e-01
4.611862699889766048e-01
5.212800988724430873e-01
9.943007900854843317e-01
4.431674735284662492e-01
7.074029640871176694e-01
5.714480538886795857e-01
7.385440060367738369e-01
5.508229054749040898e-01
5.016941254323908916e-01
5.784832101497811019e-01
4.987751973587999932e-01
4.940946295100388519e-01
7.817967841267684515e-01
5.335222045797396451e-01
8.821612507977728557e-01
5.145163885536990778e-01
4.686080531087414847e-01
5.127122667681671686e-01
9.225248240433984170e-01
4.741819067789070363e-01
4.801309620458770189e-01
5.248782383335792723e-01
9.787983029075434382e-01
5.709473253029159201e-01
4.894371383401581177e-01
4.630982673039629738e-01
7.674741853527031754e-01
9.902887358617440405e-01
5.140975481686054227e-01
4.983667142174723619e-01
5.146581844904041247e-01
8.435290438858806805e-01
9.716102251414169277e-01
4.653841666693391277e-01
4.929128859871462209e-01
9.876336142775216098e-01
4.653932202764777259e-01
4.654999961839178524e-01
4.959313336473588629e-01
9.638175942875593094e-01
4.975765113483799351e-01
4.821182304357715109e-01
4.653909252036742550e-01
5.302759722371683804e-01
9.892505993356843774e-01
5.191418087198803599e-01
4.559677415386236277e-01
7.255551096034325020e-01
9.358679801246666541e-01
5.001573464101470856e-01
4.482207047014573620e-01
4.846142903203340957e-01
9.716987746686011063e-01
9.196087916777243576e-01
4.509792856507499059e-01
4.717803639225178203e-01
4.553958971036694003e-01
4.503259785994637721e-01
6.734214352780943935e-01
9.939304821976243653e-01
