4.131167885285936814e-01
3.819279584856602461e-01
4.410789775050208972e-01
9.660825651197685326e-01
3.680355829460280059e-01
3.888427992407490486e-01
5.292765078783595589e-01
3.588724401195446112e-01
3.699369430712138307e-01
3.612979503661662428e-01
9.686457863321964457e-01
3.855318799447591815e-01
9.109959657645949616e-01
7.693727447189939728e-01
7.425027208144087121e-01
6.131645777345768877e-01
5.730743658179099365e-01
3.666064220076466484e-01
9.436694267231592326e-01
9.629728507872097332e-01
3.879238609184161302e-01
3.753420937395645085e-01
4.162530835097568715e-01
3.648206456516533969e-01
3.781863187275433247e-01
3.737445253947155877e-01
6.721781195750622384e-01
3.857474035180042393e-01
3.587785358749315257e-01
9.854466145217594120e-01
3.808658204309853801e-01
6.601176895112558229e-01
3.666027157406703263e-01
4.240468308291129862e-01
5.613006970664508044e-01
3.937964808405435835e-01
4.007798361139893739e-01
4.301335799899185242e-01
9.670707522408742429e-01
9.609392568248520394e-01
5.846252020827931162e-01
3.939398289486292781e-01
9.669139448638357504e-01
8.681973221071361824e-01
3.919256781580661708e-01
3.609609569774925308e-01
5.378385768367038855e-01
9.710415243445585931e-01
9.026907547409015464e-01
4.118507479979747199e-01
4.172105605851032517e-01
3.571009832162761466e-01
8.366652437975106160e-01
7.496741537837727787e-01
3.846188104528763252e-01
3.524031407656837422e-01
3.781786075364977906e-01
3.807934834752286224e-01
3.893254093295226426e-01
4.559882594637539865e-01
4.004165443543080682e-01
9.762869052364161471e-01
3.764962115900840622e-01
5.244624545578282504e-01
6.007289894541845143e-01
9.240905287104832500e-01
3.547792633986606159e-01
3.555423971185799337e-01
3.443935254291098924e-01
3.363072923909987688e-01
6.044342458658416017e-01
8.807960719542303751e-01
3.560040806549472081e-01
3.768709579439393775e-01
3.593202309538927053e-01
9.638336364609250140e-01
3.649322819322233236e-01
3.277267919102795912e-01
3.529197611137888102e-01
3.342177304392292547e-01
3.608967884063983278e-01
3.323258069266250003e-01
6.926220171400139236e-01
3.625968253844407130e-01
3.472782569508418016e-01
3.570478497835982146e-01
3.445817226877783690e-01
9.799345485654238352e-01
3.629598755117892650e-01
3.548202974082096950e-01
8.710494235162693499e-01
4.249819246125262073e-01
3.735060909845587807e-01
6.594624585322013122e-01
8.911878987474451952e-01
3.313843476252572584e-01
9.627774040862435712e-01
9.880658934361563617e-01
3.285519380954803337e-01
3.363072931459129000e-01
5.133716151898549684e-01
9.025859583017523669e-01
3.280489368869988764e-01
3.513290528310267780e-01
4.522312393810024034e-01
9.819472893932541524e-01
3.543826228993196548e-01
6.168285471470331682e-01
3.690648733376473700e-01
9.781774458534971961e-01
8.798305058756538122e-01
3.420501017582590064e-01
3.363073409742907693e-01
9.639170718793270698e-01
9.472759160023952463e-01
3.365400001062070490e-01
9.585728193315730117e-01
3.430188362273119962e-01
3.787158446126409062e-01
9.869105534572609750e-01
3.385275338837491765e-01
3.711653527677139519e-01
3.363073095284980218e-01
3.525426925178128945e-01
4.091666481944610800e-01
3.996626653100411319e-01
3.172171160928043965e-01
3.295744507178268168e-01
3.159587751364038022e-01
3.213121112364611953e-01
3.693018784673574029e-01
9.465529883596661698e-01
3.847917363170763605e-01
3.114202342199637319e-01
3.326016168805066564e-01
3.424994065755538331e-01
3.060569369389217753e-01
3.165655256712626153e-01
6.234737998972678108e-01
7.463819416577222032e-01
2.929935527995737310e-01
3.094469886527773106e-01
3.114201968924063535e-01
5.349901901559649398e-01
7.125752069579938119e-01
3.165666876593923873e-01
3.359093670271435794e-01
9.881592613821358340e-01
3.114201652205401127e-01
3.763378648536469528e-01
3.143028109692464489e-01
3.467418598781976669e-01
3.133742614466307197e-01
3.126788692686401361e-01
3.246863166928846134e-01
8.951245030243960565e-01
3.402796589148879280e-01
5.504829833126901883e-01
9.797994347778460345e-01
4.289871111085794553e-01
4.341285731970282447e-01
3.381415404796049295e-01
9.624118579117317829e-01
9.509969623807051908e-01
6.797589101019912983e-01
9.063069437341251255e-01
9.786605989212079360e-01
3.286518900969003232e-01
3.905264117144144898e-01
3.259277550254621736e-01
6.306612590093482185e-01
3.216424881004785741e-01
3.996372730135019924e-01
3.330569331854116299e-01
3.562729575610883992e-01
3.237789410750071539e-01
3.330119083795431423e-01
8.342213613055015076e-01
5.447088928959192833e-01
3.931378607237894784e-01
3.286809731108283339e-01
3.333848504688062264e-01
9.815758004586575547e-01
3.967670998750520983e-01
9.855864366842223001e-01
3.282141301745460371e-01
6.826335989405319937e-01
6.742563908824540375e-01
9.811251247203977011e-01
3.100416052710204817e-01
3.039592662685914881e-01
9.477723864624688632e-01
9.847192923593154346e-01
3.668711540105761837e-01
3.886181983094268433e-01
9.500284693316585205e-01
3.781823746268192510e-01
3.767448073798096986e-01
3.894976257302774636e-01
9.685873905324692279e-01
3.420641211093589096e-01
3.829988368447878044e-01
3.706234625419378981e-01
6.549428010461577632e-01
3.898161379862941089e-01
3.506374361584518873e-01
5.025719860893700375e-01
3.637432574452179046e-01
9.833995295711334128e-01
9.881592167457383669e-01
7.947061557938750465e-01
4.185600801338960619e-01
3.409392589855997358e-01
7.764782049628652372e-01
9.592946986359215389e-01
5.674758506322064022e-01
9.861790612681933244e-01
4.198000388413935524e-01
3.959055757526526720e-01
9.747008779993795446e-01
4.118869857836165993e-01
8.713350188244186612e-01
3.952615201686205948e-01
3.829615955657931781e-01
3.767509947800924963e-01
3.539098570849218417e-01
4.755060696390081554e-01
9.709640796056011602e-01
3.667666962144838783e-01
9.767794398871793016e-01
3.656244083306960935e-01
3.667665817624745639e-01
4.304080637047710822e-01
9.829104191720274830e-01
9.695910038211732473e-01
4.045046552979192356e-01
5.358135285220322341e-01
9.831219203585871425e-01
4.003155809572023216e-01
6.945023225907483999e-01
3.694854991722296700e-01
4.763775764738748530e-01
3.597881236867405685e-01
3.966525938387036043e-01
4.362838234813048999e-01
3.597724212138025401e-01
9.548752233737941575e-01
9.528792654075082247e-01
8.789811407676914046e-01
4.368469619188825592e-01
3.618798336592503051e-01
3.927964372756259093e-01
3.704088674668974956e-01
3.800741214730661288e-01
9.730507914090040789e-01
9.628089266272686908e-01
2.958374617888567815e-01
2.800672078096223538e-01
3.245728468216281803e-01
5.980441154463537190e-01
3.667242810470933700e-01
2.879728482856858673e-01
9.889936063579362058e-01
3.015002768860531313e-01
2.903560923798384485e-01
9.816012264005702370e-01
2.941795323892051339e-01
9.896572250022898087e-01
3.173358602547579621e-01
2.926623951735417561e-01
9.667680014485542372e-01
2.896723995275235497e-01
9.860431159101982201e-01
9.752611178961072547e-01
2.828016766320209374e-01
2.835961474942518268e-01
9.754590607598953023e-01
3.039036658149570358e-01
2.746888798440059176e-01
9.545175379402454086e-01
2.783569989330219041e-01
3.100630967504144353e-01
2.877695268036019605e-01
2.896870905762495285e-01
2.819270872765489711e-01
2.823316142201641732e-01
8.028570228436502365e-01
9.888727978917435379e-01
2.699628613423525891e-01
8.955498903275852518e-01
7.209425137284494189e-01
9.820119821463841880e-01
3.075947656662770258e-01
7.151167017204581589e-01
2.718504693713874598e-01
5.457685046456287603e-01
9.675088369966531321e-01
7.680484923283835696e-01
9.496616492811607024e-01
2.897242240183449113e-01
4.392530070327375080e-01
7.632572546984570661e-01
9.736811506502766056e-01
7.567094585420816033e-01
2.976942163560492016e-01
4.157318838927042681e-01
5.931509758998501081e-01
2.846838346499983019e-01
3.500717771814089718e-01
4.128213460551787839e-01
9.891995749073929645e-01
6.420622922434194857e-01
9.621170596585331136e-01
2.973841689004115829e-01
9.224046216377663754e-01
2.713313538413754111e-01
8.787826111280176988e-01
9.722100362884384950e-01
6.624098891590892713e-01
3.314813640738583644e-01
9.433433169486445946e-01
3.818612761745748818e-01
4.808445699877408885e-01
3.649699783077743898e-01
3.480490738830915864e-01
8.111945648589063973e-01
9.785440148634005908e-01
9.781261075132552385e-01
6.281508524716491459e-01
3.544007363548419831e-01
3.875633158091196795e-01
3.520305452688024528e-01
3.356766271880497476e-01
6.865078665323288698e-01
3.370177272173968674e-01
3.557909587780706540e-01
7.941365979314246593e-01
4.290008933686726422e-01
3.239123087402115408e-01
3.431193592020782002e-01
3.634440674831960205e-01
6.441081339798747640e-01
4.254210932728080818e-01
3.383830817052182471e-01
9.098100582978024820e-01
9.773774493023852372e-01
3.460870147076957615e-01
3.458149455379350701e-01
5.315976143923900610e-01
4.590837021049428701e-01
3.503531873655079121e-01
9.812827872636088467e-01
7.929055210766590145e-01
3.651791306463160192e-01
9.079604051593832548e-01
6.414217157441332029e-01
9.527781076059756993e-01
9.719939121657703573e-01
9.811842620985198327e-01
3.527260360387489135e-01
3.392136229409031811e-01
9.866315344164995338e-01
7.940667989869464316e-01
3.405165952480598834e-01
8.365792558919765698e-01
3.711315144411182487e-01
9.774211838812097985e-01
4.083286428464916185e-01
3.463277603385628844e-01
9.699725387931980025e-01
8.788586047134089307e-01
4.710959611387978696e-01
3.356762677972494058e-01
4.047564059977924456e-01
3.417808492489431971e-01
9.812978243646460763e-01
3.765502423282475752e-01
9.537258499603554762e-01
3.571871421987748429e-01
3.161163411827934144e-01
9.033239313821901373e-01
6.883085591153695892e-01
9.828014759811597445e-01
3.375570349782214818e-01
9.614499483120831913e-01
8.511333491166592768e-01
6.739982692192093561e-01
9.170931705578244664e-01
8.882311252305444826e-01
9.354904924508615771e-01
5.005207184513768004e-01
6.827983311924141763e-01
4.344896439212827532e-01
9.555546158109932131e-01
6.029150253334797371e-01
8.969338808087582438e-01
9.127529947724157822e-01
9.369876448327415508e-01
4.332638098721396935e-01
4.333364168492179758e-01
6.635131090267203380e-01
4.389571360911840303e-01
7.700469276466964663e-01
4.882510859164235772e-01
8.215030457781518081e-01
4.497112467942154246e-01
4.332638097809420885e-01
4.332638098480599553e-01
9.670599732102567181e-01
4.440676131426737894e-01
4.417193265960774884e-01
9.474561281674619417e-01
4.660475245162319369e-01
4.366653747108950601e-01
8.368190984376251418e-01
7.402615143448848523e-01
4.792399828207244417e-01
9.707551365177219393e-01
4.382474031869441067e-01
4.228679224421099114e-01
4.417193112822087042e-01
9.662672264173216563e-01
4.468336956525745252e-01
4.419529891731537874e-01
4.661078263289270551e-01
9.326559860385980061e-01
8.712963198027255940e-01
9.031798028773427855e-01
7.635378070864587974e-01
9.818693948745526034e-01
4.702414178481238993e-01
4.241020959227546072e-01
9.591516603992634726e-01
8.767568542053468805e-01
9.432677199363138643e-01
4.561625035500224690e-01
9.574407671775592155e-01
4.798347177317638379e-01
4.198841602225906744e-01
9.790192824916755798e-01
8.231988158642956632e-01
4.351457331148073648e-01
4.653114684795837119e-01
4.332636763185920836e-01
9.501219539474761167e-01
5.222211602778352724e-01
4.479657578814147390e-01
9.110484608362918735e-01
4.930077456069464903e-01
4.704760719379946776e-01
7.642448076039227711e-01
9.007003853570085816e-01
4.862301641561120880e-01
9.119262908162913961e-01
8.872096845644625862e-01
5.897831149102386039e-01
4.902560010775745547e-01
4.682531721884801157e-01
9.765952880964823279e-01
9.370700808192126141e-01
5.005712983711000374e-01
4.943438177836338432e-01
5.364241725898306612e-01
5.057279605262623434e-01
8.786567404852893004e-01
8.987146126093052967e-01
9.518256105416966761e-01
5.046122734973793600e-01
5.173901996161983652e-01
4.664647746727732525e-01
4.862125562553683555e-01
4.663875018631627456e-01
5.161231151344598533e-01
9.722938338340383346e-01
4.857219378430663315e-01
4.856172494177337651e-01
9.449094397679113078e-01
9.671250524210663890e-01
5.150281384226602643e-01
4.908795580427678384e-01
4.819991728698969080e-01
9.059961751961196352e-01
5.279914580554307957e-01
5.350678972433546843e-01
9.761500404069198833e-01
5.350137587441535780e-01
4.611313691259735226e-01
4.862817896933117057e-01
8.899881175769273067e-01
8.883341342277459862e-01
5.865140060037717928e-01
5.103404120136658673e-01
9.762666197375393651e-01
8.699750775502979039e-01
4.885652248944218345e-01
5.693726253884789923e-01
4.828483847033128162e-01
6.859013201047189368e-01
6.199379650248522111e-01
8.199800434878992128e-01
4.871088031464537726e-01
4.964415903938956265e-01
4.981570408323077737e-01
6.482920720427852723e-01
9.673585356217163644e-01
9.697068733969408383e-01
5.070310896827446845e-01
9.768378848611286580e-01
4.878061376970163621e-01
4.897412807792922984e-01
9.610205740840214172e-01
4.696886916983709082e-01
6.181755286432841778e-01
9.907725684774106867e-01
9.957366331094527068e-01
9.711535278234266766e-01
9.933860016997845266e-01
8.786868939743726070e-01
7.184852152264855629e-01
9.948593131597870398e-01
9.428908824297491664e-01
9.962283612431080959e-01
6.090166961811449564e-01
6.581066701806908004e-01
5.756994881514074791e-01
5.717016657798552615e-01
5.999212621602122431e-01
6.833167761968106380e-01
9.873146482734552754e-01
8.980646627432079532e-01
5.765151034340283420e-01
9.922973851357125286e-01
6.068599967354012525e-01
5.513407084464777563e-01
8.763264066506053496e-01
5.795467661512697655e-01
6.063656154066273674e-01
5.920072033142385060e-01
6.259021886802019763e-01
8.354625603478268436e-01
6.214722043623149839e-01
6.489022226967836593e-01
6.094068399457183149e-01
9.703323053444774526e-01
5.895769846325974450e-01
6.475063973095538383e-01
7.708714156048994681e-01
9.599947149761540732e-01
5.920527586234420880e-01
8.255363712460602743e-01
5.877132289535074161e-01
9.880491847080559165e-01
6.294530108178969519e-01
5.930292100257292809e-01
9.834814070922012208e-01
9.744674526696428529e-01
6.302150219743855031e-01
5.920065978783518590e-01
9.326888208074899378e-01
9.964481601648091935e-01
6.020145875981900430e-01
6.310987345382939040e-01
6.891348125913657752e-01
6.399431029266747784e-01
5.741590879699840499e-01
5.930157666111859349e-01
8.132015733469795116e-01
5.700582108292759909e-01
5.678115756835235839e-01
6.068685406057732212e-01
5.755800128891868095e-01
5.489915959094828768e-01
9.782975827860459495e-01
6.152958247471452813e-01
6.118838652837375047e-01
6.030127111364117498e-01
9.812012076792246962e-01
5.336829397866368341e-01
4.766671525873296122e-01
9.917525445109395266e-01
6.942958640017911076e-01
4.611862699889766048e-01
5.212800988724430873e-01
9.943007900854843317e-01
4.431674735284662492e-01
7.074029640871176694e-01
5.714480538886795857e-01
7.385440060367738369e-01
5.508229054749040898e-01
5.016941254323908916e-01
5.784832101497811019e-01
4.987751973587999932e-01
4.940946295100388519e-01
7.817967841267684515e-01
5.335222045797396451e-01
8.821612507977728557e-01
5.145163885536990778e-01
4.686080531087414847e-01
5.127122667681671686e-01
9.225248240433984170e-01
4.741819067789070363e-01
4.801309620458770189e-01
5.248782383335792723e-01
9.787983029075434382e-01
5.709473253029159201e-01
4.894371383401581177e-01
4.630982673039629738e-01
7.674741853527031754e-01
9.902887358617440405e-01
5.140975481686054227e-01
4.983667142174723619e-01
5.146581844904041247e-01
8.435290438858806805e-01
9.716102251414169277e-01
4.653841666693391277e-01
4.929128859871462209e-01
9.876336142775216098e-01
4.653932202764777259e-01
4.654999961839178524e-01
4.959313336473588629e-01
9.638175942875593094e-01
4.975765113483799351e-01
4.821182304357715109e-01
4.653909252036742550e-01
5.302759722371683804e-01
9.892505993356843774e-01
5.191418087198803599e-01
4.559677415386236277e-01
7.255551096034325020e-01
9.358679801246666541e-01
5.001573464101470856e-01
4.482207047014573620e-01
4.846142903203340957e-01
9.716987746686011063e-01
9.196087916777243576e-01
4.509792856507499059e-01
4.717803639225178203e-01
4.553958971036694003e-01
4.503259785994637721e-01
6.734214352780943935e-01
9.939304821976243653e-01
