9.999999949407882838e-01
9.999999949407882838e-01
9.999999949407882838e-01
9.999999962444254820e-01
9.999999949407882838e-01
9.999999949407882838e-01
9.999999949407882838e-01
9.999999949407882838e-01
9.999999949407882838e-01
9.999999949407882838e-01
9.999999962444254820e-01
9.999999949407882838e-01
9.999999949407882838e-01
9.999999962444254820e-01
9.999999949407882838e-01
9.999999949407882838e-01
9.999999949407882838e-01
9.999999949407882838e-01
9.999999949407882838e-01
9.999999962444254820e-01
9.999999949407882838e-01
9.999999949407882838e-01
9.999999949407882838e-01
9.999999949407882838e-01
9.999999949407882838e-01
9.999999949407882838e-01
9.999999962446690649e-01
9.999999949407882838e-01
9.999999949407882838e-01
9.999999962444254820e-01
9.999999949407882838e-01
9.999999962444254820e-01
9.999999949407882838e-01
9.999999949407882838e-01
9.999999949407882838e-01
9.999999949407882838e-01
9.999999949407882838e-01
9.999999949407882838e-01
9.999999962444254820e-01
9.999999949407882838e-01
9.999999949407882838e-01
9.999999949407882838e-01
9.999999962444254820e-01
9.999999949407882838e-01
9.999999949407882838e-01
9.999999949407882838e-01
9.999999949407882838e-01
9.999999949407882838e-01
9.999999962456644909e-01
9.999999949407882838e-01
9.999999949407882838e-01
9.999999949407882838e-01
9.999999949407882838e-01
9.999999949407882838e-01
9.999999949407882838e-01
9.999999949407882838e-01
9.999999949407882838e-01
9.999999949407882838e-01
9.999999949407882838e-01
9.999999949407882838e-01
9.999999949407882838e-01
9.999999962444254820e-01
9.999999949407882838e-01
9.999999949407882838e-01
