9.999999949407971656e-01
9.999999949407971656e-01
9.999999949407971656e-01
9.999999949407971656e-01
9.999999949407971656e-01
9.999999949407971656e-01
9.999999962444319213e-01
9.999999949407971656e-01
9.999999949407971656e-01
9.999999949407971656e-01
9.999999949407971656e-01
9.999999962444319213e-01
9.999999949407971656e-01
9.999999949407971656e-01
9.999999949407971656e-01
9.999999949407971656e-01
9.999999949407971656e-01
9.999999949407971656e-01
9.999999949407971656e-01
9.999999949407971656e-01
9.999999949407971656e-01
9.999999949407971656e-01
9.999999949407971656e-01
9.999999962444319213e-01
9.999999949407971656e-01
9.999999949407971656e-01
9.999999962444319213e-01
9.999999962444319213e-01
9.999999949407971656e-01
9.999999949407971656e-01
9.999999962444319213e-01
9.999999949407971656e-01
9.999999949407971656e-01
9.999999962444319213e-01
9.999999949407971656e-01
9.999999949407971656e-01
9.999999962444319213e-01
9.999999962443997248e-01
9.999999949407971656e-01
9.999999949407971656e-01
9.999999949407971656e-01
9.999999962444319213e-01
9.999999949407971656e-01
9.999999962444319213e-01
9.999999949407971656e-01
9.999999949407984978e-01
9.999999949407971656e-01
9.999999949407971656e-01
9.999999949407971656e-01
9.999999962444319213e-01
9.999999962444319213e-01
9.999999949407971656e-01
9.999999962444319213e-01
9.999999949407971656e-01
9.999999949407971656e-01
9.999999962444319213e-01
9.999999949407971656e-01
9.999999949407971656e-01
9.999999949407971656e-01
9.999999949407971656e-01
9.999999949407971656e-01
9.999999949407971656e-01
9.999999949407971656e-01
9.999999949407971656e-01
