9.999999949407956112e-01
9.999999949407956112e-01
9.999999949407956112e-01
9.999999962444268142e-01
9.999999962444268142e-01
9.999999949407956112e-01
9.999999949407956112e-01
9.999999949407956112e-01
9.999999949407956112e-01
9.999999949407956112e-01
9.999999949407956112e-01
9.999999962444268142e-01
9.999999949407956112e-01
9.999999949407956112e-01
9.999999949407956112e-01
9.999999949407956112e-01
9.999999962444268142e-01
9.999999949407956112e-01
9.999999949407956112e-01
9.999999962444268142e-01
9.999999949407956112e-01
9.999999949407956112e-01
9.999999949407956112e-01
9.999999949407956112e-01
9.999999949407956112e-01
9.999999949407956112e-01
9.999999949407956112e-01
9.999999962444268142e-01
9.999999949407956112e-01
9.998045649761975184e-01
9.999999949407956112e-01
9.999999949407956112e-01
9.999999905545794432e-01
9.999999949407956112e-01
9.999999962444268142e-01
9.999999962444268142e-01
9.999999949407956112e-01
9.999999962444268142e-01
9.999999949407956112e-01
9.999999949407956112e-01
9.999999949407956112e-01
9.999999949407956112e-01
9.999999949407956112e-01
9.999999949407956112e-01
9.999999949407956112e-01
9.999999949407956112e-01
9.999999949407956112e-01
9.999999949407956112e-01
9.999999949407956112e-01
9.999999962444268142e-01
9.999999949407956112e-01
9.999999949407956112e-01
9.999999949407956112e-01
9.999999949407956112e-01
9.999999962444268142e-01
9.999999949407956112e-01
9.999999962444268142e-01
9.999999949407956112e-01
9.999999962444268142e-01
9.999999949407956112e-01
9.999999962444268142e-01
9.999999949407956112e-01
9.999999949407956112e-01
9.999999962444268142e-01
