9.999999962444312551e-01
9.999999949407742950e-01
9.999999949407742950e-01
9.999999962444312551e-01
9.999999949407742950e-01
9.999999949407742950e-01
9.999999949407742950e-01
9.999999962444312551e-01
9.999999949407742950e-01
9.999999949407742950e-01
9.999999949407742950e-01
9.999999962444312551e-01
9.999999949407742950e-01
9.999999949407742950e-01
9.999999949407742950e-01
9.999999949407742950e-01
9.999999962444312551e-01
9.999999962444312551e-01
9.999999949407742950e-01
9.999999949407742950e-01
9.999999949407742950e-01
9.999999949407742950e-01
9.999999962444312551e-01
9.558975564002333281e-01
9.999999962444312551e-01
9.999999949407742950e-01
9.999999949407742950e-01
9.999999962444312551e-01
9.999999949407742950e-01
9.999999962444312551e-01
9.999999949407742950e-01
9.999999949407742950e-01
9.999999949407742950e-01
9.999999949407742950e-01
9.999999949407742950e-01
9.999993702285927544e-01
9.999999949407742950e-01
9.999999962455954350e-01
9.999999949407742950e-01
9.999999949407742950e-01
9.999999949407742950e-01
9.999999962444312551e-01
9.999999962463590464e-01
9.999999949407742950e-01
9.999999949407742950e-01
9.999999962444312551e-01
9.999999949407742950e-01
9.999999949407742950e-01
9.999999949407742950e-01
9.999999949407742950e-01
9.999999949407742950e-01
9.999999949407742950e-01
9.999999962444066082e-01
9.999999949407742950e-01
9.999999962444312551e-01
9.999999962444312551e-01
9.999999949407742950e-01
9.999999949407742950e-01
9.999999949407742950e-01
9.999999949407742950e-01
9.999999949407742950e-01
9.999999949407742950e-01
9.999999949407742950e-01
9.999999962443557600e-01
