9.999999949407882838e-01
9.999999949407882838e-01
9.999999949407882838e-01
9.999999962444254820e-01
9.999999949407882838e-01
9.999999949407882838e-01
9.999999962444254820e-01
9.999999949407882838e-01
9.999999949407882838e-01
9.999999962444254820e-01
9.999999949407882838e-01
9.999999962444254820e-01
9.999999949407882838e-01
9.999999949407882838e-01
9.999999949407882838e-01
9.999999949407882838e-01
9.999999962444254820e-01
9.999999962463559378e-01
9.999999949407882838e-01
9.999999949407882838e-01
9.999999962444254820e-01
9.999999949407882838e-01
9.999999949407882838e-01
9.999999962443402168e-01
9.999999949407882838e-01
9.999999949407882838e-01
9.999999949407882838e-01
9.999999949407882838e-01
9.999999949407882838e-01
9.999999949407882838e-01
9.999999962444254820e-01
9.999999962444254820e-01
9.999999949407882838e-01
9.999999962444254820e-01
9.999999962444254820e-01
9.999999962444254820e-01
9.999999949407882838e-01
9.999999949407882838e-01
9.999999949407882838e-01
9.999999949407882838e-01
9.999999962445262902e-01
9.999999949407882838e-01
9.999999962444254820e-01
9.999999949407882838e-01
9.999999949407882838e-01
9.999999949407882838e-01
9.999999962444254820e-01
9.999999962444254820e-01
9.999999949407882838e-01
9.999999949407882838e-01
9.999999949407882838e-01
9.999999949407882838e-01
9.999999949407882838e-01
9.999999949407882838e-01
9.999999962444254820e-01
9.999999949407882838e-01
9.999999949407882838e-01
9.999999949407882838e-01
9.999999962444254820e-01
9.999999949407882838e-01
9.999999949407882838e-01
9.999999962444254820e-01
9.999999962444254820e-01
9.999999949407882838e-01
