9.999999962444328094e-01
9.999999949407871735e-01
9.999999949407871735e-01
9.999999949407871735e-01
9.999999949407871735e-01
9.999999949407871735e-01
9.999999962444328094e-01
9.999999962444328094e-01
9.999999962444328094e-01
9.999999949407871735e-01
9.999999949407871735e-01
9.999999949407871735e-01
9.999999949407871735e-01
7.793568849092172846e-01
9.999999949407871735e-01
9.999999949407871735e-01
9.999999949407871735e-01
9.999999949407871735e-01
9.999999949407871735e-01
9.999999949407871735e-01
9.999999949407871735e-01
9.999999949407871735e-01
9.999999949407871735e-01
9.999999949407871735e-01
9.999999962444237056e-01
9.999999949407871735e-01
9.999999949407871735e-01
9.999999949407871735e-01
9.999999949407871735e-01
9.999999949407871735e-01
9.999999949407871735e-01
9.999999962444328094e-01
9.999999962444328094e-01
9.999999949407871735e-01
9.999999949407871735e-01
9.999999949407871735e-01
9.999999962444328094e-01
9.999999962444328094e-01
9.999999962444328094e-01
9.999999949407871735e-01
9.999999949407871735e-01
9.999999962444328094e-01
9.999999962444328094e-01
9.999999949407871735e-01
9.232677528960985258e-01
9.999999949407871735e-01
9.999999962444328094e-01
9.999999949407871735e-01
9.999999949407871735e-01
9.999999962444328094e-01
9.999999962444328094e-01
9.999999949407871735e-01
9.999999949407871735e-01
9.999999962444328094e-01
9.999999949407871735e-01
9.999999962443881785e-01
9.999999949407871735e-01
9.999999949407871735e-01
9.999999949407871735e-01
9.999999949407871735e-01
9.999999962444328094e-01
9.999999962444328094e-01
9.999999962444328094e-01
9.999999949407871735e-01
