9.999999962444285906e-01
9.999999962444285906e-01
9.999999962444285906e-01
9.999999962444285906e-01
9.999999962444285906e-01
9.999999962444285906e-01
9.999999949407869515e-01
9.999999962444285906e-01
9.999999949407869515e-01
9.999999949407869515e-01
9.999999949407869515e-01
9.999999949407869515e-01
9.999999962444285906e-01
9.999999949407869515e-01
9.999999949407869515e-01
9.999999949407869515e-01
9.999999962444285906e-01
9.999999949407869515e-01
9.999999962444285906e-01
9.999999949407869515e-01
9.999999949407869515e-01
9.999999949407869515e-01
9.999999949407869515e-01
9.999999949407869515e-01
9.999999962444285906e-01
9.999999949407869515e-01
9.999999949407869515e-01
9.999999949407869515e-01
9.999999949407869515e-01
9.999999949407869515e-01
9.999999867725355429e-01
9.999999949407869515e-01
9.999999949407869515e-01
9.999999962444285906e-01
9.999999949407869515e-01
9.999999949407869515e-01
9.999999949407869515e-01
9.999999962444285906e-01
9.999999949407869515e-01
9.999999949407869515e-01
9.999999949407869515e-01
9.999999961734580278e-01
9.999999962444285906e-01
9.999999962444285906e-01
9.999999949407869515e-01
9.999999962444285906e-01
9.999999949407869515e-01
9.999999949407869515e-01
9.999999962444285906e-01
9.999999962444285906e-01
9.999999962444285906e-01
9.999999949407869515e-01
9.999999949407869515e-01
9.999999949407869515e-01
9.999999949407869515e-01
9.999999962444285906e-01
9.999999949407869515e-01
9.999999949407869515e-01
9.999999949407869515e-01
9.999999949407869515e-01
9.999999962455949909e-01
9.999999949407869515e-01
9.999999949407869515e-01
9.999999962444285906e-01
