9.999999949407885058e-01
9.999999949407885058e-01
9.999999486835404738e-01
9.999999962444339197e-01
9.999999949407885058e-01
9.999999962443866242e-01
9.999999962444339197e-01
5.501803499960593591e-01
9.999999949407885058e-01
9.999999949407885058e-01
9.999999962444339197e-01
9.999999949407885058e-01
9.999999949407885058e-01
9.999999949407885058e-01
9.999999949407885058e-01
9.999999949407885058e-01
9.999999962444339197e-01
9.999999949407885058e-01
9.999999961568890594e-01
9.999999949407885058e-01
9.999999949407885058e-01
9.999999949407885058e-01
9.999999949407885058e-01
9.999999949407885058e-01
9.999999949407885058e-01
9.999999962444339197e-01
9.999999949407885058e-01
9.999999949407885058e-01
9.999999962444339197e-01
9.999999962444339197e-01
9.999999949407885058e-01
9.999999949407885058e-01
9.999999949407885058e-01
9.999999962444339197e-01
9.999999949407885058e-01
9.999999949407885058e-01
9.999999962444339197e-01
9.999999949407885058e-01
9.999999949407885058e-01
9.999999949407885058e-01
9.999999962444339197e-01
9.999999949407885058e-01
9.999976522535812817e-01
9.999999949407885058e-01
9.999999962444339197e-01
9.999999949407885058e-01
9.999999949407885058e-01
9.999999949407885058e-01
9.999999949407885058e-01
9.999999962444339197e-01
9.999999962444339197e-01
9.999999949407885058e-01
9.999999949407885058e-01
9.999999949407885058e-01
9.999999949407885058e-01
9.999999949407885058e-01
9.999999949407885058e-01
9.999999962444339197e-01
9.999999949407885058e-01
9.999999962444339197e-01
9.999999949407885058e-01
9.999999949407885058e-01
9.999999962444339197e-01
9.999999949407885058e-01
