9.999999949407927247e-01
9.999999962444288126e-01
9.999999962444288126e-01
9.999999962444288126e-01
9.999999962444288126e-01
9.999999949407927247e-01
9.999999949407927247e-01
9.999999962444288126e-01
9.999999949407927247e-01
9.999999962444288126e-01
9.999999949407927247e-01
9.999999949407927247e-01
9.999999949407927247e-01
9.999999949407927247e-01
9.999999949407927247e-01
9.999999949407927247e-01
9.999999962444288126e-01
9.999999962444288126e-01
9.999999949407927247e-01
9.999999962444192647e-01
9.999999949407927247e-01
9.999999949407927247e-01
9.999999949407927247e-01
9.999999949407927247e-01
9.999999949407927247e-01
9.999999949407927247e-01
9.999999949407927247e-01
9.999999949407927247e-01
9.999999949407927247e-01
9.999999949407927247e-01
9.999999949407927247e-01
9.999999962444985346e-01
9.999999949407927247e-01
9.999999949407927247e-01
5.498826573969773923e-01
9.999999962444288126e-01
9.999999949407927247e-01
9.999999962444288126e-01
9.999999949407927247e-01
5.524203237337452777e-01
9.999999949407927247e-01
9.999999949407927247e-01
9.999999949407927247e-01
9.999999913616991476e-01
9.999999949407927247e-01
9.999999949407927247e-01
9.999999949407927247e-01
9.999999962444288126e-01
9.999999949407927247e-01
9.999999949407927247e-01
9.999999949407927247e-01
9.999999949407927247e-01
9.999999949407927247e-01
9.999999949407927247e-01
9.999999962444288126e-01
9.999999949407927247e-01
9.999999949407927247e-01
9.999999949407927247e-01
9.999999949407927247e-01
9.999999949407927247e-01
9.999999962444288126e-01
9.999999949407927247e-01
9.999999949407927247e-01
9.999999949407927247e-01
