9.999999961527830106e-01
9.999999949395195209e-01
9.999999949395195209e-01
9.999999962444230395e-01
9.999999949395195209e-01
9.999999949395195209e-01
9.999999949395195209e-01
9.999999962444230395e-01
9.999999949395195209e-01
9.999999949395195209e-01
9.999999949395195209e-01
9.999999949395195209e-01
9.999999949395195209e-01
9.999999949395195209e-01
9.999999949395195209e-01
9.999999949395195209e-01
9.999999949395195209e-01
9.999999962444128254e-01
9.999999949395195209e-01
9.999999949395195209e-01
9.999999949395195209e-01
9.999999949395195209e-01
9.999999949395195209e-01
9.999999962444230395e-01
9.999999949395195209e-01
9.999999949395195209e-01
9.999999949395195209e-01
9.999999962443857360e-01
9.999999949395195209e-01
9.999999949395195209e-01
9.999999949395195209e-01
9.999999949395195209e-01
9.999999962444230395e-01
9.999999949395195209e-01
9.999999949395195209e-01
9.999999949395195209e-01
9.999999949395195209e-01
9.999999962444230395e-01
9.999999949395195209e-01
9.999999949395195209e-01
9.999999962444230395e-01
9.999999949395195209e-01
9.999999949395195209e-01
9.999999949395195209e-01
9.999999962444230395e-01
9.999999949395195209e-01
9.999999949395195209e-01
9.999999949395195209e-01
9.999999949395195209e-01
9.999999962444230395e-01
9.999999949395195209e-01
9.999999949395195209e-01
9.999999949395195209e-01
9.999999949395195209e-01
9.999999949395195209e-01
9.999999949395195209e-01
9.999999949395195209e-01
9.999999955408689356e-01
9.999999962444230395e-01
9.999999949395195209e-01
9.999999949395195209e-01
9.999999949395195209e-01
9.999999949395195209e-01
9.999999949395195209e-01
9.999999962444230395e-01
