9.999999949407882838e-01
9.999999949407882838e-01
9.999999949407882838e-01
9.999999962444254820e-01
9.999999949407882838e-01
9.999999949407882838e-01
9.999999949407882838e-01
9.999999949407882838e-01
9.999999949407882838e-01
9.999999949407882838e-01
9.999999962444254820e-01
9.999999949407882838e-01
9.999999949407882838e-01
9.999999962444254820e-01
9.999999949407882838e-01
9.999999949407882838e-01
9.999999949407882838e-01
9.999999949407882838e-01
9.999999949407882838e-01
9.999999962444254820e-01
9.999999949407882838e-01
9.999999949407882838e-01
9.999999949407882838e-01
9.999999949407882838e-01
9.999999949407882838e-01
9.999999949407882838e-01
9.999999962446690649e-01
9.999999949407882838e-01
9.999999949407882838e-01
9.999999962444254820e-01
9.999999949407882838e-01
9.999999962444254820e-01
9.999999949407882838e-01
9.999999949407882838e-01
9.999999949407882838e-01
9.999999949407882838e-01
9.999999949407882838e-01
9.999999949407882838e-01
9.999999962444254820e-01
9.999999949407882838e-01
9.999999949407882838e-01
9.999999949407882838e-01
9.999999962444254820e-01
9.999999949407882838e-01
9.999999949407882838e-01
9.999999949407882838e-01
9.999999949407882838e-01
9.999999949407882838e-01
9.999999962456644909e-01
9.999999949407882838e-01
9.999999949407882838e-01
9.999999949407882838e-01
9.999999949407882838e-01
9.999999949407882838e-01
9.999999949407882838e-01
9.999999949407882838e-01
9.999999949407882838e-01
9.999999949407882838e-01
9.999999949407882838e-01
9.999999949407882838e-01
9.999999949407882838e-01
9.999999962444254820e-01
9.999999949407882838e-01
9.999999949407882838e-01
9.999999949407971656e-01
9.999999949407971656e-01
9.999999949407971656e-01
9.999999949407971656e-01
9.999999949407971656e-01
9.999999949407971656e-01
9.999999962444319213e-01
9.999999949407971656e-01
9.999999949407971656e-01
9.999999949407971656e-01
9.999999949407971656e-01
9.999999962444319213e-01
9.999999949407971656e-01
9.999999949407971656e-01
9.999999949407971656e-01
9.999999949407971656e-01
9.999999949407971656e-01
9.999999949407971656e-01
9.999999949407971656e-01
9.999999949407971656e-01
9.999999949407971656e-01
9.999999949407971656e-01
9.999999949407971656e-01
9.999999962444319213e-01
9.999999949407971656e-01
9.999999949407971656e-01
9.999999962444319213e-01
9.999999962444319213e-01
9.999999949407971656e-01
9.999999949407971656e-01
9.999999962444319213e-01
9.999999949407971656e-01
9.999999949407971656e-01
9.999999962444319213e-01
9.999999949407971656e-01
9.999999949407971656e-01
9.999999962444319213e-01
9.999999962443997248e-01
9.999999949407971656e-01
9.999999949407971656e-01
9.999999949407971656e-01
9.999999962444319213e-01
9.999999949407971656e-01
9.999999962444319213e-01
9.999999949407971656e-01
9.999999949407984978e-01
9.999999949407971656e-01
9.999999949407971656e-01
9.999999949407971656e-01
9.999999962444319213e-01
9.999999962444319213e-01
9.999999949407971656e-01
9.999999962444319213e-01
9.999999949407971656e-01
9.999999949407971656e-01
9.999999962444319213e-01
9.999999949407971656e-01
9.999999949407971656e-01
9.999999949407971656e-01
9.999999949407971656e-01
9.999999949407971656e-01
9.999999949407971656e-01
9.999999949407971656e-01
9.999999949407971656e-01
9.999999949407956112e-01
9.999999949407956112e-01
9.999999949407956112e-01
9.999999962444268142e-01
9.999999962444268142e-01
9.999999949407956112e-01
9.999999949407956112e-01
9.999999949407956112e-01
9.999999949407956112e-01
9.999999949407956112e-01
9.999999949407956112e-01
9.999999962444268142e-01
9.999999949407956112e-01
9.999999949407956112e-01
9.999999949407956112e-01
9.999999949407956112e-01
9.999999962444268142e-01
9.999999949407956112e-01
9.999999949407956112e-01
9.999999962444268142e-01
9.999999949407956112e-01
9.999999949407956112e-01
9.999999949407956112e-01
9.999999949407956112e-01
9.999999949407956112e-01
9.999999949407956112e-01
9.999999949407956112e-01
9.999999962444268142e-01
9.999999949407956112e-01
9.998045649761975184e-01
9.999999949407956112e-01
9.999999949407956112e-01
9.999999905545794432e-01
9.999999949407956112e-01
9.999999962444268142e-01
9.999999962444268142e-01
9.999999949407956112e-01
9.999999962444268142e-01
9.999999949407956112e-01
9.999999949407956112e-01
9.999999949407956112e-01
9.999999949407956112e-01
9.999999949407956112e-01
9.999999949407956112e-01
9.999999949407956112e-01
9.999999949407956112e-01
9.999999949407956112e-01
9.999999949407956112e-01
9.999999949407956112e-01
9.999999962444268142e-01
9.999999949407956112e-01
9.999999949407956112e-01
9.999999949407956112e-01
9.999999949407956112e-01
9.999999962444268142e-01
9.999999949407956112e-01
9.999999962444268142e-01
9.999999949407956112e-01
9.999999962444268142e-01
9.999999949407956112e-01
9.999999962444268142e-01
9.999999949407956112e-01
9.999999949407956112e-01
9.999999962444268142e-01
9.999999962444312551e-01
9.999999949407742950e-01
9.999999949407742950e-01
9.999999962444312551e-01
9.999999949407742950e-01
9.999999949407742950e-01
9.999999949407742950e-01
9.999999962444312551e-01
9.999999949407742950e-01
9.999999949407742950e-01
9.999999949407742950e-01
9.999999962444312551e-01
9.999999949407742950e-01
9.999999949407742950e-01
9.999999949407742950e-01
9.999999949407742950e-01
9.999999962444312551e-01
9.999999962444312551e-01
9.999999949407742950e-01
9.999999949407742950e-01
9.999999949407742950e-01
9.999999949407742950e-01
9.999999962444312551e-01
9.558975564002333281e-01
9.999999962444312551e-01
9.999999949407742950e-01
9.999999949407742950e-01
9.999999962444312551e-01
9.999999949407742950e-01
9.999999962444312551e-01
9.999999949407742950e-01
9.999999949407742950e-01
9.999999949407742950e-01
9.999999949407742950e-01
9.999999949407742950e-01
9.999993702285927544e-01
9.999999949407742950e-01
9.999999962455954350e-01
9.999999949407742950e-01
9.999999949407742950e-01
9.999999949407742950e-01
9.999999962444312551e-01
9.999999962463590464e-01
9.999999949407742950e-01
9.999999949407742950e-01
9.999999962444312551e-01
9.999999949407742950e-01
9.999999949407742950e-01
9.999999949407742950e-01
9.999999949407742950e-01
9.999999949407742950e-01
9.999999949407742950e-01
9.999999962444066082e-01
9.999999949407742950e-01
9.999999962444312551e-01
9.999999962444312551e-01
9.999999949407742950e-01
9.999999949407742950e-01
9.999999949407742950e-01
9.999999949407742950e-01
9.999999949407742950e-01
9.999999949407742950e-01
9.999999949407742950e-01
9.999999962443557600e-01
9.999999949407882838e-01
9.999999949407882838e-01
9.999999949407882838e-01
9.999999962444254820e-01
9.999999949407882838e-01
9.999999949407882838e-01
9.999999962444254820e-01
9.999999949407882838e-01
9.999999949407882838e-01
9.999999962444254820e-01
9.999999949407882838e-01
9.999999962444254820e-01
9.999999949407882838e-01
9.999999949407882838e-01
9.999999949407882838e-01
9.999999949407882838e-01
9.999999962444254820e-01
9.999999962463559378e-01
9.999999949407882838e-01
9.999999949407882838e-01
9.999999962444254820e-01
9.999999949407882838e-01
9.999999949407882838e-01
9.999999962443402168e-01
9.999999949407882838e-01
9.999999949407882838e-01
9.999999949407882838e-01
9.999999949407882838e-01
9.999999949407882838e-01
9.999999949407882838e-01
9.999999962444254820e-01
9.999999962444254820e-01
9.999999949407882838e-01
9.999999962444254820e-01
9.999999962444254820e-01
9.999999962444254820e-01
9.999999949407882838e-01
9.999999949407882838e-01
9.999999949407882838e-01
9.999999949407882838e-01
9.999999962445262902e-01
9.999999949407882838e-01
9.999999962444254820e-01
9.999999949407882838e-01
9.999999949407882838e-01
9.999999949407882838e-01
9.999999962444254820e-01
9.999999962444254820e-01
9.999999949407882838e-01
9.999999949407882838e-01
9.999999949407882838e-01
9.999999949407882838e-01
9.999999949407882838e-01
9.999999949407882838e-01
9.999999962444254820e-01
9.999999949407882838e-01
9.999999949407882838e-01
9.999999949407882838e-01
9.999999962444254820e-01
9.999999949407882838e-01
9.999999949407882838e-01
9.999999962444254820e-01
9.999999962444254820e-01
9.999999949407882838e-01
9.999999962444328094e-01
9.999999949407871735e-01
9.999999949407871735e-01
9.999999949407871735e-01
9.999999949407871735e-01
9.999999949407871735e-01
9.999999962444328094e-01
9.999999962444328094e-01
9.999999962444328094e-01
9.999999949407871735e-01
9.999999949407871735e-01
9.999999949407871735e-01
9.999999949407871735e-01
7.793568849092172846e-01
9.999999949407871735e-01
9.999999949407871735e-01
9.999999949407871735e-01
9.999999949407871735e-01
9.999999949407871735e-01
9.999999949407871735e-01
9.999999949407871735e-01
9.999999949407871735e-01
9.999999949407871735e-01
9.999999949407871735e-01
9.999999962444237056e-01
9.999999949407871735e-01
9.999999949407871735e-01
9.999999949407871735e-01
9.999999949407871735e-01
9.999999949407871735e-01
9.999999949407871735e-01
9.999999962444328094e-01
9.999999962444328094e-01
9.999999949407871735e-01
9.999999949407871735e-01
9.999999949407871735e-01
9.999999962444328094e-01
9.999999962444328094e-01
9.999999962444328094e-01
9.999999949407871735e-01
9.999999949407871735e-01
9.999999962444328094e-01
9.999999962444328094e-01
9.999999949407871735e-01
9.232677528960985258e-01
9.999999949407871735e-01
9.999999962444328094e-01
9.999999949407871735e-01
9.999999949407871735e-01
9.999999962444328094e-01
9.999999962444328094e-01
9.999999949407871735e-01
9.999999949407871735e-01
9.999999962444328094e-01
9.999999949407871735e-01
9.999999962443881785e-01
9.999999949407871735e-01
9.999999949407871735e-01
9.999999949407871735e-01
9.999999949407871735e-01
9.999999962444328094e-01
9.999999962444328094e-01
9.999999962444328094e-01
9.999999949407871735e-01
9.999999962444285906e-01
9.999999962444285906e-01
9.999999962444285906e-01
9.999999962444285906e-01
9.999999962444285906e-01
9.999999962444285906e-01
9.999999949407869515e-01
9.999999962444285906e-01
9.999999949407869515e-01
9.999999949407869515e-01
9.999999949407869515e-01
9.999999949407869515e-01
9.999999962444285906e-01
9.999999949407869515e-01
9.999999949407869515e-01
9.999999949407869515e-01
9.999999962444285906e-01
9.999999949407869515e-01
9.999999962444285906e-01
9.999999949407869515e-01
9.999999949407869515e-01
9.999999949407869515e-01
9.999999949407869515e-01
9.999999949407869515e-01
9.999999962444285906e-01
9.999999949407869515e-01
9.999999949407869515e-01
9.999999949407869515e-01
9.999999949407869515e-01
9.999999949407869515e-01
9.999999867725355429e-01
9.999999949407869515e-01
9.999999949407869515e-01
9.999999962444285906e-01
9.999999949407869515e-01
9.999999949407869515e-01
9.999999949407869515e-01
9.999999962444285906e-01
9.999999949407869515e-01
9.999999949407869515e-01
9.999999949407869515e-01
9.999999961734580278e-01
9.999999962444285906e-01
9.999999962444285906e-01
9.999999949407869515e-01
9.999999962444285906e-01
9.999999949407869515e-01
9.999999949407869515e-01
9.999999962444285906e-01
9.999999962444285906e-01
9.999999962444285906e-01
9.999999949407869515e-01
9.999999949407869515e-01
9.999999949407869515e-01
9.999999949407869515e-01
9.999999962444285906e-01
9.999999949407869515e-01
9.999999949407869515e-01
9.999999949407869515e-01
9.999999949407869515e-01
9.999999962455949909e-01
9.999999949407869515e-01
9.999999949407869515e-01
9.999999962444285906e-01
9.999999949407885058e-01
9.999999949407885058e-01
9.999999486835404738e-01
9.999999962444339197e-01
9.999999949407885058e-01
9.999999962443866242e-01
9.999999962444339197e-01
5.501803499960593591e-01
9.999999949407885058e-01
9.999999949407885058e-01
9.999999962444339197e-01
9.999999949407885058e-01
9.999999949407885058e-01
9.999999949407885058e-01
9.999999949407885058e-01
9.999999949407885058e-01
9.999999962444339197e-01
9.999999949407885058e-01
9.999999961568890594e-01
9.999999949407885058e-01
9.999999949407885058e-01
9.999999949407885058e-01
9.999999949407885058e-01
9.999999949407885058e-01
9.999999949407885058e-01
9.999999962444339197e-01
9.999999949407885058e-01
9.999999949407885058e-01
9.999999962444339197e-01
9.999999962444339197e-01
9.999999949407885058e-01
9.999999949407885058e-01
9.999999949407885058e-01
9.999999962444339197e-01
9.999999949407885058e-01
9.999999949407885058e-01
9.999999962444339197e-01
9.999999949407885058e-01
9.999999949407885058e-01
9.999999949407885058e-01
9.999999962444339197e-01
9.999999949407885058e-01
9.999976522535812817e-01
9.999999949407885058e-01
9.999999962444339197e-01
9.999999949407885058e-01
9.999999949407885058e-01
9.999999949407885058e-01
9.999999949407885058e-01
9.999999962444339197e-01
9.999999962444339197e-01
9.999999949407885058e-01
9.999999949407885058e-01
9.999999949407885058e-01
9.999999949407885058e-01
9.999999949407885058e-01
9.999999949407885058e-01
9.999999962444339197e-01
9.999999949407885058e-01
9.999999962444339197e-01
9.999999949407885058e-01
9.999999949407885058e-01
9.999999962444339197e-01
9.999999949407885058e-01
9.999999949407927247e-01
9.999999962444288126e-01
9.999999962444288126e-01
9.999999962444288126e-01
9.999999962444288126e-01
9.999999949407927247e-01
9.999999949407927247e-01
9.999999962444288126e-01
9.999999949407927247e-01
9.999999962444288126e-01
9.999999949407927247e-01
9.999999949407927247e-01
9.999999949407927247e-01
9.999999949407927247e-01
9.999999949407927247e-01
9.999999949407927247e-01
9.999999962444288126e-01
9.999999962444288126e-01
9.999999949407927247e-01
9.999999962444192647e-01
9.999999949407927247e-01
9.999999949407927247e-01
9.999999949407927247e-01
9.999999949407927247e-01
9.999999949407927247e-01
9.999999949407927247e-01
9.999999949407927247e-01
9.999999949407927247e-01
9.999999949407927247e-01
9.999999949407927247e-01
9.999999949407927247e-01
9.999999962444985346e-01
9.999999949407927247e-01
9.999999949407927247e-01
5.498826573969773923e-01
9.999999962444288126e-01
9.999999949407927247e-01
9.999999962444288126e-01
9.999999949407927247e-01
5.524203237337452777e-01
9.999999949407927247e-01
9.999999949407927247e-01
9.999999949407927247e-01
9.999999913616991476e-01
9.999999949407927247e-01
9.999999949407927247e-01
9.999999949407927247e-01
9.999999962444288126e-01
9.999999949407927247e-01
9.999999949407927247e-01
9.999999949407927247e-01
9.999999949407927247e-01
9.999999949407927247e-01
9.999999949407927247e-01
9.999999962444288126e-01
9.999999949407927247e-01
9.999999949407927247e-01
9.999999949407927247e-01
9.999999949407927247e-01
9.999999949407927247e-01
9.999999962444288126e-01
9.999999949407927247e-01
9.999999949407927247e-01
9.999999949407927247e-01
9.999999961527830106e-01
9.999999949395195209e-01
9.999999949395195209e-01
9.999999962444230395e-01
9.999999949395195209e-01
9.999999949395195209e-01
9.999999949395195209e-01
9.999999962444230395e-01
9.999999949395195209e-01
9.999999949395195209e-01
9.999999949395195209e-01
9.999999949395195209e-01
9.999999949395195209e-01
9.999999949395195209e-01
9.999999949395195209e-01
9.999999949395195209e-01
9.999999949395195209e-01
9.999999962444128254e-01
9.999999949395195209e-01
9.999999949395195209e-01
9.999999949395195209e-01
9.999999949395195209e-01
9.999999949395195209e-01
9.999999962444230395e-01
9.999999949395195209e-01
9.999999949395195209e-01
9.999999949395195209e-01
9.999999962443857360e-01
9.999999949395195209e-01
9.999999949395195209e-01
9.999999949395195209e-01
9.999999949395195209e-01
9.999999962444230395e-01
9.999999949395195209e-01
9.999999949395195209e-01
9.999999949395195209e-01
9.999999949395195209e-01
9.999999962444230395e-01
9.999999949395195209e-01
9.999999949395195209e-01
9.999999962444230395e-01
9.999999949395195209e-01
9.999999949395195209e-01
9.999999949395195209e-01
9.999999962444230395e-01
9.999999949395195209e-01
9.999999949395195209e-01
9.999999949395195209e-01
9.999999949395195209e-01
9.999999962444230395e-01
9.999999949395195209e-01
9.999999949395195209e-01
9.999999949395195209e-01
9.999999949395195209e-01
9.999999949395195209e-01
9.999999949395195209e-01
9.999999949395195209e-01
9.999999955408689356e-01
9.999999962444230395e-01
9.999999949395195209e-01
9.999999949395195209e-01
9.999999949395195209e-01
9.999999949395195209e-01
9.999999949395195209e-01
9.999999962444230395e-01
