2.900301787651638485e-01
2.366240322429727649e-01
3.355241088811919958e-01
9.866698713755466255e-01
1.954828171394706049e-01
1.971287268388668967e-01
3.294140493543740167e-01
2.623763352077694844e-01
1.921651939331228687e-01
1.849657771042710896e-01
9.842452430561380305e-01
2.368929108361596814e-01
9.798853130828417690e-01
7.429484811191556792e-01
8.571962072924795839e-01
5.651541790216871863e-01
5.478082710893831253e-01
2.054400743524144868e-01
9.630677212349618710e-01
9.698622002904442319e-01
2.547828947105675312e-01
1.995344313644592249e-01
2.669347710632583581e-01
2.031402119368360404e-01
2.134207019231637581e-01
1.891605008394112164e-01
5.820897687748224358e-01
2.619619212834456423e-01
1.955262915592576034e-01
9.944841182719581507e-01
2.071166925927993285e-01
7.318200592926979997e-01
1.936000707176371571e-01
3.461492176678744315e-01
5.436606693540496638e-01
2.849473502855586760e-01
2.159204914386757546e-01
3.270715917712815890e-01
9.868352367947179626e-01
9.842171647434407866e-01
4.993000966303363652e-01
2.006079794505116753e-01
9.817081840816567206e-01
9.357312131588033655e-01
2.857970991089108792e-01
2.047093578253234847e-01
4.303908627539702048e-01
9.872012542458510342e-01
9.414878594475285523e-01
2.453598998080419036e-01
2.610769681516102447e-01
1.936174536101090138e-01
8.430803213032365129e-01
6.363514963362928434e-01
2.329329388581995175e-01
1.881057281474213250e-01
1.953584456870435526e-01
2.178598551240484016e-01
1.989118543542945927e-01
3.114618048545522710e-01
2.610515448231823799e-01
9.896596690797138107e-01
1.996158971555146711e-01
3.041534628961571340e-01
