5.960713940149243717e-01
9.642287388191217445e-01
1.880410658928437229e-01
1.780028157575936076e-01
1.724453480106544756e-01
1.618805443813567391e-01
3.686318135464471957e-01
9.133130564436742205e-01
1.702659181739838989e-01
2.175797083584083691e-01
1.648974924889747840e-01
9.819679903591231884e-01
2.035300894287733198e-01
1.702356371865816620e-01
2.193403076995273093e-01
1.555738919742593040e-01
2.178758978522675471e-01
1.742412785606038961e-01
6.216045866241816098e-01
2.419049609977317328e-01
1.723507211824895080e-01
1.807875933601350293e-01
1.591933286328005293e-01
9.928153922400407838e-01
1.780795732852232804e-01
1.731210641767404468e-01
9.087981130263570462e-01
2.623725649900158774e-01
1.722223015973906868e-01
5.506031955559199664e-01
8.339438692096907690e-01
1.802652397262786699e-01
9.851872319783797627e-01
9.970615992611396861e-01
1.494109853132351562e-01
1.635700073922712328e-01
3.924818677218249729e-01
9.437010266149477022e-01
1.842471069842028797e-01
1.785739453410910282e-01
3.067565932901985537e-01
9.946545177416212802e-01
2.008573871696183732e-01
3.003456590618290845e-01
2.015316345166619505e-01
9.944999624527726123e-01
8.921400942249614330e-01
1.828191986339501030e-01
1.618585356260002217e-01
9.907249888969882345e-01
9.725709719450438273e-01
1.740848431930413776e-01
9.829332064984038775e-01
1.734752519200856713e-01
1.942010754597485178e-01
9.955753483686310412e-01
1.618041790615158959e-01
2.002684576850067288e-01
1.643740100513316205e-01
1.703314636476487010e-01
2.159347521785234814e-01
1.986580193799232508e-01
1.726556317650780881e-01
2.030938782754236338e-01
