1.590496073699417812e-01
1.648979304384273759e-01
2.725220753513436511e-01
9.575192399304678359e-01
2.253036718988685183e-01
1.602488998366581041e-01
2.018061940164647960e-01
1.657261873962904697e-01
1.423110124237352558e-01
1.678575484018868802e-01
5.501062170757659020e-01
5.491756832351400996e-01
1.517195429154000463e-01
1.324449561189761648e-01
1.529450038817796731e-01
5.230532158187211067e-01
7.053152150404078391e-01
1.605666138857645697e-01
1.648644251996074228e-01
9.970552075246532642e-01
1.605691866854772332e-01
2.357273890725559429e-01
1.534100578659450542e-01
1.644880278575796828e-01
1.532091767004823413e-01
1.503381640811534414e-01
1.948699854260551034e-01
9.237664251801780413e-01
1.809115678426307106e-01
4.167595802088953083e-01
9.952100023063593648e-01
3.288470393728331609e-01
2.690519461832656112e-01
1.715498674898763010e-01
9.751998052468875411e-01
9.791466679227514014e-01
6.990016636095579550e-01
9.181788208901919823e-01
9.919258610963269662e-01
1.567369329769418007e-01
2.914510258437948975e-01
1.650697673638267249e-01
6.633278068050473264e-01
1.425031417127192446e-01
1.975321738695878793e-01
1.605692039788714220e-01
1.874660909508166218e-01
1.576309008126520472e-01
1.484292449849820561e-01
7.314848109157879863e-01
3.380421653120268544e-01
2.594064044501668276e-01
1.563846533819724105e-01
1.570325202527685093e-01
9.940460493250538043e-01
2.803541892143759928e-01
9.965786855934768429e-01
1.830616126165773017e-01
4.605107566324249668e-01
6.655646908199309708e-01
9.938954574178782142e-01
1.428810905977240531e-01
1.416708076408811912e-01
9.681149266312175650e-01
