9.968644890982990558e-01
1.965049048038404189e-01
2.080199050754183432e-01
9.848931891374066439e-01
2.475879568535878095e-01
1.872798299486715112e-01
2.156951852838266681e-01
9.872584823657347686e-01
1.913325611452050545e-01
1.987717439129477182e-01
2.255114064913195382e-01
5.278651081820047164e-01
2.127454353075619586e-01
1.709910035153558439e-01
4.487823844770985615e-01
1.835969042703264054e-01
9.945596836214540826e-01
9.978723778397307065e-01
9.083635755033133696e-01
2.037563605712684467e-01
1.836914017265255383e-01
8.703634697241147133e-01
9.765713953334133057e-01
4.263292855548431737e-01
9.975416653333295525e-01
2.990138781301022730e-01
2.050029442180992811e-01
9.920062049092981393e-01
2.161511314079844759e-01
8.626153675237356877e-01
1.974583931897127553e-01
2.429307820735754631e-01
1.837168241372194033e-01
1.699578573011495120e-01
2.929217582768439132e-01
9.942993031547170402e-01
1.831726069248449384e-01
9.930678543169531025e-01
1.770644824901489722e-01
1.784487602038438703e-01
2.427050306858327400e-01
9.964160896781885102e-01
9.827687323702208877e-01
3.020712460209962202e-01
3.285613979676006990e-01
9.973309595843619091e-01
1.798115411310033940e-01
5.385965054889133574e-01
2.114712200676734100e-01
3.602719190820345974e-01
1.752385361519406548e-01
2.456090817266371185e-01
2.567895523431653060e-01
1.757910220434827364e-01
9.858784233139085140e-01
9.763618578690622662e-01
9.177112210642689449e-01
2.294567216723048808e-01
2.019481179161848883e-01
2.297958165591399149e-01
2.105323418752768905e-01
1.984103567178795435e-01
9.963711252433220533e-01
9.826854977966190674e-01
