1.413109938609253269e-01
1.161155246934858359e-01
1.424956660315267187e-01
4.888409720462665864e-01
3.013801660648539049e-01
1.375008275889997023e-01
9.967522962711580226e-01
1.402159811424621982e-01
1.270578512001435401e-01
9.915975045991866077e-01
1.261588130285444531e-01
9.978563038506919058e-01
1.259359179144700636e-01
1.198375919913075849e-01
9.883019289753748327e-01
1.120158936678963824e-01
9.964796428170772380e-01
9.901843798417445663e-01
1.168743255684495663e-01
1.202613025676407960e-01
9.888223655158171477e-01
1.268818861973833589e-01
1.029499632388476971e-01
9.886655329293225769e-01
1.075366764590786339e-01
1.210122637645260207e-01
1.169494424411977318e-01
1.211661228413598024e-01
1.291477950023757482e-01
1.411156904578718951e-01
9.036924351907285047e-01
9.976770731774863288e-01
1.327564253486002710e-01
9.000646275416795961e-01
5.448800873807732037e-01
9.932638072796011741e-01
1.420355791455797378e-01
6.007240752115402538e-01
1.128567991262099807e-01
5.617040301749859355e-01
9.923729344352277826e-01
8.514897477754233002e-01
9.864414941348600419e-01
1.197156339894973331e-01
2.348091527626688935e-01
6.323081430750858711e-01
9.843531690761501141e-01
7.883859561776568325e-01
1.446570730223435963e-01
4.503720927363764615e-01
4.078350967351820899e-01
1.104752061679315223e-01
1.734272262404489839e-01
2.442484241455026017e-01
9.978851020601849919e-01
6.328246327104458668e-01
9.915947067007608862e-01
1.229126320690522856e-01
9.533714170774096885e-01
1.002941660683879938e-01
9.653851974240644784e-01
9.903904931035869552e-01
4.341103777485674220e-01
1.511849686929917780e-01
