9.636411886130867854e-01
2.095164195766908988e-01
3.061119297653371873e-01
1.791052683013097391e-01
1.840082143676645132e-01
9.240084308686080661e-01
9.925736082028140395e-01
9.921998242253589062e-01
5.395226104929941036e-01
1.850749185398388730e-01
1.854997345637147133e-01
1.597509010210069469e-01
1.722006568073781996e-01
5.885931736705517503e-01
1.754033225700064869e-01
1.697111842532022519e-01
7.254444354861583344e-01
2.741791765578360240e-01
1.681225645695507698e-01
1.574790991999435175e-01
1.850777272362350290e-01
6.623692186042567931e-01
2.620150233884183111e-01
1.730991592079184627e-01
9.271116126645495559e-01
9.940549232999090767e-01
1.660525508864666711e-01
1.882078552788868375e-01
5.173574704688047587e-01
2.513981127936672499e-01
1.850776052837368180e-01
9.946381524759260184e-01
6.427681396637727751e-01
1.714843803141270218e-01
9.451158976331269779e-01
5.674157016250349628e-01
9.712110027956758485e-01
9.898666094660366621e-01
9.948332237639099240e-01
1.630936400236644435e-01
1.789856307257252643e-01
9.962935802697951981e-01
7.373274070089480547e-01
1.883792698611817251e-01
8.997167462389960013e-01
3.123294146845926322e-01
9.921640906814379601e-01
2.235853278110209730e-01
2.689505171226947988e-01
9.897543184416452977e-01
9.117602149561360170e-01
5.272355548093869970e-01
1.642518485601618394e-01
2.127543287307064046e-01
1.868560211054937081e-01
9.946104077742465854e-01
2.193224887527640554e-01
9.768170459793362737e-01
1.972346625099005435e-01
1.488770043513968910e-01
9.178826510102463532e-01
5.408461812181736272e-01
9.961008221828522302e-01
1.816974960992697452e-01
