9.700624549700116450e-01
7.791804965608796207e-01
5.398659442307077727e-01
9.176343005381626394e-01
8.723004123868248749e-01
9.537881266282574044e-01
3.731552352707160902e-01
5.597743012277770491e-01
2.362303628561988056e-01
9.811252423824808888e-01
6.368481921805204671e-01
9.580996251548660192e-01
9.312226542723873735e-01
9.631709579391177778e-01
2.492550633106870583e-01
2.646870153216975829e-01
4.883320289574406003e-01
2.665805857787260646e-01
7.336081577419828470e-01
2.494199767091580811e-01
8.300099692830822384e-01
2.723199831488669065e-01
2.416180802568099195e-01
2.362102339660637762e-01
9.888444820471865571e-01
2.603744691974693715e-01
2.492560679098412280e-01
9.816646520929735997e-01
2.647129674632032748e-01
2.516995010790324394e-01
8.054559557920624169e-01
7.380163449115595409e-01
3.035832585567752040e-01
9.924541701248692505e-01
2.312052907403494839e-01
2.461651537518289301e-01
2.535079874144648970e-01
9.904884775065726510e-01
2.312030299310636194e-01
2.673824288933565607e-01
2.865987094877022745e-01
9.663007383105914894e-01
8.869759883868240102e-01
9.394996880548710516e-01
8.880131725509088358e-01
9.948670642625763172e-01
2.949646468840851909e-01
2.576372327838473697e-01
9.804186033680566403e-01
8.716060238780676261e-01
9.466115275800757178e-01
2.566851716530172967e-01
9.856932103299916870e-01
2.895090462983000434e-01
2.356439888142864147e-01
9.939814383008904741e-01
8.908767606098203506e-01
3.750883435323068005e-01
2.647129745930198452e-01
2.406271596912707145e-01
9.799104884377097813e-01
3.307499695461774136e-01
2.387294354701185450e-01
9.158889782943046010e-01
