2.886820647530537465e-01
3.386416641256628224e-01
6.993998717841936053e-01
9.344171655423200162e-01
3.226934329152040259e-01
9.568525298821731750e-01
9.236521223244154033e-01
4.011494906594368359e-01
3.456072766144258068e-01
2.756189684510387816e-01
9.923582729574307315e-01
9.682626302801694562e-01
3.414510684888072967e-01
3.076155662034575355e-01
4.446321152402072929e-01
3.369343346237328451e-01
8.566880301696909727e-01
9.381641268323385185e-01
9.820523361850862498e-01
3.622355602755336079e-01
4.003132239015126381e-01
2.867933333476777591e-01
3.055531026608234724e-01
2.862142016798894795e-01
3.719424243807556429e-01
9.906622671052155438e-01
3.082306590545813574e-01
2.876391078572077542e-01
9.715022291305065449e-01
9.858022192658564276e-01
3.686129616691818378e-01
3.369405473241197657e-01
3.096465737178137334e-01
9.187802402385994993e-01
3.251858919409060800e-01
3.515554455111460919e-01
9.920516447283576067e-01
3.916613439375428163e-01
2.929312217436993993e-01
3.450662539144551122e-01
9.489804809567367050e-01
9.292545044215755334e-01
3.683500730140408241e-01
3.039652071406148126e-01
9.891944857133292412e-01
8.904261951766370142e-01
3.167361555655989758e-01
4.271032603362039382e-01
3.309566846126227868e-01
4.762164354305126190e-01
4.703534826143908609e-01
9.235097844920856502e-01
3.245823896191238900e-01
3.729361192812789549e-01
2.978228100920798926e-01
6.694485381753897402e-01
9.890110021137130669e-01
9.917421611488190791e-01
3.095443550605191940e-01
9.928428053816166221e-01
3.137054099216596836e-01
3.406682771530389342e-01
9.872486949021159752e-01
3.464232956845251787e-01
