6.431822526483124136e-01
9.991147994003234389e-01
9.996944005237237141e-01
9.951494607224280475e-01
9.991971613808993125e-01
9.603210033855953398e-01
7.810966555902262298e-01
9.996274777828826341e-01
9.903141607355950837e-01
9.997670163037828406e-01
6.969749397166276061e-01
7.638348387481002089e-01
6.364524553131660767e-01
6.728060312254836584e-01
6.727803229044092559e-01
6.954162549975364538e-01
9.981098384125786094e-01
9.614531209435802639e-01
6.426832579861273542e-01
9.989811285049612355e-01
6.186594952237924883e-01
5.923194750288788279e-01
9.749968842645952982e-01
6.081087583772514238e-01
6.208597410283395179e-01
6.726086412373040169e-01
6.776444697056898114e-01
9.691725794576174779e-01
6.529443871800930665e-01
7.851591756895139884e-01
6.973731377595800973e-01
9.965975350959820345e-01
5.973409313751900651e-01
7.161789209960348623e-01
8.583050000833385429e-01
9.974118760017069985e-01
5.584633325596752851e-01
9.416191451605183671e-01
6.559089468648784393e-01
9.989202991344776628e-01
7.186581916424870098e-01
6.727835094135705685e-01
9.984373348706890861e-01
9.930041335605080954e-01
7.839554249022493426e-01
7.085818330414431765e-01
9.876983454592512812e-01
9.997306618346004647e-01
6.533589829618768885e-01
6.511489702050888839e-01
7.657989815545044321e-01
6.437534307709156245e-01
6.843368419128068592e-01
6.698134309303992451e-01
8.313982438097562433e-01
6.044609441117723136e-01
6.340969260047932821e-01
6.595498985702620276e-01
5.864923825300710769e-01
6.398481413071874790e-01
9.978123828160752051e-01
6.768953212202186709e-01
6.597528039375517572e-01
6.506426424016598098e-01
