9.964211193621013152e-01
3.894393880955273612e-01
4.909776942362155672e-01
9.981736342038977083e-01
7.089713983839608380e-01
3.770330303141216644e-01
5.081220984424937859e-01
9.994589738756749497e-01
3.898827194215195857e-01
8.441957006865915547e-01
4.815052132284896591e-01
7.966010937408330994e-01
4.607009078596336349e-01
4.905969737733770764e-01
5.522875819942617559e-01
4.304652601542633961e-01
4.277286950077885397e-01
7.094622391857974275e-01
3.968475237965000124e-01
9.631020709640747413e-01
4.351162412231217580e-01
3.866107692648483862e-01
4.814637117384307774e-01
9.651323448663293725e-01
4.038251331861374971e-01
3.880206569135162820e-01
4.441741838078077653e-01
9.951369576700948016e-01
5.642596555625191135e-01
4.617781572598131379e-01
3.298862396565492294e-01
8.779702807802030051e-01
9.981691301288584395e-01
4.351162412231217580e-01
4.519689410371645066e-01
4.781761761210215900e-01
8.201290502588289844e-01
9.962829982093640568e-01
4.519348532206035052e-01
4.093024204407470501e-01
9.988266250603249352e-01
4.225344672355383913e-01
3.819141680949221795e-01
3.813969424752152171e-01
9.907366914051328743e-01
5.040028042671347297e-01
4.066601117863103410e-01
3.780557481363438499e-01
4.478304602479807883e-01
9.968899764101007976e-01
4.608969304520361132e-01
3.874385425945494621e-01
7.977557847945877523e-01
9.832570303265907308e-01
4.870349009611344981e-01
3.422676865554304948e-01
4.246578659435432113e-01
9.940097681270804175e-01
9.699146339093129843e-01
4.101264371826572885e-01
4.284876224720218230e-01
4.025137947152998552e-01
3.614283616481239192e-01
7.097301439144938495e-01
9.991841924656023055e-01
