2.900301787651638485e-01
2.366240322429727649e-01
3.355241088811919958e-01
9.866698713755466255e-01
1.954828171394706049e-01
1.971287268388668967e-01
3.294140493543740167e-01
2.623763352077694844e-01
1.921651939331228687e-01
1.849657771042710896e-01
9.842452430561380305e-01
2.368929108361596814e-01
9.798853130828417690e-01
7.429484811191556792e-01
8.571962072924795839e-01
5.651541790216871863e-01
5.478082710893831253e-01
2.054400743524144868e-01
9.630677212349618710e-01
9.698622002904442319e-01
2.547828947105675312e-01
1.995344313644592249e-01
2.669347710632583581e-01
2.031402119368360404e-01
2.134207019231637581e-01
1.891605008394112164e-01
5.820897687748224358e-01
2.619619212834456423e-01
1.955262915592576034e-01
9.944841182719581507e-01
2.071166925927993285e-01
7.318200592926979997e-01
1.936000707176371571e-01
3.461492176678744315e-01
5.436606693540496638e-01
2.849473502855586760e-01
2.159204914386757546e-01
3.270715917712815890e-01
9.868352367947179626e-01
9.842171647434407866e-01
4.993000966303363652e-01
2.006079794505116753e-01
9.817081840816567206e-01
9.357312131588033655e-01
2.857970991089108792e-01
2.047093578253234847e-01
4.303908627539702048e-01
9.872012542458510342e-01
9.414878594475285523e-01
2.453598998080419036e-01
2.610769681516102447e-01
1.936174536101090138e-01
8.430803213032365129e-01
6.363514963362928434e-01
2.329329388581995175e-01
1.881057281474213250e-01
1.953584456870435526e-01
2.178598551240484016e-01
1.989118543542945927e-01
3.114618048545522710e-01
2.610515448231823799e-01
9.896596690797138107e-01
1.996158971555146711e-01
3.041534628961571340e-01
5.960713940149243717e-01
9.642287388191217445e-01
1.880410658928437229e-01
1.780028157575936076e-01
1.724453480106544756e-01
1.618805443813567391e-01
3.686318135464471957e-01
9.133130564436742205e-01
1.702659181739838989e-01
2.175797083584083691e-01
1.648974924889747840e-01
9.819679903591231884e-01
2.035300894287733198e-01
1.702356371865816620e-01
2.193403076995273093e-01
1.555738919742593040e-01
2.178758978522675471e-01
1.742412785606038961e-01
6.216045866241816098e-01
2.419049609977317328e-01
1.723507211824895080e-01
1.807875933601350293e-01
1.591933286328005293e-01
9.928153922400407838e-01
1.780795732852232804e-01
1.731210641767404468e-01
9.087981130263570462e-01
2.623725649900158774e-01
1.722223015973906868e-01
5.506031955559199664e-01
8.339438692096907690e-01
1.802652397262786699e-01
9.851872319783797627e-01
9.970615992611396861e-01
1.494109853132351562e-01
1.635700073922712328e-01
3.924818677218249729e-01
9.437010266149477022e-01
1.842471069842028797e-01
1.785739453410910282e-01
3.067565932901985537e-01
9.946545177416212802e-01
2.008573871696183732e-01
3.003456590618290845e-01
2.015316345166619505e-01
9.944999624527726123e-01
8.921400942249614330e-01
1.828191986339501030e-01
1.618585356260002217e-01
9.907249888969882345e-01
9.725709719450438273e-01
1.740848431930413776e-01
9.829332064984038775e-01
1.734752519200856713e-01
1.942010754597485178e-01
9.955753483686310412e-01
1.618041790615158959e-01
2.002684576850067288e-01
1.643740100513316205e-01
1.703314636476487010e-01
2.159347521785234814e-01
1.986580193799232508e-01
1.726556317650780881e-01
2.030938782754236338e-01
1.590496073699417812e-01
1.648979304384273759e-01
2.725220753513436511e-01
9.575192399304678359e-01
2.253036718988685183e-01
1.602488998366581041e-01
2.018061940164647960e-01
1.657261873962904697e-01
1.423110124237352558e-01
1.678575484018868802e-01
5.501062170757659020e-01
5.491756832351400996e-01
1.517195429154000463e-01
1.324449561189761648e-01
1.529450038817796731e-01
5.230532158187211067e-01
7.053152150404078391e-01
1.605666138857645697e-01
1.648644251996074228e-01
9.970552075246532642e-01
1.605691866854772332e-01
2.357273890725559429e-01
1.534100578659450542e-01
1.644880278575796828e-01
1.532091767004823413e-01
1.503381640811534414e-01
1.948699854260551034e-01
9.237664251801780413e-01
1.809115678426307106e-01
4.167595802088953083e-01
9.952100023063593648e-01
3.288470393728331609e-01
2.690519461832656112e-01
1.715498674898763010e-01
9.751998052468875411e-01
9.791466679227514014e-01
6.990016636095579550e-01
9.181788208901919823e-01
9.919258610963269662e-01
1.567369329769418007e-01
2.914510258437948975e-01
1.650697673638267249e-01
6.633278068050473264e-01
1.425031417127192446e-01
1.975321738695878793e-01
1.605692039788714220e-01
1.874660909508166218e-01
1.576309008126520472e-01
1.484292449849820561e-01
7.314848109157879863e-01
3.380421653120268544e-01
2.594064044501668276e-01
1.563846533819724105e-01
1.570325202527685093e-01
9.940460493250538043e-01
2.803541892143759928e-01
9.965786855934768429e-01
1.830616126165773017e-01
4.605107566324249668e-01
6.655646908199309708e-01
9.938954574178782142e-01
1.428810905977240531e-01
1.416708076408811912e-01
9.681149266312175650e-01
9.968644890982990558e-01
1.965049048038404189e-01
2.080199050754183432e-01
9.848931891374066439e-01
2.475879568535878095e-01
1.872798299486715112e-01
2.156951852838266681e-01
9.872584823657347686e-01
1.913325611452050545e-01
1.987717439129477182e-01
2.255114064913195382e-01
5.278651081820047164e-01
2.127454353075619586e-01
1.709910035153558439e-01
4.487823844770985615e-01
1.835969042703264054e-01
9.945596836214540826e-01
9.978723778397307065e-01
9.083635755033133696e-01
2.037563605712684467e-01
1.836914017265255383e-01
8.703634697241147133e-01
9.765713953334133057e-01
4.263292855548431737e-01
9.975416653333295525e-01
2.990138781301022730e-01
2.050029442180992811e-01
9.920062049092981393e-01
2.161511314079844759e-01
8.626153675237356877e-01
1.974583931897127553e-01
2.429307820735754631e-01
1.837168241372194033e-01
1.699578573011495120e-01
2.929217582768439132e-01
9.942993031547170402e-01
1.831726069248449384e-01
9.930678543169531025e-01
1.770644824901489722e-01
1.784487602038438703e-01
2.427050306858327400e-01
9.964160896781885102e-01
9.827687323702208877e-01
3.020712460209962202e-01
3.285613979676006990e-01
9.973309595843619091e-01
1.798115411310033940e-01
5.385965054889133574e-01
2.114712200676734100e-01
3.602719190820345974e-01
1.752385361519406548e-01
2.456090817266371185e-01
2.567895523431653060e-01
1.757910220434827364e-01
9.858784233139085140e-01
9.763618578690622662e-01
9.177112210642689449e-01
2.294567216723048808e-01
2.019481179161848883e-01
2.297958165591399149e-01
2.105323418752768905e-01
1.984103567178795435e-01
9.963711252433220533e-01
9.826854977966190674e-01
1.413109938609253269e-01
1.161155246934858359e-01
1.424956660315267187e-01
4.888409720462665864e-01
3.013801660648539049e-01
1.375008275889997023e-01
9.967522962711580226e-01
1.402159811424621982e-01
1.270578512001435401e-01
9.915975045991866077e-01
1.261588130285444531e-01
9.978563038506919058e-01
1.259359179144700636e-01
1.198375919913075849e-01
9.883019289753748327e-01
1.120158936678963824e-01
9.964796428170772380e-01
9.901843798417445663e-01
1.168743255684495663e-01
1.202613025676407960e-01
9.888223655158171477e-01
1.268818861973833589e-01
1.029499632388476971e-01
9.886655329293225769e-01
1.075366764590786339e-01
1.210122637645260207e-01
1.169494424411977318e-01
1.211661228413598024e-01
1.291477950023757482e-01
1.411156904578718951e-01
9.036924351907285047e-01
9.976770731774863288e-01
1.327564253486002710e-01
9.000646275416795961e-01
5.448800873807732037e-01
9.932638072796011741e-01
1.420355791455797378e-01
6.007240752115402538e-01
1.128567991262099807e-01
5.617040301749859355e-01
9.923729344352277826e-01
8.514897477754233002e-01
9.864414941348600419e-01
1.197156339894973331e-01
2.348091527626688935e-01
6.323081430750858711e-01
9.843531690761501141e-01
7.883859561776568325e-01
1.446570730223435963e-01
4.503720927363764615e-01
4.078350967351820899e-01
1.104752061679315223e-01
1.734272262404489839e-01
2.442484241455026017e-01
9.978851020601849919e-01
6.328246327104458668e-01
9.915947067007608862e-01
1.229126320690522856e-01
9.533714170774096885e-01
1.002941660683879938e-01
9.653851974240644784e-01
9.903904931035869552e-01
4.341103777485674220e-01
1.511849686929917780e-01
9.636411886130867854e-01
2.095164195766908988e-01
3.061119297653371873e-01
1.791052683013097391e-01
1.840082143676645132e-01
9.240084308686080661e-01
9.925736082028140395e-01
9.921998242253589062e-01
5.395226104929941036e-01
1.850749185398388730e-01
1.854997345637147133e-01
1.597509010210069469e-01
1.722006568073781996e-01
5.885931736705517503e-01
1.754033225700064869e-01
1.697111842532022519e-01
7.254444354861583344e-01
2.741791765578360240e-01
1.681225645695507698e-01
1.574790991999435175e-01
1.850777272362350290e-01
6.623692186042567931e-01
2.620150233884183111e-01
1.730991592079184627e-01
9.271116126645495559e-01
9.940549232999090767e-01
1.660525508864666711e-01
1.882078552788868375e-01
5.173574704688047587e-01
2.513981127936672499e-01
1.850776052837368180e-01
9.946381524759260184e-01
6.427681396637727751e-01
1.714843803141270218e-01
9.451158976331269779e-01
5.674157016250349628e-01
9.712110027956758485e-01
9.898666094660366621e-01
9.948332237639099240e-01
1.630936400236644435e-01
1.789856307257252643e-01
9.962935802697951981e-01
7.373274070089480547e-01
1.883792698611817251e-01
8.997167462389960013e-01
3.123294146845926322e-01
9.921640906814379601e-01
2.235853278110209730e-01
2.689505171226947988e-01
9.897543184416452977e-01
9.117602149561360170e-01
5.272355548093869970e-01
1.642518485601618394e-01
2.127543287307064046e-01
1.868560211054937081e-01
9.946104077742465854e-01
2.193224887527640554e-01
9.768170459793362737e-01
1.972346625099005435e-01
1.488770043513968910e-01
9.178826510102463532e-01
5.408461812181736272e-01
9.961008221828522302e-01
1.816974960992697452e-01
9.700624549700116450e-01
7.791804965608796207e-01
5.398659442307077727e-01
9.176343005381626394e-01
8.723004123868248749e-01
9.537881266282574044e-01
3.731552352707160902e-01
5.597743012277770491e-01
2.362303628561988056e-01
9.811252423824808888e-01
6.368481921805204671e-01
9.580996251548660192e-01
9.312226542723873735e-01
9.631709579391177778e-01
2.492550633106870583e-01
2.646870153216975829e-01
4.883320289574406003e-01
2.665805857787260646e-01
7.336081577419828470e-01
2.494199767091580811e-01
8.300099692830822384e-01
2.723199831488669065e-01
2.416180802568099195e-01
2.362102339660637762e-01
9.888444820471865571e-01
2.603744691974693715e-01
2.492560679098412280e-01
9.816646520929735997e-01
2.647129674632032748e-01
2.516995010790324394e-01
8.054559557920624169e-01
7.380163449115595409e-01
3.035832585567752040e-01
9.924541701248692505e-01
2.312052907403494839e-01
2.461651537518289301e-01
2.535079874144648970e-01
9.904884775065726510e-01
2.312030299310636194e-01
2.673824288933565607e-01
2.865987094877022745e-01
9.663007383105914894e-01
8.869759883868240102e-01
9.394996880548710516e-01
8.880131725509088358e-01
9.948670642625763172e-01
2.949646468840851909e-01
2.576372327838473697e-01
9.804186033680566403e-01
8.716060238780676261e-01
9.466115275800757178e-01
2.566851716530172967e-01
9.856932103299916870e-01
2.895090462983000434e-01
2.356439888142864147e-01
9.939814383008904741e-01
8.908767606098203506e-01
3.750883435323068005e-01
2.647129745930198452e-01
2.406271596912707145e-01
9.799104884377097813e-01
3.307499695461774136e-01
2.387294354701185450e-01
9.158889782943046010e-01
2.886820647530537465e-01
3.386416641256628224e-01
6.993998717841936053e-01
9.344171655423200162e-01
3.226934329152040259e-01
9.568525298821731750e-01
9.236521223244154033e-01
4.011494906594368359e-01
3.456072766144258068e-01
2.756189684510387816e-01
9.923582729574307315e-01
9.682626302801694562e-01
3.414510684888072967e-01
3.076155662034575355e-01
4.446321152402072929e-01
3.369343346237328451e-01
8.566880301696909727e-01
9.381641268323385185e-01
9.820523361850862498e-01
3.622355602755336079e-01
4.003132239015126381e-01
2.867933333476777591e-01
3.055531026608234724e-01
2.862142016798894795e-01
3.719424243807556429e-01
9.906622671052155438e-01
3.082306590545813574e-01
2.876391078572077542e-01
9.715022291305065449e-01
9.858022192658564276e-01
3.686129616691818378e-01
3.369405473241197657e-01
3.096465737178137334e-01
9.187802402385994993e-01
3.251858919409060800e-01
3.515554455111460919e-01
9.920516447283576067e-01
3.916613439375428163e-01
2.929312217436993993e-01
3.450662539144551122e-01
9.489804809567367050e-01
9.292545044215755334e-01
3.683500730140408241e-01
3.039652071406148126e-01
9.891944857133292412e-01
8.904261951766370142e-01
3.167361555655989758e-01
4.271032603362039382e-01
3.309566846126227868e-01
4.762164354305126190e-01
4.703534826143908609e-01
9.235097844920856502e-01
3.245823896191238900e-01
3.729361192812789549e-01
2.978228100920798926e-01
6.694485381753897402e-01
9.890110021137130669e-01
9.917421611488190791e-01
3.095443550605191940e-01
9.928428053816166221e-01
3.137054099216596836e-01
3.406682771530389342e-01
9.872486949021159752e-01
3.464232956845251787e-01
6.431822526483124136e-01
9.991147994003234389e-01
9.996944005237237141e-01
9.951494607224280475e-01
9.991971613808993125e-01
9.603210033855953398e-01
7.810966555902262298e-01
9.996274777828826341e-01
9.903141607355950837e-01
9.997670163037828406e-01
6.969749397166276061e-01
7.638348387481002089e-01
6.364524553131660767e-01
6.728060312254836584e-01
6.727803229044092559e-01
6.954162549975364538e-01
9.981098384125786094e-01
9.614531209435802639e-01
6.426832579861273542e-01
9.989811285049612355e-01
6.186594952237924883e-01
5.923194750288788279e-01
9.749968842645952982e-01
6.081087583772514238e-01
6.208597410283395179e-01
6.726086412373040169e-01
6.776444697056898114e-01
9.691725794576174779e-01
6.529443871800930665e-01
7.851591756895139884e-01
6.973731377595800973e-01
9.965975350959820345e-01
5.973409313751900651e-01
7.161789209960348623e-01
8.583050000833385429e-01
9.974118760017069985e-01
5.584633325596752851e-01
9.416191451605183671e-01
6.559089468648784393e-01
9.989202991344776628e-01
7.186581916424870098e-01
6.727835094135705685e-01
9.984373348706890861e-01
9.930041335605080954e-01
7.839554249022493426e-01
7.085818330414431765e-01
9.876983454592512812e-01
9.997306618346004647e-01
6.533589829618768885e-01
6.511489702050888839e-01
7.657989815545044321e-01
6.437534307709156245e-01
6.843368419128068592e-01
6.698134309303992451e-01
8.313982438097562433e-01
6.044609441117723136e-01
6.340969260047932821e-01
6.595498985702620276e-01
5.864923825300710769e-01
6.398481413071874790e-01
9.978123828160752051e-01
6.768953212202186709e-01
6.597528039375517572e-01
6.506426424016598098e-01
9.964211193621013152e-01
3.894393880955273612e-01
4.909776942362155672e-01
9.981736342038977083e-01
7.089713983839608380e-01
3.770330303141216644e-01
5.081220984424937859e-01
9.994589738756749497e-01
3.898827194215195857e-01
8.441957006865915547e-01
4.815052132284896591e-01
7.966010937408330994e-01
4.607009078596336349e-01
4.905969737733770764e-01
5.522875819942617559e-01
4.304652601542633961e-01
4.277286950077885397e-01
7.094622391857974275e-01
3.968475237965000124e-01
9.631020709640747413e-01
4.351162412231217580e-01
3.866107692648483862e-01
4.814637117384307774e-01
9.651323448663293725e-01
4.038251331861374971e-01
3.880206569135162820e-01
4.441741838078077653e-01
9.951369576700948016e-01
5.642596555625191135e-01
4.617781572598131379e-01
3.298862396565492294e-01
8.779702807802030051e-01
9.981691301288584395e-01
4.351162412231217580e-01
4.519689410371645066e-01
4.781761761210215900e-01
8.201290502588289844e-01
9.962829982093640568e-01
4.519348532206035052e-01
4.093024204407470501e-01
9.988266250603249352e-01
4.225344672355383913e-01
3.819141680949221795e-01
3.813969424752152171e-01
9.907366914051328743e-01
5.040028042671347297e-01
4.066601117863103410e-01
3.780557481363438499e-01
4.478304602479807883e-01
9.968899764101007976e-01
4.608969304520361132e-01
3.874385425945494621e-01
7.977557847945877523e-01
9.832570303265907308e-01
4.870349009611344981e-01
3.422676865554304948e-01
4.246578659435432113e-01
9.940097681270804175e-01
9.699146339093129843e-01
4.101264371826572885e-01
4.284876224720218230e-01
4.025137947152998552e-01
3.614283616481239192e-01
7.097301439144938495e-01
9.991841924656023055e-01
