1.081594060602428087e-11
1.081594060602428087e-11
1.081594060602428087e-11
1.081594060602428087e-11
1.081594060602428087e-11
1.081594060602428087e-11
1.081594060602428087e-11
1.081594060602428087e-11
1.081594060602428087e-11
1.081594060602428087e-11
1.081594060602428087e-11
1.081594060602428087e-11
1.081594060602428087e-11
1.081594060602428087e-11
1.081594060602428087e-11
1.081594060602428087e-11
1.081594060602428087e-11
1.081594060602428087e-11
1.081594060602428087e-11
1.081594060602428087e-11
1.081594060602428087e-11
1.081594060602428087e-11
1.081594060602428087e-11
1.081594060602428087e-11
1.081594060602428087e-11
1.081594060602428087e-11
1.081594060602428087e-11
1.081594060602428087e-11
1.081594060602428087e-11
1.081594060602428087e-11
1.081594060602428087e-11
1.081594060602428087e-11
1.081594060602428087e-11
1.081594060602428087e-11
1.081594060602428087e-11
1.081594060602428087e-11
1.081594060602428087e-11
1.081594060602428087e-11
1.081594060602428087e-11
