1.081594057057765777e-11
1.081594057057765777e-11
1.081594057057765777e-11
1.081594057057765777e-11
1.081594057057765777e-11
1.081594057057765777e-11
1.081594057057765777e-11
1.081594057057765777e-11
1.081594057057765777e-11
1.081594057057765777e-11
1.081594057057765777e-11
1.081594057057765777e-11
1.081594057057765777e-11
1.081594057057765777e-11
1.081594057057765777e-11
1.081594057057765777e-11
1.081594057057765777e-11
1.081594057057765777e-11
1.081594057057765777e-11
1.081594057057765777e-11
1.081594057057765777e-11
1.081594057057765777e-11
1.081594057057765777e-11
1.081594057057765777e-11
1.081594057057765777e-11
1.081594057057765777e-11
1.081594057057765777e-11
1.081594057057765777e-11
1.081594057057765777e-11
1.081594057057765777e-11
1.081594057057765777e-11
1.081594057057765777e-11
1.081594057057765777e-11
1.081594057057765777e-11
1.081594057057765777e-11
1.081594057057765777e-11
1.081594057057765777e-11
1.081594057057765777e-11
1.081594057057765777e-11
