1.081594058239324942e-11
1.081594058239324942e-11
1.081594058239324942e-11
1.081594058239324942e-11
1.081594058239324942e-11
1.081594058239324942e-11
1.081594058239324942e-11
1.081594058239324942e-11
1.081594058239324942e-11
1.081594058239324942e-11
1.081594058239324942e-11
1.081594058239324942e-11
1.081594058239324942e-11
1.081594058239324942e-11
1.081594058239324942e-11
1.081594058239324942e-11
1.081594058239324942e-11
1.081594058239324942e-11
1.081594058239324942e-11
1.081594058239324942e-11
1.081594058239324942e-11
1.081594058239324942e-11
1.081594058239324942e-11
1.081594058239324942e-11
1.081594058239324942e-11
1.081594058239324942e-11
1.081594058239324942e-11
1.081594058239324942e-11
1.081594058239324942e-11
1.081594058239324942e-11
1.081594058239324942e-11
1.081594058239324942e-11
1.081594058239324942e-11
1.081594058239324942e-11
1.081594058239324942e-11
1.081594058239324942e-11
1.081594058239324942e-11
1.081594058239324942e-11
1.081594058239324942e-11
