1.000000000000000000e+00
1.000000000000000000e+00
1.000000000000000000e+00
2.496281425525812014e-11
9.988045611262591494e-01
1.000000000000000000e+00
1.000000000000000000e+00
1.000000000000000000e+00
1.000000000000000000e+00
9.878043912255619619e-01
1.000000000000000000e+00
1.000000000000000000e+00
1.000000000000000000e+00
9.989763265263047476e-01
1.000000000000000000e+00
9.999999999999991118e-01
3.530598096513121176e-02
1.557106829712907963e-07
1.000000000000000000e+00
3.530598096513259954e-02
1.000000000000000000e+00
9.987116465479589644e-01
1.000000000000000000e+00
9.913270557026500063e-01
1.000000000000000000e+00
8.168918404067893162e-10
1.000000000000000000e+00
9.999997709606925911e-01
9.999999999999993339e-01
9.999997709606925911e-01
1.000000000000000000e+00
9.985128265027494177e-01
9.999999886765328361e-01
1.000000000000000000e+00
1.000000000000000000e+00
9.999998182316840456e-01
1.000000000000000000e+00
1.000000000000000000e+00
1.000000000000000000e+00
1.000000000000000000e+00
1.000000000000000000e+00
1.000000000000000000e+00
3.530598096513259954e-02
3.995722535690290168e-06
1.000000000000000000e+00
9.838688482221931153e-01
1.000000000000000000e+00
1.000000000000000000e+00
9.999998143269360762e-01
1.000000000000000000e+00
1.000000000000000000e+00
5.338405270461878864e-04
1.000000000000000000e+00
1.000000000000000000e+00
1.000000000000000000e+00
1.000000000000000000e+00
9.826019999911320690e-01
9.999996379265606583e-01
1.000000000000000000e+00
1.000000000000000000e+00
1.000000000000000000e+00
9.999997709606925911e-01
9.831880242302438733e-01
1.000000000000000000e+00
