9.978366277340388057e-01
6.910412275691230587e-03
1.000000000000000000e+00
3.928238079238010556e-19
1.000000000000000000e+00
2.816046371166360807e-01
3.385478048117008838e-19
1.000000000000000000e+00
5.921616721688627630e-05
1.000000000000000000e+00
9.999999980918801157e-01
1.823696424181820341e-04
1.000000000000000000e+00
1.000000000000000000e+00
1.000000000000000000e+00
1.760696791737550310e-02
1.000000000000000000e+00
6.902506931244345118e-10
2.174637640174000019e-01
1.000000000000000000e+00
1.000000000000000000e+00
1.000000000000000000e+00
2.408919421220629604e-23
3.957197586688137592e-01
1.000000000000000000e+00
1.000000000000000000e+00
9.998979199198212431e-01
1.865299503929661261e-11
1.705532181270845949e-17
1.000000000000000000e+00
2.233281470055392117e-04
9.953174739851559094e-01
1.002753869688156052e-01
9.999999999999384936e-01
6.729157165418790273e-06
7.411671959528067696e-18
9.999999983534724191e-01
1.000000000000000000e+00
7.784524275387457598e-05
3.448485866019377353e-04
7.931173620079474682e-23
9.999999999999975575e-01
1.000000000000000000e+00
1.899852174418619518e-04
9.999999998788489108e-01
1.000000000000000000e+00
5.865003775736442375e-05
1.000000000000000000e+00
1.000000000000000000e+00
1.000000000000000000e+00
1.438844901737360124e-04
1.000000000000000000e+00
1.000000000000000000e+00
7.942345477006957921e-01
1.000000000000000000e+00
9.998920106404940444e-01
2.487437012078240646e-03
8.543666255084689807e-04
9.059550580868405145e-01
9.804902077402670724e-01
1.000000000000000000e+00
1.000000000000000000e+00
4.985530568873345735e-04
1.000000000000000000e+00
