9.691738712923285703e-01
9.542516358959737266e-01
9.760117697241734724e-01
9.765937921750800221e-01
9.743454158799039755e-01
9.788353815987541617e-01
9.768084057664192521e-01
9.730630664717877520e-01
9.705317596570349759e-01
9.778051044858731000e-01
9.667238668443792760e-01
9.660630627535484738e-01
9.560173666447697727e-01
9.714126808560098469e-01
9.652100371633185460e-01
9.675525103761630774e-01
9.751338244100035135e-01
9.747882124927909064e-01
9.667181911227048507e-01
9.697275420817487168e-01
9.698324282031540733e-01
9.749858977657455128e-01
9.720124485807680736e-01
9.613985048529144484e-01
9.775800533055419850e-01
9.648861129874141129e-01
9.585636735252035523e-01
9.578118615426823856e-01
9.744605980998083394e-01
9.723889150786507729e-01
9.782972033598357209e-01
9.711774014988229231e-01
9.700935222812985259e-01
9.707085352769219133e-01
9.734172158411940057e-01
9.720370054500079293e-01
9.761662867860615433e-01
9.747116063047529533e-01
9.739442672786541300e-01
9.775722327826643632e-01
9.690910279470524857e-01
9.714397328186374914e-01
9.743651141139161309e-01
9.726670601234034264e-01
9.740837306720215860e-01
9.715465071176597744e-01
9.760380378845555649e-01
9.626894155464710279e-01
9.734863481396960339e-01
9.731197509270258506e-01
9.734345010165632583e-01
9.785948579377203860e-01
9.677365972549226703e-01
9.737798713271914597e-01
9.652185256201755159e-01
9.636665574807872225e-01
9.742609722192900890e-01
9.717839798906388049e-01
9.699435811161869481e-01
9.679018042350472362e-01
9.724757881951993088e-01
9.713178254094692043e-01
9.781756291857539587e-01
9.772010891363100971e-01
