1.000000000000000000e+00
7.259941333454824619e-01
1.000000000000000000e+00
1.000000000000000000e+00
9.848189173815923292e-01
2.634318967472324986e-03
1.000000000000000000e+00
1.000000000000000000e+00
9.999999953606502068e-01
1.000000000000000000e+00
1.000000000000000000e+00
9.999998363147176716e-01
1.000000000000000000e+00
1.000000000000000000e+00
1.000000000000000000e+00
4.408604043655525162e-01
9.119998803326156978e-01
1.000000000000000000e+00
9.999999999999997780e-01
1.000000000000000000e+00
9.427900521221905805e-01
1.000000000000000000e+00
5.521925717916401632e-01
1.000000000000000000e+00
8.932779793497916954e-01
1.808258557633959278e-03
9.999999999998374633e-01
1.000000000000000000e+00
8.654142592506868237e-01
1.000000000000000000e+00
1.000000000000000000e+00
9.999883965131304286e-01
9.867731201749737613e-01
1.000000000000000000e+00
4.669329366518626401e-02
9.999999999965378805e-01
1.000000000000000000e+00
1.000000000000000000e+00
1.000000000000000000e+00
1.000000000000000000e+00
9.999999999973681053e-01
1.000000000000000000e+00
1.000000000000000000e+00
1.000000000000000000e+00
1.000000000000000000e+00
9.999979633508390142e-01
9.888289283157492005e-01
9.119999334426178716e-01
9.999996705611453596e-01
1.000000000000000000e+00
1.000000000000000000e+00
9.265877568910647621e-01
9.999999586178652811e-01
1.000000000000000000e+00
9.481618638129359899e-01
1.000000000000000000e+00
1.000000000000000000e+00
1.000000000000000000e+00
1.000000000000000000e+00
1.681522695742784790e-01
1.000000000000000000e+00
9.182863911400851453e-01
9.394015101703552251e-01
1.000000000000000000e+00
