1.036324599367393663e-02
1.000000000000000000e+00
1.000000000000000000e+00
5.297670859462190462e-02
1.000000000000000000e+00
4.215245924647861853e-01
1.000000000000000000e+00
9.999973187283995868e-01
8.776275727925220366e-04
9.999999625063881181e-01
4.215194095665006357e-01
9.999860743300229560e-01
1.000000000000000000e+00
1.086480422358054587e-01
9.831043814029734040e-01
1.945184927851966242e-03
2.229715293006867202e-03
9.999999997609427815e-01
2.232235447365019515e-07
6.634246314038536596e-01
1.000000000000000000e+00
9.999999999999991118e-01
1.060325757716282929e-02
1.000000000000000000e+00
1.000000000000000000e+00
1.000000000000000000e+00
3.779041461802739189e-03
9.999990692652348523e-01
1.000000000000000000e+00
5.781867700471773138e-08
1.000000000000000000e+00
9.999999999365611902e-01
2.202096130404142087e-03
1.036324063662581382e-02
1.000000000000000000e+00
1.000000000000000000e+00
9.989696183900524940e-01
5.626535905301219623e-04
2.229715293006878912e-03
5.343700912227938860e-02
1.000000000000000000e+00
2.229715293006878912e-03
8.850670245172897454e-08
3.160328496101255246e-04
9.963385585118941234e-01
9.999998392097465549e-01
9.951997474059238735e-01
9.951619140731485791e-01
9.999999999414432850e-01
1.000000000000000000e+00
1.000000000000000000e+00
9.989717330273574225e-01
9.999999999764486169e-01
2.880203934759520605e-05
1.000000000000000000e+00
9.989717330248117921e-01
1.000000000000000000e+00
4.038646049365649492e-03
5.722395271852824476e-07
5.388561045897775724e-05
1.000000000000000000e+00
1.440668811829528770e-07
9.999417206669948266e-01
1.000000000000000000e+00
