1.000000000000000000e+00
1.000000000000000000e+00
9.999999999999464873e-01
4.021862139675018945e-07
9.775133796137080999e-01
9.923703169512108069e-01
1.000000000000000000e+00
9.940411035060093825e-01
9.993392769720614854e-01
9.999999996127466595e-01
1.000000000000000000e+00
9.984045237421148578e-01
9.941709734158156175e-01
1.000000000000000000e+00
1.000000000000000000e+00
1.000000000000000000e+00
9.998845372537432663e-01
1.000000000000000000e+00
1.000000000000000000e+00
9.999963314783426593e-01
1.000000000000000000e+00
1.000000000000000000e+00
1.000000000000000000e+00
9.968850169800055339e-01
9.996315529987530590e-01
1.000000000000000000e+00
1.000000000000000000e+00
5.326335839269866462e-05
1.000000000000000000e+00
1.000000000000000000e+00
1.000000000000000000e+00
1.000000000000000000e+00
1.000000000000000000e+00
1.000000000000000000e+00
7.616879872820292441e-02
9.999463273462825263e-01
1.000000000000000000e+00
1.000000000000000000e+00
9.985501695038605519e-01
1.000000000000000000e+00
1.000000000000000000e+00
9.923666024651753848e-01
9.997746741725790365e-01
2.679230832049611293e-06
9.980755491531706491e-01
9.923703169565299964e-01
9.971274053516088198e-01
1.000000000000000000e+00
1.000000000000000000e+00
4.382660175662432409e-05
9.991673046985165563e-01
1.000000000000000000e+00
1.000000000000000000e+00
1.000000000000000000e+00
3.989933632319799806e-01
9.980755491534927248e-01
9.771551759080397970e-01
1.000000000000000000e+00
1.000000000000000000e+00
1.000000000000000000e+00
1.000000000000000000e+00
1.000000000000000000e+00
9.996482255686892637e-01
9.999999999999060751e-01
