6.140066812809324533e-32
1.634165809023630427e-29
9.875253291618578677e-01
5.389340976820882707e-07
1.558454819769165267e-28
1.000000000000000000e+00
9.999998735737825051e-01
8.387877466041246979e-34
1.000000000000000000e+00
4.461215246331785699e-36
4.397771190275862827e-11
1.000000000000000000e+00
1.000000000000000000e+00
5.905604772362116356e-29
1.000000000000000000e+00
1.000000000000000000e+00
8.381151339533997602e-01
4.876237054502267498e-26
1.000000000000000000e+00
1.000000000000000000e+00
9.999999999367896741e-01
1.699008177612298665e-01
4.084872758807766904e-27
9.999960176409686818e-01
1.000000000000000000e+00
2.078245656935293628e-28
1.717140998477814347e-03
1.959451060420593542e-07
2.843518765715682765e-09
9.132411552234910269e-33
1.000000000000000000e+00
1.000000000000000000e+00
7.912210492900524049e-24
1.522235808224118226e-08
9.912567562420490086e-01
1.006072701070848034e-30
1.286873482635701726e-01
1.000000000000000000e+00
7.100498458093660787e-32
1.000000000000000000e+00
1.000000000000000000e+00
1.000000000000000000e+00
9.999999999973998577e-01
3.011910789787964084e-41
2.521970517360770225e-05
2.576504282318327923e-32
9.999999999794881855e-01
2.116356413461404215e-37
1.000000000000000000e+00
1.970196823204750281e-33
1.000000000000000000e+00
1.000000000000000000e+00
1.000000000000000000e+00
3.612246541389959010e-22
1.354536411304963252e-39
1.000000000000000000e+00
1.590022029909179317e-04
9.999999994261679070e-01
3.183998062099009586e-30
3.459251121645919608e-12
1.821724912530647146e-23
1.000000000000000000e+00
1.137700653428276962e-28
1.137574594293559206e-02
