1.932729908947663644e-06
1.000000000000000000e+00
3.521656404960626929e-01
1.000000000000000000e+00
9.725090790260182416e-01
1.000000000000000000e+00
9.999988302109079630e-01
1.187113648318509579e-06
1.000000000000000000e+00
9.999999999974642506e-01
1.000000000000000000e+00
1.000000000000000000e+00
1.000000000000000000e+00
9.999999882732067968e-01
1.000000000000000000e+00
1.456962931862875725e-11
1.000000000000000000e+00
9.999999999704078935e-01
6.025527665139880245e-19
9.999999999999893419e-01
1.000000000000000000e+00
2.744835482725305198e-01
1.000000000000000000e+00
8.489909737929110026e-32
4.694974337616398693e-23
1.000000000000000000e+00
2.019679111621164903e-18
1.000000000000000000e+00
1.000000000000000000e+00
1.000000000000000000e+00
1.000000000000000000e+00
1.000000000000000000e+00
3.621865349075328367e-04
1.000000000000000000e+00
6.061119440199805750e-25
1.000000000000000000e+00
2.094303043636902804e-42
2.498609977806505783e-15
1.000000000000000000e+00
1.000000000000000000e+00
5.236869864495294589e-25
1.000000000000000000e+00
1.000000000000000000e+00
1.000000000000000000e+00
1.000000000000000000e+00
9.999999999974524822e-01
1.000000000000000000e+00
9.999999999319968413e-01
1.000000000000000000e+00
1.038684990277762574e-03
5.726493139664220110e-18
3.187332145015397248e-27
1.000000000000000000e+00
1.000000000000000000e+00
1.000000000000000000e+00
1.000000000000000000e+00
1.000000000000000000e+00
3.598621362043861743e-10
1.494462457980233254e-24
1.000000000000000000e+00
9.999999999999986677e-01
1.000000000000000000e+00
1.000000000000000000e+00
1.000000000000000000e+00
