9.874295619882957897e-01
9.859494497132644808e-01
9.878778471287393836e-01
9.906118785651167880e-01
9.827586952291478273e-01
9.879636988720690294e-01
9.871212766422503559e-01
9.854890289347264520e-01
9.863510131961851224e-01
9.855269209715772361e-01
9.838244700498206541e-01
9.876208734741594997e-01
9.861681070861967324e-01
9.866253742348436440e-01
9.834112405222903419e-01
9.880203834415335340e-01
9.841552085383373782e-01
9.837549378653059895e-01
9.860678804641113127e-01
9.882119281575849623e-01
9.900604799534985512e-01
9.840591767538844348e-01
9.869941951494777266e-01
9.886392605514006116e-01
9.793437778406570704e-01
9.870254920406306143e-01
9.806708953916108973e-01
9.880669377905665351e-01
9.891246315911268461e-01
9.870385096120410928e-01
9.757787930063904769e-01
9.888998991129380745e-01
9.863573460088119749e-01
9.892756669202875663e-01
9.919886470450872684e-01
9.889365898875067673e-01
9.867799665529469744e-01
9.905772028882079416e-01
9.850051044542351697e-01
9.850042450784148862e-01
9.879904033322008949e-01
9.846965703337257070e-01
9.828650352614972663e-01
9.821556955146338863e-01
9.898451543709751999e-01
9.867790471630758509e-01
9.821510506993144096e-01
9.849653016890383972e-01
9.881772499561676248e-01
9.855166776314968624e-01
9.891753289843440156e-01
9.846568334407070910e-01
9.874121084552740513e-01
9.874325546471932613e-01
9.849588725549623947e-01
9.825509300373358457e-01
9.818369233115389338e-01
9.913005542343141796e-01
9.912390450295883726e-01
9.844227708214092765e-01
9.854124781516062637e-01
9.863477768159398806e-01
9.858783096774260679e-01
9.906813627493272767e-01
9.894861449749330351e-01
