1.000000000000000000e+00
1.000000000000000000e+00
1.000000000000000000e+00
2.496281425525812014e-11
9.988045611262591494e-01
1.000000000000000000e+00
1.000000000000000000e+00
1.000000000000000000e+00
1.000000000000000000e+00
9.878043912255619619e-01
1.000000000000000000e+00
1.000000000000000000e+00
1.000000000000000000e+00
9.989763265263047476e-01
1.000000000000000000e+00
9.999999999999991118e-01
3.530598096513121176e-02
1.557106829712907963e-07
1.000000000000000000e+00
3.530598096513259954e-02
1.000000000000000000e+00
9.987116465479589644e-01
1.000000000000000000e+00
9.913270557026500063e-01
1.000000000000000000e+00
8.168918404067893162e-10
1.000000000000000000e+00
9.999997709606925911e-01
9.999999999999993339e-01
9.999997709606925911e-01
1.000000000000000000e+00
9.985128265027494177e-01
9.999999886765328361e-01
1.000000000000000000e+00
1.000000000000000000e+00
9.999998182316840456e-01
1.000000000000000000e+00
1.000000000000000000e+00
1.000000000000000000e+00
1.000000000000000000e+00
1.000000000000000000e+00
1.000000000000000000e+00
3.530598096513259954e-02
3.995722535690290168e-06
1.000000000000000000e+00
9.838688482221931153e-01
1.000000000000000000e+00
1.000000000000000000e+00
9.999998143269360762e-01
1.000000000000000000e+00
1.000000000000000000e+00
5.338405270461878864e-04
1.000000000000000000e+00
1.000000000000000000e+00
1.000000000000000000e+00
1.000000000000000000e+00
9.826019999911320690e-01
9.999996379265606583e-01
1.000000000000000000e+00
1.000000000000000000e+00
1.000000000000000000e+00
9.999997709606925911e-01
9.831880242302438733e-01
1.000000000000000000e+00
9.978366277340388057e-01
6.910412275691230587e-03
1.000000000000000000e+00
3.928238079238010556e-19
1.000000000000000000e+00
2.816046371166360807e-01
3.385478048117008838e-19
1.000000000000000000e+00
5.921616721688627630e-05
1.000000000000000000e+00
9.999999980918801157e-01
1.823696424181820341e-04
1.000000000000000000e+00
1.000000000000000000e+00
1.000000000000000000e+00
1.760696791737550310e-02
1.000000000000000000e+00
6.902506931244345118e-10
2.174637640174000019e-01
1.000000000000000000e+00
1.000000000000000000e+00
1.000000000000000000e+00
2.408919421220629604e-23
3.957197586688137592e-01
1.000000000000000000e+00
1.000000000000000000e+00
9.998979199198212431e-01
1.865299503929661261e-11
1.705532181270845949e-17
1.000000000000000000e+00
2.233281470055392117e-04
9.953174739851559094e-01
1.002753869688156052e-01
9.999999999999384936e-01
6.729157165418790273e-06
7.411671959528067696e-18
9.999999983534724191e-01
1.000000000000000000e+00
7.784524275387457598e-05
3.448485866019377353e-04
7.931173620079474682e-23
9.999999999999975575e-01
1.000000000000000000e+00
1.899852174418619518e-04
9.999999998788489108e-01
1.000000000000000000e+00
5.865003775736442375e-05
1.000000000000000000e+00
1.000000000000000000e+00
1.000000000000000000e+00
1.438844901737360124e-04
1.000000000000000000e+00
1.000000000000000000e+00
7.942345477006957921e-01
1.000000000000000000e+00
9.998920106404940444e-01
2.487437012078240646e-03
8.543666255084689807e-04
9.059550580868405145e-01
9.804902077402670724e-01
1.000000000000000000e+00
1.000000000000000000e+00
4.985530568873345735e-04
1.000000000000000000e+00
1.000000000000000000e+00
1.000000000000000000e+00
1.000000000000000000e+00
1.000000000000000000e+00
7.363882132431047584e-24
1.000000000000000000e+00
1.000000000000000000e+00
1.000000000000000000e+00
9.999999999801987283e-01
1.000000000000000000e+00
1.000000000000000000e+00
1.000000000000000000e+00
1.000000000000000000e+00
9.999999999999975575e-01
1.000000000000000000e+00
1.000000000000000000e+00
1.000000000000000000e+00
1.000000000000000000e+00
9.999999999999995559e-01
1.000000000000000000e+00
1.000000000000000000e+00
1.000000000000000000e+00
1.000000000000000000e+00
1.000000000000000000e+00
1.000000000000000000e+00
1.000000000000000000e+00
1.000000000000000000e+00
1.000000000000000000e+00
1.000000000000000000e+00
5.639616437366263416e-09
1.000000000000000000e+00
1.000000000000000000e+00
1.000000000000000000e+00
1.000000000000000000e+00
1.000000000000000000e+00
1.000000000000000000e+00
1.000000000000000000e+00
1.000000000000000000e+00
3.664114320776947419e-13
1.000000000000000000e+00
1.000000000000000000e+00
1.000000000000000000e+00
1.000000000000000000e+00
9.999999999999997780e-01
9.999999999801987283e-01
1.000000000000000000e+00
1.000000000000000000e+00
1.000000000000000000e+00
9.999999928458351839e-01
3.698457211280233634e-11
1.000000000000000000e+00
1.000000000000000000e+00
1.000000000000000000e+00
1.000000000000000000e+00
1.000000000000000000e+00
1.000000000000000000e+00
1.000000000000000000e+00
1.000000000000000000e+00
5.979620870768708618e-20
1.000000000000000000e+00
1.000000000000000000e+00
1.000000000000000000e+00
1.000000000000000000e+00
9.999999869742552949e-01
9.691738712923285703e-01
9.542516358959737266e-01
9.760117697241734724e-01
9.765937921750800221e-01
9.743454158799039755e-01
9.788353815987541617e-01
9.768084057664192521e-01
9.730630664717877520e-01
9.705317596570349759e-01
9.778051044858731000e-01
9.667238668443792760e-01
9.660630627535484738e-01
9.560173666447697727e-01
9.714126808560098469e-01
9.652100371633185460e-01
9.675525103761630774e-01
9.751338244100035135e-01
9.747882124927909064e-01
9.667181911227048507e-01
9.697275420817487168e-01
9.698324282031540733e-01
9.749858977657455128e-01
9.720124485807680736e-01
9.613985048529144484e-01
9.775800533055419850e-01
9.648861129874141129e-01
9.585636735252035523e-01
9.578118615426823856e-01
9.744605980998083394e-01
9.723889150786507729e-01
9.782972033598357209e-01
9.711774014988229231e-01
9.700935222812985259e-01
9.707085352769219133e-01
9.734172158411940057e-01
9.720370054500079293e-01
9.761662867860615433e-01
9.747116063047529533e-01
9.739442672786541300e-01
9.775722327826643632e-01
9.690910279470524857e-01
9.714397328186374914e-01
9.743651141139161309e-01
9.726670601234034264e-01
9.740837306720215860e-01
9.715465071176597744e-01
9.760380378845555649e-01
9.626894155464710279e-01
9.734863481396960339e-01
9.731197509270258506e-01
9.734345010165632583e-01
9.785948579377203860e-01
9.677365972549226703e-01
9.737798713271914597e-01
9.652185256201755159e-01
9.636665574807872225e-01
9.742609722192900890e-01
9.717839798906388049e-01
9.699435811161869481e-01
9.679018042350472362e-01
9.724757881951993088e-01
9.713178254094692043e-01
9.781756291857539587e-01
9.772010891363100971e-01
1.000000000000000000e+00
7.259941333454824619e-01
1.000000000000000000e+00
1.000000000000000000e+00
9.848189173815923292e-01
2.634318967472324986e-03
1.000000000000000000e+00
1.000000000000000000e+00
9.999999953606502068e-01
1.000000000000000000e+00
1.000000000000000000e+00
9.999998363147176716e-01
1.000000000000000000e+00
1.000000000000000000e+00
1.000000000000000000e+00
4.408604043655525162e-01
9.119998803326156978e-01
1.000000000000000000e+00
9.999999999999997780e-01
1.000000000000000000e+00
9.427900521221905805e-01
1.000000000000000000e+00
5.521925717916401632e-01
1.000000000000000000e+00
8.932779793497916954e-01
1.808258557633959278e-03
9.999999999998374633e-01
1.000000000000000000e+00
8.654142592506868237e-01
1.000000000000000000e+00
1.000000000000000000e+00
9.999883965131304286e-01
9.867731201749737613e-01
1.000000000000000000e+00
4.669329366518626401e-02
9.999999999965378805e-01
1.000000000000000000e+00
1.000000000000000000e+00
1.000000000000000000e+00
1.000000000000000000e+00
9.999999999973681053e-01
1.000000000000000000e+00
1.000000000000000000e+00
1.000000000000000000e+00
1.000000000000000000e+00
9.999979633508390142e-01
9.888289283157492005e-01
9.119999334426178716e-01
9.999996705611453596e-01
1.000000000000000000e+00
1.000000000000000000e+00
9.265877568910647621e-01
9.999999586178652811e-01
1.000000000000000000e+00
9.481618638129359899e-01
1.000000000000000000e+00
1.000000000000000000e+00
1.000000000000000000e+00
1.000000000000000000e+00
1.681522695742784790e-01
1.000000000000000000e+00
9.182863911400851453e-01
9.394015101703552251e-01
1.000000000000000000e+00
1.036324599367393663e-02
1.000000000000000000e+00
1.000000000000000000e+00
5.297670859462190462e-02
1.000000000000000000e+00
4.215245924647861853e-01
1.000000000000000000e+00
9.999973187283995868e-01
8.776275727925220366e-04
9.999999625063881181e-01
4.215194095665006357e-01
9.999860743300229560e-01
1.000000000000000000e+00
1.086480422358054587e-01
9.831043814029734040e-01
1.945184927851966242e-03
2.229715293006867202e-03
9.999999997609427815e-01
2.232235447365019515e-07
6.634246314038536596e-01
1.000000000000000000e+00
9.999999999999991118e-01
1.060325757716282929e-02
1.000000000000000000e+00
1.000000000000000000e+00
1.000000000000000000e+00
3.779041461802739189e-03
9.999990692652348523e-01
1.000000000000000000e+00
5.781867700471773138e-08
1.000000000000000000e+00
9.999999999365611902e-01
2.202096130404142087e-03
1.036324063662581382e-02
1.000000000000000000e+00
1.000000000000000000e+00
9.989696183900524940e-01
5.626535905301219623e-04
2.229715293006878912e-03
5.343700912227938860e-02
1.000000000000000000e+00
2.229715293006878912e-03
8.850670245172897454e-08
3.160328496101255246e-04
9.963385585118941234e-01
9.999998392097465549e-01
9.951997474059238735e-01
9.951619140731485791e-01
9.999999999414432850e-01
1.000000000000000000e+00
1.000000000000000000e+00
9.989717330273574225e-01
9.999999999764486169e-01
2.880203934759520605e-05
1.000000000000000000e+00
9.989717330248117921e-01
1.000000000000000000e+00
4.038646049365649492e-03
5.722395271852824476e-07
5.388561045897775724e-05
1.000000000000000000e+00
1.440668811829528770e-07
9.999417206669948266e-01
1.000000000000000000e+00
1.000000000000000000e+00
1.000000000000000000e+00
9.999999999999464873e-01
4.021862139675018945e-07
9.775133796137080999e-01
9.923703169512108069e-01
1.000000000000000000e+00
9.940411035060093825e-01
9.993392769720614854e-01
9.999999996127466595e-01
1.000000000000000000e+00
9.984045237421148578e-01
9.941709734158156175e-01
1.000000000000000000e+00
1.000000000000000000e+00
1.000000000000000000e+00
9.998845372537432663e-01
1.000000000000000000e+00
1.000000000000000000e+00
9.999963314783426593e-01
1.000000000000000000e+00
1.000000000000000000e+00
1.000000000000000000e+00
9.968850169800055339e-01
9.996315529987530590e-01
1.000000000000000000e+00
1.000000000000000000e+00
5.326335839269866462e-05
1.000000000000000000e+00
1.000000000000000000e+00
1.000000000000000000e+00
1.000000000000000000e+00
1.000000000000000000e+00
1.000000000000000000e+00
7.616879872820292441e-02
9.999463273462825263e-01
1.000000000000000000e+00
1.000000000000000000e+00
9.985501695038605519e-01
1.000000000000000000e+00
1.000000000000000000e+00
9.923666024651753848e-01
9.997746741725790365e-01
2.679230832049611293e-06
9.980755491531706491e-01
9.923703169565299964e-01
9.971274053516088198e-01
1.000000000000000000e+00
1.000000000000000000e+00
4.382660175662432409e-05
9.991673046985165563e-01
1.000000000000000000e+00
1.000000000000000000e+00
1.000000000000000000e+00
3.989933632319799806e-01
9.980755491534927248e-01
9.771551759080397970e-01
1.000000000000000000e+00
1.000000000000000000e+00
1.000000000000000000e+00
1.000000000000000000e+00
1.000000000000000000e+00
9.996482255686892637e-01
9.999999999999060751e-01
6.140066812809324533e-32
1.634165809023630427e-29
9.875253291618578677e-01
5.389340976820882707e-07
1.558454819769165267e-28
1.000000000000000000e+00
9.999998735737825051e-01
8.387877466041246979e-34
1.000000000000000000e+00
4.461215246331785699e-36
4.397771190275862827e-11
1.000000000000000000e+00
1.000000000000000000e+00
5.905604772362116356e-29
1.000000000000000000e+00
1.000000000000000000e+00
8.381151339533997602e-01
4.876237054502267498e-26
1.000000000000000000e+00
1.000000000000000000e+00
9.999999999367896741e-01
1.699008177612298665e-01
4.084872758807766904e-27
9.999960176409686818e-01
1.000000000000000000e+00
2.078245656935293628e-28
1.717140998477814347e-03
1.959451060420593542e-07
2.843518765715682765e-09
9.132411552234910269e-33
1.000000000000000000e+00
1.000000000000000000e+00
7.912210492900524049e-24
1.522235808224118226e-08
9.912567562420490086e-01
1.006072701070848034e-30
1.286873482635701726e-01
1.000000000000000000e+00
7.100498458093660787e-32
1.000000000000000000e+00
1.000000000000000000e+00
1.000000000000000000e+00
9.999999999973998577e-01
3.011910789787964084e-41
2.521970517360770225e-05
2.576504282318327923e-32
9.999999999794881855e-01
2.116356413461404215e-37
1.000000000000000000e+00
1.970196823204750281e-33
1.000000000000000000e+00
1.000000000000000000e+00
1.000000000000000000e+00
3.612246541389959010e-22
1.354536411304963252e-39
1.000000000000000000e+00
1.590022029909179317e-04
9.999999994261679070e-01
3.183998062099009586e-30
3.459251121645919608e-12
1.821724912530647146e-23
1.000000000000000000e+00
1.137700653428276962e-28
1.137574594293559206e-02
1.932729908947663644e-06
1.000000000000000000e+00
3.521656404960626929e-01
1.000000000000000000e+00
9.725090790260182416e-01
1.000000000000000000e+00
9.999988302109079630e-01
1.187113648318509579e-06
1.000000000000000000e+00
9.999999999974642506e-01
1.000000000000000000e+00
1.000000000000000000e+00
1.000000000000000000e+00
9.999999882732067968e-01
1.000000000000000000e+00
1.456962931862875725e-11
1.000000000000000000e+00
9.999999999704078935e-01
6.025527665139880245e-19
9.999999999999893419e-01
1.000000000000000000e+00
2.744835482725305198e-01
1.000000000000000000e+00
8.489909737929110026e-32
4.694974337616398693e-23
1.000000000000000000e+00
2.019679111621164903e-18
1.000000000000000000e+00
1.000000000000000000e+00
1.000000000000000000e+00
1.000000000000000000e+00
1.000000000000000000e+00
3.621865349075328367e-04
1.000000000000000000e+00
6.061119440199805750e-25
1.000000000000000000e+00
2.094303043636902804e-42
2.498609977806505783e-15
1.000000000000000000e+00
1.000000000000000000e+00
5.236869864495294589e-25
1.000000000000000000e+00
1.000000000000000000e+00
1.000000000000000000e+00
1.000000000000000000e+00
9.999999999974524822e-01
1.000000000000000000e+00
9.999999999319968413e-01
1.000000000000000000e+00
1.038684990277762574e-03
5.726493139664220110e-18
3.187332145015397248e-27
1.000000000000000000e+00
1.000000000000000000e+00
1.000000000000000000e+00
1.000000000000000000e+00
1.000000000000000000e+00
3.598621362043861743e-10
1.494462457980233254e-24
1.000000000000000000e+00
9.999999999999986677e-01
1.000000000000000000e+00
1.000000000000000000e+00
1.000000000000000000e+00
9.874295619882957897e-01
9.859494497132644808e-01
9.878778471287393836e-01
9.906118785651167880e-01
9.827586952291478273e-01
9.879636988720690294e-01
9.871212766422503559e-01
9.854890289347264520e-01
9.863510131961851224e-01
9.855269209715772361e-01
9.838244700498206541e-01
9.876208734741594997e-01
9.861681070861967324e-01
9.866253742348436440e-01
9.834112405222903419e-01
9.880203834415335340e-01
9.841552085383373782e-01
9.837549378653059895e-01
9.860678804641113127e-01
9.882119281575849623e-01
9.900604799534985512e-01
9.840591767538844348e-01
9.869941951494777266e-01
9.886392605514006116e-01
9.793437778406570704e-01
9.870254920406306143e-01
9.806708953916108973e-01
9.880669377905665351e-01
9.891246315911268461e-01
9.870385096120410928e-01
9.757787930063904769e-01
9.888998991129380745e-01
9.863573460088119749e-01
9.892756669202875663e-01
9.919886470450872684e-01
9.889365898875067673e-01
9.867799665529469744e-01
9.905772028882079416e-01
9.850051044542351697e-01
9.850042450784148862e-01
9.879904033322008949e-01
9.846965703337257070e-01
9.828650352614972663e-01
9.821556955146338863e-01
9.898451543709751999e-01
9.867790471630758509e-01
9.821510506993144096e-01
9.849653016890383972e-01
9.881772499561676248e-01
9.855166776314968624e-01
9.891753289843440156e-01
9.846568334407070910e-01
9.874121084552740513e-01
9.874325546471932613e-01
9.849588725549623947e-01
9.825509300373358457e-01
9.818369233115389338e-01
9.913005542343141796e-01
9.912390450295883726e-01
9.844227708214092765e-01
9.854124781516062637e-01
9.863477768159398806e-01
9.858783096774260679e-01
9.906813627493272767e-01
9.894861449749330351e-01
