1.000000000000000000e+00
1.000000000000000000e+00
1.000000000000000000e+00
9.202013602474619081e-01
9.995198524040391774e-01
9.999992261577701491e-01
1.000000000000000000e+00
1.000000000000000000e+00
1.000000000000000000e+00
9.722872147953691641e-04
1.000000000000000000e+00
1.000000000000000000e+00
1.000000000000000000e+00
9.999989395388405589e-01
1.000000000000000000e+00
9.999996356924524266e-01
1.732819394419565488e-05
5.336451569505955561e-01
1.000000000000000000e+00
1.773188094479546950e-02
1.000000000000000000e+00
9.837209566284145848e-03
1.000000000000000000e+00
6.896903601056233457e-01
1.000000000000000000e+00
1.026331239910168063e-05
1.000000000000000000e+00
9.998553555195910381e-01
2.464208502699612446e-01
9.684687342429542101e-01
1.000000000000000000e+00
1.352751404936779721e-02
3.633568194040923682e-01
1.000000000000000000e+00
1.000000000000000000e+00
1.625468470373140906e-01
1.000000000000000000e+00
1.000000000000000000e+00
1.000000000000000000e+00
1.000000000000000000e+00
1.000000000000000000e+00
1.000000000000000000e+00
5.561270499975882187e-01
7.685723078591081281e-01
1.000000000000000000e+00
7.246696502246550292e-03
1.000000000000000000e+00
9.999999999999937828e-01
4.209417353972287335e-01
1.000000000000000000e+00
1.000000000000000000e+00
4.471341855051295055e-05
1.000000000000000000e+00
1.000000000000000000e+00
1.000000000000000000e+00
2.065786784170635937e-01
1.173893586454380702e-02
9.771860865170364230e-01
1.000000000000000000e+00
1.000000000000000000e+00
1.000000000000000000e+00
4.972054122834010936e-01
1.358854406458550916e-05
9.850626750060093029e-01
