9.999386869502738806e-01
2.228603966380653893e-03
1.000000000000000000e+00
9.307590106122055058e-11
1.000000000000000000e+00
4.282784008814406046e-02
1.817665811797715273e-16
1.000000000000000000e+00
1.425987583562393808e-02
1.000000000000000000e+00
1.000000000000000000e+00
3.994295643079706082e-01
1.000000000000000000e+00
1.000000000000000000e+00
1.000000000000000000e+00
9.355373366162449411e-01
1.000000000000000000e+00
2.727332051455082460e-05
9.999944360755772532e-01
1.000000000000000000e+00
1.000000000000000000e+00
1.000000000000000000e+00
2.628948022299719551e-11
5.632234681150571909e-01
1.000000000000000000e+00
1.000000000000000000e+00
9.999999908578484087e-01
1.734344616584201958e-03
5.774638260263128397e-23
1.000000000000000000e+00
2.446002555132152645e-02
1.408997946977247617e-01
9.995045192499562026e-01
1.000000000000000000e+00
1.318250549573868596e-03
4.544228069850802208e-04
9.875898899068019654e-01
1.000000000000000000e+00
7.323368211364479630e-02
6.735656497821285139e-05
2.848955821462096800e-24
8.586808428929570969e-01
1.000000000000000000e+00
1.171437938192178025e-03
1.000000000000000000e+00
1.000000000000000000e+00
5.332444195754678651e-01
1.000000000000000000e+00
1.000000000000000000e+00
1.000000000000000000e+00
5.958064158960486162e-02
1.000000000000000000e+00
1.000000000000000000e+00
1.359042189292000193e-02
1.000000000000000000e+00
9.999761282577266375e-01
1.991405358653226820e-02
9.947656768646352399e-01
2.198771122942263234e-01
5.471749967808347929e-03
1.000000000000000000e+00
1.000000000000000000e+00
5.982688355039295081e-02
1.000000000000000000e+00
