7.483587871660390967e-01
7.747542624192940153e-01
7.817705076197928316e-01
7.864437195030996586e-01
7.441900741253796303e-01
7.178497912371089029e-01
7.063515010022390905e-01
7.586062364170896855e-01
7.775233995357340167e-01
7.884581736479470138e-01
7.690403266883011346e-01
7.598845687787914027e-01
7.564378909523662431e-01
7.771179517012659632e-01
6.884363895689548096e-01
7.716229616277877623e-01
7.576589008579016626e-01
7.825054333719271282e-01
7.779178840882557955e-01
7.946372097513665356e-01
7.383686639072323254e-01
7.808597226188688234e-01
7.478101765664163514e-01
7.761602964232376944e-01
7.783971076223398233e-01
7.777371543481305105e-01
7.727395202018854103e-01
7.459105984661716926e-01
7.826263630717777975e-01
7.810841970933768419e-01
7.932156514715390516e-01
7.771674995123765139e-01
7.501014524121886184e-01
7.641054465738691404e-01
7.894246637384989551e-01
7.873574597473860237e-01
7.137125232221387394e-01
7.075264107358930632e-01
7.817741280274284055e-01
7.017054155338224852e-01
7.695126753084438054e-01
7.855419800524656715e-01
7.811656843935527172e-01
6.672198775699876849e-01
7.782958943997041468e-01
7.478419027077266579e-01
7.692987966584350357e-01
7.225004658254908785e-01
7.813081129143113479e-01
7.816983882322749988e-01
7.627047897000263088e-01
7.796123274353021770e-01
7.359455377986907632e-01
7.304065025500647845e-01
7.916426992473941660e-01
7.510669723723492064e-01
7.979037032281771635e-01
7.481547278679964164e-01
7.624215127556758231e-01
7.809257298492702226e-01
7.787546710567604391e-01
7.014434847529207318e-01
7.677439779248425022e-01
7.861778108050374581e-01
