9.993554096668811892e-01
1.000000000000000000e+00
1.000000000000000000e+00
2.060194568625044742e-01
1.000000000000000000e+00
9.999999985333065666e-01
1.000000000000000000e+00
1.225338197247713250e-02
9.299665254185072172e-01
9.999999999999997780e-01
1.000000000000000000e+00
6.601243010114021443e-08
1.000000000000000000e+00
1.372413263074184764e-01
9.999999994830679473e-01
4.009949397434177939e-06
9.999999999999942268e-01
9.999972464097036662e-01
1.000000000000000000e+00
4.033615417914391689e-06
9.999999999997433164e-01
9.999999999816864271e-01
1.762022476470770415e-03
9.999999999999997780e-01
9.999999999999955591e-01
1.000000000000000000e+00
9.999999999999997780e-01
9.999205444545573584e-01
9.999999999917805749e-01
2.814859685873547478e-03
9.999999971663287024e-01
1.000000000000000000e+00
9.087558256559725711e-01
4.362335709898552127e-01
9.999996326883547892e-01
1.000000000000000000e+00
9.999999999999997780e-01
9.999998004522315798e-01
7.878869810435329413e-01
4.903963867509583130e-01
1.357575788043968213e-04
9.998320626916972209e-01
3.357188812853453830e-01
1.523262886651419734e-01
4.800115388296490038e-02
4.712382104326156562e-01
8.611174089318588409e-01
9.999999999999835687e-01
9.999999999999888978e-01
1.000000000000000000e+00
3.737360306552505937e-03
1.000000000000000000e+00
2.043949061830928327e-06
6.069008061762338757e-01
5.612674235204179185e-01
7.400585947623777860e-01
9.999923926256941709e-01
9.662309200441406010e-02
9.999999999999904521e-01
1.000000000000000000e+00
9.999999999999997780e-01
4.867197253847792367e-07
9.999999999999997780e-01
9.999999999999997780e-01
