1.000000000000000000e+00
2.591893133635981283e-01
1.000000000000000000e+00
1.000000000000000000e+00
6.473831099527844746e-01
4.795339876941269920e-26
1.000000000000000000e+00
1.000000000000000000e+00
9.999999999199131739e-01
9.999999992869204046e-01
1.000000000000000000e+00
7.567929869688386768e-01
1.000000000000000000e+00
1.000000000000000000e+00
1.000000000000000000e+00
1.865709797615376919e-01
6.473236125868042645e-01
1.000000000000000000e+00
9.999953850318186177e-01
1.000000000000000000e+00
6.207256637143073741e-01
1.000000000000000000e+00
3.098149840631279212e-02
1.000000000000000000e+00
5.338805638691219990e-04
1.582508980683316076e-22
9.999999999541977491e-01
1.000000000000000000e+00
9.077358099807160130e-01
1.000000000000000000e+00
1.000000000000000000e+00
7.597555178266136577e-01
9.619435158866336266e-01
9.999999999998314681e-01
4.201685602422455869e-08
9.999999838071280678e-01
1.000000000000000000e+00
1.000000000000000000e+00
1.000000000000000000e+00
1.000000000000000000e+00
9.999999999999966693e-01
1.000000000000000000e+00
1.000000000000000000e+00
9.999999999999993339e-01
1.000000000000000000e+00
9.997340147921970344e-01
2.423004086545244018e-01
2.294236398362557716e-02
9.999999999998956390e-01
1.000000000000000000e+00
1.000000000000000000e+00
1.203130370406037264e-01
9.999903279575174109e-01
1.000000000000000000e+00
6.473236131879460675e-01
1.000000000000000000e+00
1.000000000000000000e+00
1.000000000000000000e+00
1.000000000000000000e+00
6.469772842103229874e-09
1.000000000000000000e+00
8.712195010682174390e-01
4.701720199779820253e-01
1.000000000000000000e+00
