4.270609680589470929e-03
1.000000000000000000e+00
1.000000000000000000e+00
3.327144989104899596e-08
1.000000000000000000e+00
9.999964390853349760e-01
1.000000000000000000e+00
9.998775845444163313e-01
3.911817185696087301e-05
9.860105605248591365e-01
9.392185295378256667e-13
2.505414833266170552e-02
1.000000000000000000e+00
3.326760363237126622e-02
3.183528330491663394e-01
4.642162699499690071e-01
6.166431646586292836e-02
9.958459730824477107e-01
1.386698618984473680e-05
8.511237355256979857e-07
1.000000000000000000e+00
1.000000000000000000e+00
9.999983585811254017e-01
1.000000000000000000e+00
1.000000000000000000e+00
1.000000000000000000e+00
8.988440909583261459e-03
9.895085711907656290e-01
1.000000000000000000e+00
5.870166481275741883e-11
1.000000000000000000e+00
1.000000000000000000e+00
6.238771499396116167e-06
8.860932378796804870e-03
1.000000000000000000e+00
1.000000000000000000e+00
9.954364184477318966e-01
9.468503497720782702e-01
6.565880813946906036e-01
2.000913620867521453e-10
1.000000000000000000e+00
8.708878610020972522e-01
9.350208058005285405e-24
1.991575150004213507e-02
9.999958627731877492e-01
9.999985744996920944e-01
9.999949787858997130e-01
4.726831874297296286e-06
9.999466554494529369e-01
1.000000000000000000e+00
1.000000000000000000e+00
9.967836315706364303e-01
9.290974745318710815e-01
9.674869896254064830e-13
9.999999999801756356e-01
9.999888907955144512e-01
1.000000000000000000e+00
9.498015736549553223e-01
3.587805567954995868e-03
9.742137203034270437e-05
1.000000000000000000e+00
1.387628531371589989e-08
9.882315190060255716e-01
1.000000000000000000e+00
