1.000000000000000000e+00
9.971966575586040937e-01
9.999999999998698819e-01
2.997956897892224844e-04
1.657773086684329988e-04
5.527829441518924969e-02
1.000000000000000000e+00
1.000000000000000000e+00
1.921706561599107604e-02
9.999999919761440870e-01
1.000000000000000000e+00
9.995270668213267484e-01
2.219692456405839356e-02
1.000000000000000000e+00
1.000000000000000000e+00
1.000000000000000000e+00
4.776955666457525769e-05
1.000000000000000000e+00
1.000000000000000000e+00
1.090846391666713995e-02
1.000000000000000000e+00
1.000000000000000000e+00
1.000000000000000000e+00
7.968134051383263727e-05
9.884444533645143638e-01
1.000000000000000000e+00
9.999991991559705751e-01
1.000000000000000000e+00
1.000000000000000000e+00
1.000000000000000000e+00
1.000000000000000000e+00
1.000000000000000000e+00
1.000000000000000000e+00
1.000000000000000000e+00
3.036442670075105710e-01
4.946840756449677294e-04
1.000000000000000000e+00
1.000000000000000000e+00
4.043571730099611294e-02
1.000000000000000000e+00
1.000000000000000000e+00
4.050039951026588314e-01
2.672447388069695284e-01
9.999995944721692398e-01
9.999999999999922284e-01
9.997613558704607772e-01
3.766914773248375165e-03
1.000000000000000000e+00
9.981460344411393626e-01
1.757903481821722000e-02
8.677780160515852414e-08
1.000000000000000000e+00
1.000000000000000000e+00
1.000000000000000000e+00
2.482736030769167982e-08
4.036221325811891747e-01
9.999792894388119802e-01
9.999999999999562572e-01
1.000000000000000000e+00
8.236550146254799643e-01
1.000000000000000000e+00
1.000000000000000000e+00
9.540090663353922862e-01
2.363116824712463426e-01
