3.035942498147620087e-23
1.311168682201095397e-10
9.999999999999977796e-01
1.000000000000000000e+00
2.683374664819645033e-12
1.000000000000000000e+00
1.000000000000000000e+00
9.893300260642199306e-24
1.000000000000000000e+00
4.161983156325034956e-26
9.981459531768211990e-01
1.000000000000000000e+00
1.000000000000000000e+00
5.165342338329540134e-18
1.000000000000000000e+00
1.000000000000000000e+00
1.000000000000000000e+00
1.000000000000000000e+00
1.000000000000000000e+00
1.000000000000000000e+00
1.000000000000000000e+00
1.000000000000000000e+00
2.387450229951302025e-12
1.000000000000000000e+00
1.000000000000000000e+00
9.999778178094059777e-01
1.000000000000000000e+00
3.592515625123458143e-13
1.000000000000000000e+00
3.683880301165554339e-19
1.000000000000000000e+00
1.000000000000000000e+00
5.983663659089170489e-14
1.000000000000000000e+00
1.000000000000000000e+00
1.679363805473671135e-18
1.000000000000000000e+00
1.000000000000000000e+00
2.676757366753190720e-15
1.000000000000000000e+00
1.000000000000000000e+00
1.000000000000000000e+00
1.000000000000000000e+00
5.874713824499739881e-27
1.000000000000000000e+00
1.129249184199417471e-26
1.000000000000000000e+00
2.563131910458255301e-28
1.000000000000000000e+00
9.241723777217227603e-23
1.000000000000000000e+00
1.000000000000000000e+00
1.000000000000000000e+00
9.999999999997650768e-01
1.839711942975309008e-25
1.000000000000000000e+00
9.999999999985442756e-01
1.000000000000000000e+00
1.487357781883957330e-18
9.999999999999691358e-01
6.912468904292778048e-11
1.000000000000000000e+00
2.186927699722558942e-03
8.020437740032328006e-10
