1.576683968550300404e-10
1.000000000000000000e+00
1.000000000000000000e+00
1.000000000000000000e+00
9.999949059884630786e-01
1.000000000000000000e+00
1.000000000000000000e+00
1.646745079435147719e-03
1.000000000000000000e+00
1.000000000000000000e+00
1.000000000000000000e+00
1.000000000000000000e+00
1.000000000000000000e+00
1.000000000000000000e+00
1.000000000000000000e+00
4.621019860182751690e-19
1.000000000000000000e+00
1.000000000000000000e+00
4.703437585327849217e-23
1.000000000000000000e+00
1.000000000000000000e+00
3.090519674888301260e-01
1.000000000000000000e+00
4.699991998786429531e-41
2.901539316867125717e-39
1.000000000000000000e+00
4.082459629116018917e-37
1.000000000000000000e+00
1.000000000000000000e+00
1.000000000000000000e+00
1.000000000000000000e+00
1.000000000000000000e+00
7.800623226400899114e-10
1.000000000000000000e+00
5.752308496592483449e-37
1.000000000000000000e+00
9.404567504743685766e-41
1.666404464108883399e-15
1.000000000000000000e+00
1.000000000000000000e+00
1.250914438178362346e-30
1.000000000000000000e+00
1.000000000000000000e+00
1.000000000000000000e+00
1.000000000000000000e+00
1.000000000000000000e+00
1.000000000000000000e+00
1.000000000000000000e+00
1.000000000000000000e+00
1.000000000000000000e+00
5.279000078710934797e-26
1.825683847617185364e-39
1.000000000000000000e+00
1.000000000000000000e+00
1.000000000000000000e+00
1.000000000000000000e+00
1.000000000000000000e+00
6.901203835811076897e-27
1.391145382214330433e-38
1.000000000000000000e+00
1.000000000000000000e+00
1.000000000000000000e+00
1.000000000000000000e+00
1.000000000000000000e+00
