9.999999999999948930e-01
9.999999999999997780e-01
1.000000000000000000e+00
9.999999999999096278e-01
9.999999999995379252e-01
9.999999999964153119e-01
9.999999999999267253e-01
9.999999999995223821e-01
9.999999263715716458e-01
9.999999999999571454e-01
1.000000000000000000e+00
9.999646947566092070e-01
1.000000000000000000e+00
9.999999951611540094e-01
1.000000000000000000e+00
1.000000000000000000e+00
9.999999999999344968e-01
2.433963696431582779e-01
9.999535433120957384e-01
9.999999999999984457e-01
1.000000000000000000e+00
1.000000000000000000e+00
1.000000000000000000e+00
9.999999999999984457e-01
9.999999999999997780e-01
9.999999999996500577e-01
9.989376814592000331e-01
9.999999999992594812e-01
9.999999999999360512e-01
9.999999979827902674e-01
9.999999999999267253e-01
1.000000000000000000e+00
9.999999999989550581e-01
1.000000000000000000e+00
1.000000000000000000e+00
1.000000000000000000e+00
1.000000000000000000e+00
1.000000000000000000e+00
1.000000000000000000e+00
1.000000000000000000e+00
9.999999999998516742e-01
1.000000000000000000e+00
9.999207446945460598e-01
9.886274403114754250e-01
1.000000000000000000e+00
9.999999999999960032e-01
9.999999999862567712e-01
1.000000000000000000e+00
9.999999999999993339e-01
1.000000000000000000e+00
1.000000000000000000e+00
9.999999841308817583e-01
1.000000000000000000e+00
1.000000000000000000e+00
1.000000000000000000e+00
1.263344345299290405e-01
1.000000000000000000e+00
1.000000000000000000e+00
9.999999999999984457e-01
1.000000000000000000e+00
8.091990258254317947e-01
9.999999999999988898e-01
9.996698009664962692e-01
9.999999999992639221e-01
