1.000000000000000000e+00
1.000000000000000000e+00
1.000000000000000000e+00
9.202013602474619081e-01
9.995198524040391774e-01
9.999992261577701491e-01
1.000000000000000000e+00
1.000000000000000000e+00
1.000000000000000000e+00
9.722872147953691641e-04
1.000000000000000000e+00
1.000000000000000000e+00
1.000000000000000000e+00
9.999989395388405589e-01
1.000000000000000000e+00
9.999996356924524266e-01
1.732819394419565488e-05
5.336451569505955561e-01
1.000000000000000000e+00
1.773188094479546950e-02
1.000000000000000000e+00
9.837209566284145848e-03
1.000000000000000000e+00
6.896903601056233457e-01
1.000000000000000000e+00
1.026331239910168063e-05
1.000000000000000000e+00
9.998553555195910381e-01
2.464208502699612446e-01
9.684687342429542101e-01
1.000000000000000000e+00
1.352751404936779721e-02
3.633568194040923682e-01
1.000000000000000000e+00
1.000000000000000000e+00
1.625468470373140906e-01
1.000000000000000000e+00
1.000000000000000000e+00
1.000000000000000000e+00
1.000000000000000000e+00
1.000000000000000000e+00
1.000000000000000000e+00
5.561270499975882187e-01
7.685723078591081281e-01
1.000000000000000000e+00
7.246696502246550292e-03
1.000000000000000000e+00
9.999999999999937828e-01
4.209417353972287335e-01
1.000000000000000000e+00
1.000000000000000000e+00
4.471341855051295055e-05
1.000000000000000000e+00
1.000000000000000000e+00
1.000000000000000000e+00
2.065786784170635937e-01
1.173893586454380702e-02
9.771860865170364230e-01
1.000000000000000000e+00
1.000000000000000000e+00
1.000000000000000000e+00
4.972054122834010936e-01
1.358854406458550916e-05
9.850626750060093029e-01
9.999386869502738806e-01
2.228603966380653893e-03
1.000000000000000000e+00
9.307590106122055058e-11
1.000000000000000000e+00
4.282784008814406046e-02
1.817665811797715273e-16
1.000000000000000000e+00
1.425987583562393808e-02
1.000000000000000000e+00
1.000000000000000000e+00
3.994295643079706082e-01
1.000000000000000000e+00
1.000000000000000000e+00
1.000000000000000000e+00
9.355373366162449411e-01
1.000000000000000000e+00
2.727332051455082460e-05
9.999944360755772532e-01
1.000000000000000000e+00
1.000000000000000000e+00
1.000000000000000000e+00
2.628948022299719551e-11
5.632234681150571909e-01
1.000000000000000000e+00
1.000000000000000000e+00
9.999999908578484087e-01
1.734344616584201958e-03
5.774638260263128397e-23
1.000000000000000000e+00
2.446002555132152645e-02
1.408997946977247617e-01
9.995045192499562026e-01
1.000000000000000000e+00
1.318250549573868596e-03
4.544228069850802208e-04
9.875898899068019654e-01
1.000000000000000000e+00
7.323368211364479630e-02
6.735656497821285139e-05
2.848955821462096800e-24
8.586808428929570969e-01
1.000000000000000000e+00
1.171437938192178025e-03
1.000000000000000000e+00
1.000000000000000000e+00
5.332444195754678651e-01
1.000000000000000000e+00
1.000000000000000000e+00
1.000000000000000000e+00
5.958064158960486162e-02
1.000000000000000000e+00
1.000000000000000000e+00
1.359042189292000193e-02
1.000000000000000000e+00
9.999761282577266375e-01
1.991405358653226820e-02
9.947656768646352399e-01
2.198771122942263234e-01
5.471749967808347929e-03
1.000000000000000000e+00
1.000000000000000000e+00
5.982688355039295081e-02
1.000000000000000000e+00
7.483587871660390967e-01
7.747542624192940153e-01
7.817705076197928316e-01
7.864437195030996586e-01
7.441900741253796303e-01
7.178497912371089029e-01
7.063515010022390905e-01
7.586062364170896855e-01
7.775233995357340167e-01
7.884581736479470138e-01
7.690403266883011346e-01
7.598845687787914027e-01
7.564378909523662431e-01
7.771179517012659632e-01
6.884363895689548096e-01
7.716229616277877623e-01
7.576589008579016626e-01
7.825054333719271282e-01
7.779178840882557955e-01
7.946372097513665356e-01
7.383686639072323254e-01
7.808597226188688234e-01
7.478101765664163514e-01
7.761602964232376944e-01
7.783971076223398233e-01
7.777371543481305105e-01
7.727395202018854103e-01
7.459105984661716926e-01
7.826263630717777975e-01
7.810841970933768419e-01
7.932156514715390516e-01
7.771674995123765139e-01
7.501014524121886184e-01
7.641054465738691404e-01
7.894246637384989551e-01
7.873574597473860237e-01
7.137125232221387394e-01
7.075264107358930632e-01
7.817741280274284055e-01
7.017054155338224852e-01
7.695126753084438054e-01
7.855419800524656715e-01
7.811656843935527172e-01
6.672198775699876849e-01
7.782958943997041468e-01
7.478419027077266579e-01
7.692987966584350357e-01
7.225004658254908785e-01
7.813081129143113479e-01
7.816983882322749988e-01
7.627047897000263088e-01
7.796123274353021770e-01
7.359455377986907632e-01
7.304065025500647845e-01
7.916426992473941660e-01
7.510669723723492064e-01
7.979037032281771635e-01
7.481547278679964164e-01
7.624215127556758231e-01
7.809257298492702226e-01
7.787546710567604391e-01
7.014434847529207318e-01
7.677439779248425022e-01
7.861778108050374581e-01
9.993554096668811892e-01
1.000000000000000000e+00
1.000000000000000000e+00
2.060194568625044742e-01
1.000000000000000000e+00
9.999999985333065666e-01
1.000000000000000000e+00
1.225338197247713250e-02
9.299665254185072172e-01
9.999999999999997780e-01
1.000000000000000000e+00
6.601243010114021443e-08
1.000000000000000000e+00
1.372413263074184764e-01
9.999999994830679473e-01
4.009949397434177939e-06
9.999999999999942268e-01
9.999972464097036662e-01
1.000000000000000000e+00
4.033615417914391689e-06
9.999999999997433164e-01
9.999999999816864271e-01
1.762022476470770415e-03
9.999999999999997780e-01
9.999999999999955591e-01
1.000000000000000000e+00
9.999999999999997780e-01
9.999205444545573584e-01
9.999999999917805749e-01
2.814859685873547478e-03
9.999999971663287024e-01
1.000000000000000000e+00
9.087558256559725711e-01
4.362335709898552127e-01
9.999996326883547892e-01
1.000000000000000000e+00
9.999999999999997780e-01
9.999998004522315798e-01
7.878869810435329413e-01
4.903963867509583130e-01
1.357575788043968213e-04
9.998320626916972209e-01
3.357188812853453830e-01
1.523262886651419734e-01
4.800115388296490038e-02
4.712382104326156562e-01
8.611174089318588409e-01
9.999999999999835687e-01
9.999999999999888978e-01
1.000000000000000000e+00
3.737360306552505937e-03
1.000000000000000000e+00
2.043949061830928327e-06
6.069008061762338757e-01
5.612674235204179185e-01
7.400585947623777860e-01
9.999923926256941709e-01
9.662309200441406010e-02
9.999999999999904521e-01
1.000000000000000000e+00
9.999999999999997780e-01
4.867197253847792367e-07
9.999999999999997780e-01
9.999999999999997780e-01
1.000000000000000000e+00
2.591893133635981283e-01
1.000000000000000000e+00
1.000000000000000000e+00
6.473831099527844746e-01
4.795339876941269920e-26
1.000000000000000000e+00
1.000000000000000000e+00
9.999999999199131739e-01
9.999999992869204046e-01
1.000000000000000000e+00
7.567929869688386768e-01
1.000000000000000000e+00
1.000000000000000000e+00
1.000000000000000000e+00
1.865709797615376919e-01
6.473236125868042645e-01
1.000000000000000000e+00
9.999953850318186177e-01
1.000000000000000000e+00
6.207256637143073741e-01
1.000000000000000000e+00
3.098149840631279212e-02
1.000000000000000000e+00
5.338805638691219990e-04
1.582508980683316076e-22
9.999999999541977491e-01
1.000000000000000000e+00
9.077358099807160130e-01
1.000000000000000000e+00
1.000000000000000000e+00
7.597555178266136577e-01
9.619435158866336266e-01
9.999999999998314681e-01
4.201685602422455869e-08
9.999999838071280678e-01
1.000000000000000000e+00
1.000000000000000000e+00
1.000000000000000000e+00
1.000000000000000000e+00
9.999999999999966693e-01
1.000000000000000000e+00
1.000000000000000000e+00
9.999999999999993339e-01
1.000000000000000000e+00
9.997340147921970344e-01
2.423004086545244018e-01
2.294236398362557716e-02
9.999999999998956390e-01
1.000000000000000000e+00
1.000000000000000000e+00
1.203130370406037264e-01
9.999903279575174109e-01
1.000000000000000000e+00
6.473236131879460675e-01
1.000000000000000000e+00
1.000000000000000000e+00
1.000000000000000000e+00
1.000000000000000000e+00
6.469772842103229874e-09
1.000000000000000000e+00
8.712195010682174390e-01
4.701720199779820253e-01
1.000000000000000000e+00
4.270609680589470929e-03
1.000000000000000000e+00
1.000000000000000000e+00
3.327144989104899596e-08
1.000000000000000000e+00
9.999964390853349760e-01
1.000000000000000000e+00
9.998775845444163313e-01
3.911817185696087301e-05
9.860105605248591365e-01
9.392185295378256667e-13
2.505414833266170552e-02
1.000000000000000000e+00
3.326760363237126622e-02
3.183528330491663394e-01
4.642162699499690071e-01
6.166431646586292836e-02
9.958459730824477107e-01
1.386698618984473680e-05
8.511237355256979857e-07
1.000000000000000000e+00
1.000000000000000000e+00
9.999983585811254017e-01
1.000000000000000000e+00
1.000000000000000000e+00
1.000000000000000000e+00
8.988440909583261459e-03
9.895085711907656290e-01
1.000000000000000000e+00
5.870166481275741883e-11
1.000000000000000000e+00
1.000000000000000000e+00
6.238771499396116167e-06
8.860932378796804870e-03
1.000000000000000000e+00
1.000000000000000000e+00
9.954364184477318966e-01
9.468503497720782702e-01
6.565880813946906036e-01
2.000913620867521453e-10
1.000000000000000000e+00
8.708878610020972522e-01
9.350208058005285405e-24
1.991575150004213507e-02
9.999958627731877492e-01
9.999985744996920944e-01
9.999949787858997130e-01
4.726831874297296286e-06
9.999466554494529369e-01
1.000000000000000000e+00
1.000000000000000000e+00
9.967836315706364303e-01
9.290974745318710815e-01
9.674869896254064830e-13
9.999999999801756356e-01
9.999888907955144512e-01
1.000000000000000000e+00
9.498015736549553223e-01
3.587805567954995868e-03
9.742137203034270437e-05
1.000000000000000000e+00
1.387628531371589989e-08
9.882315190060255716e-01
1.000000000000000000e+00
1.000000000000000000e+00
9.971966575586040937e-01
9.999999999998698819e-01
2.997956897892224844e-04
1.657773086684329988e-04
5.527829441518924969e-02
1.000000000000000000e+00
1.000000000000000000e+00
1.921706561599107604e-02
9.999999919761440870e-01
1.000000000000000000e+00
9.995270668213267484e-01
2.219692456405839356e-02
1.000000000000000000e+00
1.000000000000000000e+00
1.000000000000000000e+00
4.776955666457525769e-05
1.000000000000000000e+00
1.000000000000000000e+00
1.090846391666713995e-02
1.000000000000000000e+00
1.000000000000000000e+00
1.000000000000000000e+00
7.968134051383263727e-05
9.884444533645143638e-01
1.000000000000000000e+00
9.999991991559705751e-01
1.000000000000000000e+00
1.000000000000000000e+00
1.000000000000000000e+00
1.000000000000000000e+00
1.000000000000000000e+00
1.000000000000000000e+00
1.000000000000000000e+00
3.036442670075105710e-01
4.946840756449677294e-04
1.000000000000000000e+00
1.000000000000000000e+00
4.043571730099611294e-02
1.000000000000000000e+00
1.000000000000000000e+00
4.050039951026588314e-01
2.672447388069695284e-01
9.999995944721692398e-01
9.999999999999922284e-01
9.997613558704607772e-01
3.766914773248375165e-03
1.000000000000000000e+00
9.981460344411393626e-01
1.757903481821722000e-02
8.677780160515852414e-08
1.000000000000000000e+00
1.000000000000000000e+00
1.000000000000000000e+00
2.482736030769167982e-08
4.036221325811891747e-01
9.999792894388119802e-01
9.999999999999562572e-01
1.000000000000000000e+00
8.236550146254799643e-01
1.000000000000000000e+00
1.000000000000000000e+00
9.540090663353922862e-01
2.363116824712463426e-01
3.035942498147620087e-23
1.311168682201095397e-10
9.999999999999977796e-01
1.000000000000000000e+00
2.683374664819645033e-12
1.000000000000000000e+00
1.000000000000000000e+00
9.893300260642199306e-24
1.000000000000000000e+00
4.161983156325034956e-26
9.981459531768211990e-01
1.000000000000000000e+00
1.000000000000000000e+00
5.165342338329540134e-18
1.000000000000000000e+00
1.000000000000000000e+00
1.000000000000000000e+00
1.000000000000000000e+00
1.000000000000000000e+00
1.000000000000000000e+00
1.000000000000000000e+00
1.000000000000000000e+00
2.387450229951302025e-12
1.000000000000000000e+00
1.000000000000000000e+00
9.999778178094059777e-01
1.000000000000000000e+00
3.592515625123458143e-13
1.000000000000000000e+00
3.683880301165554339e-19
1.000000000000000000e+00
1.000000000000000000e+00
5.983663659089170489e-14
1.000000000000000000e+00
1.000000000000000000e+00
1.679363805473671135e-18
1.000000000000000000e+00
1.000000000000000000e+00
2.676757366753190720e-15
1.000000000000000000e+00
1.000000000000000000e+00
1.000000000000000000e+00
1.000000000000000000e+00
5.874713824499739881e-27
1.000000000000000000e+00
1.129249184199417471e-26
1.000000000000000000e+00
2.563131910458255301e-28
1.000000000000000000e+00
9.241723777217227603e-23
1.000000000000000000e+00
1.000000000000000000e+00
1.000000000000000000e+00
9.999999999997650768e-01
1.839711942975309008e-25
1.000000000000000000e+00
9.999999999985442756e-01
1.000000000000000000e+00
1.487357781883957330e-18
9.999999999999691358e-01
6.912468904292778048e-11
1.000000000000000000e+00
2.186927699722558942e-03
8.020437740032328006e-10
1.576683968550300404e-10
1.000000000000000000e+00
1.000000000000000000e+00
1.000000000000000000e+00
9.999949059884630786e-01
1.000000000000000000e+00
1.000000000000000000e+00
1.646745079435147719e-03
1.000000000000000000e+00
1.000000000000000000e+00
1.000000000000000000e+00
1.000000000000000000e+00
1.000000000000000000e+00
1.000000000000000000e+00
1.000000000000000000e+00
4.621019860182751690e-19
1.000000000000000000e+00
1.000000000000000000e+00
4.703437585327849217e-23
1.000000000000000000e+00
1.000000000000000000e+00
3.090519674888301260e-01
1.000000000000000000e+00
4.699991998786429531e-41
2.901539316867125717e-39
1.000000000000000000e+00
4.082459629116018917e-37
1.000000000000000000e+00
1.000000000000000000e+00
1.000000000000000000e+00
1.000000000000000000e+00
1.000000000000000000e+00
7.800623226400899114e-10
1.000000000000000000e+00
5.752308496592483449e-37
1.000000000000000000e+00
9.404567504743685766e-41
1.666404464108883399e-15
1.000000000000000000e+00
1.000000000000000000e+00
1.250914438178362346e-30
1.000000000000000000e+00
1.000000000000000000e+00
1.000000000000000000e+00
1.000000000000000000e+00
1.000000000000000000e+00
1.000000000000000000e+00
1.000000000000000000e+00
1.000000000000000000e+00
1.000000000000000000e+00
5.279000078710934797e-26
1.825683847617185364e-39
1.000000000000000000e+00
1.000000000000000000e+00
1.000000000000000000e+00
1.000000000000000000e+00
1.000000000000000000e+00
6.901203835811076897e-27
1.391145382214330433e-38
1.000000000000000000e+00
1.000000000000000000e+00
1.000000000000000000e+00
1.000000000000000000e+00
1.000000000000000000e+00
9.999999999999948930e-01
9.999999999999997780e-01
1.000000000000000000e+00
9.999999999999096278e-01
9.999999999995379252e-01
9.999999999964153119e-01
9.999999999999267253e-01
9.999999999995223821e-01
9.999999263715716458e-01
9.999999999999571454e-01
1.000000000000000000e+00
9.999646947566092070e-01
1.000000000000000000e+00
9.999999951611540094e-01
1.000000000000000000e+00
1.000000000000000000e+00
9.999999999999344968e-01
2.433963696431582779e-01
9.999535433120957384e-01
9.999999999999984457e-01
1.000000000000000000e+00
1.000000000000000000e+00
1.000000000000000000e+00
9.999999999999984457e-01
9.999999999999997780e-01
9.999999999996500577e-01
9.989376814592000331e-01
9.999999999992594812e-01
9.999999999999360512e-01
9.999999979827902674e-01
9.999999999999267253e-01
1.000000000000000000e+00
9.999999999989550581e-01
1.000000000000000000e+00
1.000000000000000000e+00
1.000000000000000000e+00
1.000000000000000000e+00
1.000000000000000000e+00
1.000000000000000000e+00
1.000000000000000000e+00
9.999999999998516742e-01
1.000000000000000000e+00
9.999207446945460598e-01
9.886274403114754250e-01
1.000000000000000000e+00
9.999999999999960032e-01
9.999999999862567712e-01
1.000000000000000000e+00
9.999999999999993339e-01
1.000000000000000000e+00
1.000000000000000000e+00
9.999999841308817583e-01
1.000000000000000000e+00
1.000000000000000000e+00
1.000000000000000000e+00
1.263344345299290405e-01
1.000000000000000000e+00
1.000000000000000000e+00
9.999999999999984457e-01
1.000000000000000000e+00
8.091990258254317947e-01
9.999999999999988898e-01
9.996698009664962692e-01
9.999999999992639221e-01
