5.639867932193289857e-01
5.474051789552304426e-01
5.493219064040540944e-01
6.946858606637731359e-01
5.525664231830899054e-01
5.513762889279930635e-01
5.461210211238443080e-01
5.510006048385163169e-01
5.543249717262239695e-01
5.530306153275731385e-01
6.828357332080484676e-01
5.472719371446908010e-01
6.519737065939329446e-01
5.865495236223012832e-01
5.838383484512196242e-01
6.130446355371759193e-01
5.874485556354308580e-01
5.518455004370860228e-01
6.676400486515674526e-01
6.807099282968842591e-01
5.437093592247614904e-01
5.493013943307669678e-01
5.642790988653028084e-01
5.442939127423929158e-01
5.537533750088099449e-01
5.574634895280551339e-01
5.995218599953623384e-01
5.428707677424388089e-01
5.511746300068216531e-01
7.197574575391595397e-01
5.529468146927911665e-01
6.048608920492321017e-01
5.519173484924059236e-01
5.501708173519049838e-01
5.885380820029599835e-01
5.682586585538386137e-01
5.534701094792491283e-01
5.428842762120447141e-01
6.361569249971935625e-01
7.141011830869588017e-01
5.687222795841133660e-01
5.515083620986015456e-01
6.615079064378452944e-01
6.540108398339513629e-01
5.454605806345753649e-01
5.478474108384334684e-01
5.709054651087730470e-01
7.472357883836843184e-01
6.455210329147491599e-01
5.489711922369777675e-01
5.600681052433310603e-01
5.523994974370399769e-01
6.198794969175404068e-01
5.780062382742364724e-01
5.402783605700597347e-01
5.478218639268270795e-01
5.526839773736714756e-01
5.575960595103959250e-01
5.501150350057272265e-01
5.414748045538312349e-01
5.649300746481592528e-01
7.150829033556712622e-01
5.567556851607028401e-01
5.614069476053998864e-01
