5.879316510350662828e-01
6.679552916438082910e-01
5.464071749422119151e-01
5.438788804146150735e-01
5.485598339465508344e-01
5.499649992785426988e-01
5.462814143238334808e-01
6.054288883543449407e-01
5.459070803248176063e-01
5.530616598772445380e-01
5.457449546412973529e-01
6.451649522605916731e-01
5.428508500166351336e-01
5.448685442417395830e-01
5.401993082093847764e-01
5.473777056388529072e-01
5.472200746181772324e-01
5.542255870020578179e-01
5.932471875146355655e-01
5.455955602843556296e-01
5.499650033269647409e-01
5.482189635225114266e-01
5.436263129308587239e-01
7.066500244222649885e-01
5.498231039544805299e-01
5.488154243254836917e-01
6.173220918847195371e-01
5.553962152914125872e-01
5.552086835163407841e-01
5.714431025302814104e-01
6.071372781096788795e-01
5.461082760707559602e-01
7.018162092744176794e-01
7.115462021836636008e-01
5.468946809792999408e-01
5.482218009412688220e-01
5.544530908530479474e-01
6.122229040846153270e-01
5.378261230447269892e-01
5.503367977851361115e-01
5.843993563819607218e-01
7.210829405740888376e-01
5.487282648235051186e-01
5.629914388105317080e-01
5.563329784707081727e-01
6.984415697611894291e-01
6.342506020474195649e-01
5.520865808683587117e-01
5.476152081999736687e-01
6.978328247524586692e-01
6.549212026936844788e-01
5.498716961471372677e-01
6.856650148812734047e-01
5.501723760675263364e-01
5.562571446566523248e-01
6.866667357873877942e-01
5.461234407024601056e-01
5.493148571731570895e-01
5.458080473844195701e-01
5.483261908683897401e-01
5.603611357177384900e-01
5.472673024104879325e-01
5.458073012712542083e-01
5.548264914234727341e-01
