5.448513161399053395e-01
5.486887121985681848e-01
5.378283201935745161e-01
6.252004123958890824e-01
5.573333687379379286e-01
5.455043286851841700e-01
5.503968856445420332e-01
5.417953456003221646e-01
5.414593024659151155e-01
5.474412708626612556e-01
5.808531463462018873e-01
5.941778457990233298e-01
5.454523447372663369e-01
5.472084347795511672e-01
5.455043286851841700e-01
5.660135490265735259e-01
5.900791882562315127e-01
5.428470839945073179e-01
5.483573487655105660e-01
7.203564792693174512e-01
5.467542092764262618e-01
5.553753619871362179e-01
5.446052485168113577e-01
5.369009814782734757e-01
5.448511019005741751e-01
5.454388589402182630e-01
5.416429118252023001e-01
6.225985718013071768e-01
5.309059053380855708e-01
6.015574677574641038e-01
7.469986616483965669e-01
5.503428663977684154e-01
5.322263354866686447e-01
5.495162663300048322e-01
7.059415836774399766e-01
7.195795550207328972e-01
6.159731363442869645e-01
6.233951358767326756e-01
7.126946107346057158e-01
5.455042430877447002e-01
5.548459334886293171e-01
5.452485062201039012e-01
5.956247226784752158e-01
5.474502824750833163e-01
5.462910807894791887e-01
5.459541650439766469e-01
5.416187412587379901e-01
5.457734300703707131e-01
5.545847849273581875e-01
5.959332086412857388e-01
5.649448644616557047e-01
5.602535937022383727e-01
5.458573637272193801e-01
5.460268037583608791e-01
7.513581597183114358e-01
5.691100208383021997e-01
7.256850711271456422e-01
5.470311973850019438e-01
5.570177445409090211e-01
6.021043788142969033e-01
6.983859420722562383e-01
5.446867502531655969e-01
5.430927421264937216e-01
6.475781259098761788e-01
