6.992459768984261581e-01
5.526454530152289379e-01
5.528499587974831098e-01
7.089031368091028851e-01
5.441029786590784179e-01
5.503740628990674288e-01
5.566972479374461269e-01
6.467860188918268527e-01
5.478714751714121034e-01
5.468141216341861899e-01
5.599417664331373112e-01
5.732703877286480232e-01
5.476330507255177116e-01
5.494180512564613705e-01
5.702157125819756756e-01
5.567165978923839242e-01
6.976757561017374876e-01
7.259293184557897849e-01
6.303567938095533396e-01
5.635249915410415200e-01
5.394587829910437726e-01
6.109158991965518704e-01
6.090810762902307829e-01
5.790904942602193017e-01
7.156785345230018969e-01
5.564779152078169755e-01
5.527085947437301305e-01
6.896822513720257675e-01
5.552180786172764559e-01
6.405968212062257416e-01
5.460611633614608218e-01
5.550125203953225617e-01
5.499894108238763124e-01
5.480957456669973693e-01
5.488986513759039898e-01
6.731214306665559421e-01
5.541902323770122596e-01
6.503231091980138379e-01
5.527070555603966762e-01
5.526454529464590593e-01
5.619247687878078379e-01
7.117101981663467303e-01
6.969921759020291097e-01
5.676638095244574966e-01
5.543055376632679554e-01
6.980840663649815481e-01
5.519201265315062388e-01
5.803534233498062189e-01
5.509283489275421664e-01
5.629997366069043885e-01
5.513639191783131777e-01
5.608873089245366428e-01
5.340740890256021611e-01
5.520661091336281912e-01
7.126551533421401352e-01
6.292221199694395528e-01
6.500798373696434762e-01
5.494963077691370490e-01
5.537790403493988434e-01
5.496507298085031579e-01
5.498171180159998617e-01
5.586227554496557834e-01
7.183491529452393776e-01
7.107027349297407870e-01
