5.504365875238182992e-01
5.427654521181515257e-01
5.366614704297023586e-01
5.851391585261856987e-01
5.266853690169354119e-01
5.197622692536302269e-01
7.411584818678557118e-01
5.357065321830694060e-01
5.450434903078895665e-01
6.964663840977739495e-01
5.397657587510054089e-01
7.439978248494217850e-01
5.404969704282720500e-01
5.452975791540941586e-01
6.861116412038246182e-01
5.386492323123491799e-01
7.270567418373917734e-01
7.291681360238432275e-01
5.343084137451393767e-01
5.398538097804460589e-01
6.845653044448629654e-01
5.397657586231513482e-01
5.252995804229434462e-01
6.913988269757632699e-01
5.365477489387197041e-01
5.462843310835706623e-01
5.397733941506513977e-01
5.401150531680857236e-01
5.417453710299103831e-01
5.394078814340778072e-01
6.064548244209136962e-01
7.295299024699555268e-01
5.503684197231626385e-01
6.431545500690643014e-01
5.859424446665115749e-01
7.124732202208756693e-01
5.310339275139150939e-01
5.987110825875237019e-01
5.367552694135931945e-01
5.714183803851713428e-01
7.215724102682528063e-01
5.789701617501500364e-01
6.826810619900656185e-01
5.400310347783872089e-01
5.667031264705806315e-01
5.956591805843797216e-01
6.861646437042435709e-01
6.469908513156887864e-01
5.396317072634977396e-01
5.752140359665208758e-01
5.784257199742441902e-01
5.366311757060223675e-01
5.406386603374754296e-01
5.880247659795735382e-01
7.548211498104819839e-01
5.861605620000227557e-01
6.835182194560026625e-01
5.379275858670787835e-01
6.158319227977744337e-01
5.376246682496739204e-01
6.645950309423106495e-01
7.108678661703708990e-01
5.564288018927239232e-01
5.354157636255104658e-01
