6.644297654724058422e-01
5.443723915222696830e-01
5.772619161641968644e-01
5.525827582734404997e-01
5.494320794723260848e-01
6.603810015203347428e-01
6.873094234105001643e-01
7.438688950749481332e-01
6.052354091588443286e-01
5.493107223116858728e-01
5.541962514416474139e-01
5.453255936165405382e-01
5.493149965449835026e-01
6.141159566840418416e-01
5.512041312807929305e-01
5.499729290507219259e-01
6.455140706179308685e-01
5.206749122930172113e-01
5.464744001183686750e-01
5.524300155564285664e-01
5.449161899809682463e-01
5.815576006426893541e-01
5.590090579662041481e-01
5.438018095921642869e-01
6.263326591056904702e-01
7.346771542957674095e-01
5.548247532890582256e-01
5.396758617966961324e-01
5.755368830671844238e-01
5.648838448658746181e-01
5.493146853257138140e-01
7.218910924813173313e-01
5.764594533970412993e-01
5.404080846194398990e-01
6.536519457668653610e-01
5.618536446332155210e-01
6.504279814161015860e-01
6.652431082385308336e-01
7.127718819660853189e-01
5.488422419027123578e-01
5.493149952778443312e-01
7.205057161277431677e-01
5.990966307861111950e-01
5.493608947194464909e-01
6.219988197187622525e-01
5.662928384615552035e-01
6.700569717213551435e-01
5.444108030123916420e-01
5.555590798974272548e-01
6.646157578226399298e-01
6.178848820321636293e-01
5.860525247331150878e-01
5.512637575972220150e-01
5.589831647899444755e-01
5.488977731754814959e-01
7.097894071865742394e-01
5.453564124407126457e-01
6.815067035380817373e-01
5.513516291475635267e-01
5.482510580465240757e-01
5.886496921260371273e-01
5.958993649430157635e-01
7.322331066961877966e-01
5.512637631945026540e-01
