6.477615695154244069e-01
5.781848406190405187e-01
5.565061195137079864e-01
6.583689171336311041e-01
6.140949059183056224e-01
6.577012408239082397e-01
5.597228815878185770e-01
5.594293497250786285e-01
5.486196236480802568e-01
7.309334656704190580e-01
5.611007223096418084e-01
6.684457670054014811e-01
6.588848078624152116e-01
6.419112456571769432e-01
5.510682806024640445e-01
5.510682787244471914e-01
5.512596219890929516e-01
5.551609414564246947e-01
5.832647127408278065e-01
5.477357600511192359e-01
6.734664883268773883e-01
5.477533010424567861e-01
5.532571965368469069e-01
5.510682806504407782e-01
6.930936250614656569e-01
5.521641598509754445e-01
5.488360746936062906e-01
7.150663501134122413e-01
5.545191774091784431e-01
5.509046962591354069e-01
6.223821280592513050e-01
6.059916346407540066e-01
5.564632221429702819e-01
7.092793617605249734e-01
5.510664356124784780e-01
5.491295929643347229e-01
5.479090939694668538e-01
6.819917265380631699e-01
5.532912571234270827e-01
5.500791411113354901e-01
5.447835438157500043e-01
6.725086830426981743e-01
6.448079555059625934e-01
6.116629172187425523e-01
6.396973813670322473e-01
7.110355863352260108e-01
5.447637010089778631e-01
5.517788144413182660e-01
6.901877160771637820e-01
6.451319308963443522e-01
6.559968164342220298e-01
5.494735697597959989e-01
7.013056755703453993e-01
5.532499143935981634e-01
5.518821080540143864e-01
7.250738191898177254e-01
6.470303831362961278e-01
5.464780335545950107e-01
5.527829746802811473e-01
5.532620316442704578e-01
7.170708040657693960e-01
5.439693587210395753e-01
5.495123584509571391e-01
6.274209624867788104e-01
