5.513532122912843114e-01
5.583581431411538398e-01
5.763082395886958142e-01
6.053676809166699258e-01
5.594341884545899202e-01
6.687722036819266913e-01
6.054464114052121593e-01
5.654658279700782719e-01
5.546341128059596448e-01
5.545621676160188418e-01
7.059072051390717917e-01
6.619158096516727374e-01
5.558423289339629036e-01
5.502940087969733218e-01
5.592844096438941426e-01
5.549983271668583740e-01
6.061648284553404764e-01
6.680508910319560290e-01
6.862224033529836786e-01
5.570736726354789115e-01
5.610084010005936817e-01
5.537797532756024710e-01
5.567579943743516946e-01
5.535163839619292592e-01
5.626505587436880784e-01
7.137470779576382540e-01
5.586864570309405531e-01
5.588285049254290149e-01
6.675343216970320848e-01
7.163922429767599631e-01
5.590995504002441718e-01
5.570737354639341277e-01
5.541428729561274080e-01
6.257094931530231552e-01
5.473692002139626256e-01
5.541808055065277072e-01
6.986155878955546683e-01
5.512834074658686800e-01
5.582763759625456457e-01
5.545183139876955769e-01
6.652332924467567743e-01
6.331165450729816513e-01
5.693650367784823807e-01
5.613469969666897708e-01
6.747202998817262154e-01
6.563438421919928212e-01
5.499391960813724278e-01
5.658419552430044019e-01
5.583380138633123879e-01
5.629445415250852180e-01
5.694331822822499278e-01
6.262903530853969336e-01
5.545254063502891295e-01
5.455839362652049607e-01
5.511790138693203334e-01
5.705961865617313888e-01
7.119320821444040659e-01
7.176544380035251303e-01
5.542399957193844262e-01
7.139361406220798845e-01
5.493286697522556938e-01
5.512358399031807021e-01
7.161277716546154970e-01
5.461306819170855809e-01
