7.314800330228552472e-01
8.289078265400864343e-01
8.651417295253264195e-01
7.922869346909375832e-01
8.742180905198764229e-01
7.661026064358250620e-01
7.705256612209175904e-01
8.969543198915065352e-01
7.792686018347581012e-01
8.732082780529590860e-01
7.355904396227966879e-01
7.392528074348548861e-01
7.361246311566259637e-01
7.264496083186546826e-01
7.407793630785093342e-01
7.245240449014812567e-01
8.061811565550637271e-01
7.554346097946671446e-01
7.415709785748559879e-01
8.201599653663145251e-01
7.408627930637398107e-01
7.395012295819973769e-01
7.821297717724106091e-01
7.442708632809533764e-01
7.361241202428421282e-01
7.361246315737612900e-01
7.306740937276663406e-01
7.365987770256304801e-01
7.607996363144312602e-01
7.399816921286979099e-01
7.335631717340637126e-01
7.512379621887353975e-01
7.360573230255380572e-01
7.325466782220454443e-01
7.580444814309675872e-01
7.503763089526692687e-01
7.413966230947531821e-01
7.743711162513648993e-01
7.477510633085846514e-01
8.317856326974196746e-01
7.102084473441465651e-01
7.361241065164833008e-01
8.667738328975400641e-01
8.255610991386379549e-01
7.464248026652350321e-01
7.393540461525330842e-01
8.280133924733228401e-01
8.533935350793773189e-01
7.408581384583259322e-01
7.336048440359363987e-01
7.533208653533088883e-01
7.234967253208165472e-01
7.409830310981566637e-01
7.409270765396748226e-01
7.421875500104836432e-01
7.399532746882168111e-01
7.351407778195031550e-01
7.372597998551988496e-01
7.379495037356819109e-01
7.402497250815881502e-01
7.965258031757048718e-01
7.397331766173556034e-01
7.408635730203593228e-01
7.345050421870515933e-01
