8.112564217738477135e-01
6.746319991442034647e-01
6.655991941960355263e-01
7.827843690899223272e-01
7.159041005955560921e-01
6.641741988850246026e-01
6.643175512914537562e-01
8.366304973586619065e-01
6.622175106418550783e-01
7.154212618062061324e-01
6.614493010635345005e-01
6.965189879134777717e-01
6.576615828988497947e-01
6.569720338000883952e-01
6.727424907069721183e-01
6.614120463910118097e-01
6.620246187064172672e-01
7.105475076100356002e-01
6.649634908232932018e-01
6.746560536708952061e-01
6.618632390643581775e-01
6.623902409578521500e-01
6.595028528990357630e-01
7.156161394919482444e-01
6.614150356370800399e-01
6.634277557045814566e-01
6.603618839219616010e-01
7.862554600036625319e-01
6.507562279394588645e-01
6.625258943398790734e-01
6.698197000744157137e-01
6.596645615687837250e-01
7.698141354908057954e-01
6.614229852935892273e-01
6.675067653672770440e-01
6.682904149655961579e-01
7.048062833208669220e-01
7.411029846776561181e-01
6.649492113978846541e-01
6.652480503575094462e-01
8.197708833672551210e-01
6.614247270700159831e-01
6.683296310495452364e-01
6.816192524776960582e-01
7.184422082881403160e-01
6.355165917315949153e-01
6.638901742409423212e-01
6.652588061336008884e-01
6.885171013239739235e-01
7.788787034783535290e-01
6.585539136636263668e-01
6.632676710345517535e-01
6.959551739908035328e-01
7.367991607574601032e-01
6.588300256083110540e-01
6.635436410827136866e-01
6.652587984566438184e-01
8.017191578258108242e-01
7.443739565348376219e-01
6.636214763059593569e-01
6.685722642291153095e-01
6.601911092151055982e-01
6.673955301388763139e-01
6.897973100914522870e-01
8.206167821457339695e-01
