5.639867932193289857e-01
5.474051789552304426e-01
5.493219064040540944e-01
6.946858606637731359e-01
5.525664231830899054e-01
5.513762889279930635e-01
5.461210211238443080e-01
5.510006048385163169e-01
5.543249717262239695e-01
5.530306153275731385e-01
6.828357332080484676e-01
5.472719371446908010e-01
6.519737065939329446e-01
5.865495236223012832e-01
5.838383484512196242e-01
6.130446355371759193e-01
5.874485556354308580e-01
5.518455004370860228e-01
6.676400486515674526e-01
6.807099282968842591e-01
5.437093592247614904e-01
5.493013943307669678e-01
5.642790988653028084e-01
5.442939127423929158e-01
5.537533750088099449e-01
5.574634895280551339e-01
5.995218599953623384e-01
5.428707677424388089e-01
5.511746300068216531e-01
7.197574575391595397e-01
5.529468146927911665e-01
6.048608920492321017e-01
5.519173484924059236e-01
5.501708173519049838e-01
5.885380820029599835e-01
5.682586585538386137e-01
5.534701094792491283e-01
5.428842762120447141e-01
6.361569249971935625e-01
7.141011830869588017e-01
5.687222795841133660e-01
5.515083620986015456e-01
6.615079064378452944e-01
6.540108398339513629e-01
5.454605806345753649e-01
5.478474108384334684e-01
5.709054651087730470e-01
7.472357883836843184e-01
6.455210329147491599e-01
5.489711922369777675e-01
5.600681052433310603e-01
5.523994974370399769e-01
6.198794969175404068e-01
5.780062382742364724e-01
5.402783605700597347e-01
5.478218639268270795e-01
5.526839773736714756e-01
5.575960595103959250e-01
5.501150350057272265e-01
5.414748045538312349e-01
5.649300746481592528e-01
7.150829033556712622e-01
5.567556851607028401e-01
5.614069476053998864e-01
5.879316510350662828e-01
6.679552916438082910e-01
5.464071749422119151e-01
5.438788804146150735e-01
5.485598339465508344e-01
5.499649992785426988e-01
5.462814143238334808e-01
6.054288883543449407e-01
5.459070803248176063e-01
5.530616598772445380e-01
5.457449546412973529e-01
6.451649522605916731e-01
5.428508500166351336e-01
5.448685442417395830e-01
5.401993082093847764e-01
5.473777056388529072e-01
5.472200746181772324e-01
5.542255870020578179e-01
5.932471875146355655e-01
5.455955602843556296e-01
5.499650033269647409e-01
5.482189635225114266e-01
5.436263129308587239e-01
7.066500244222649885e-01
5.498231039544805299e-01
5.488154243254836917e-01
6.173220918847195371e-01
5.553962152914125872e-01
5.552086835163407841e-01
5.714431025302814104e-01
6.071372781096788795e-01
5.461082760707559602e-01
7.018162092744176794e-01
7.115462021836636008e-01
5.468946809792999408e-01
5.482218009412688220e-01
5.544530908530479474e-01
6.122229040846153270e-01
5.378261230447269892e-01
5.503367977851361115e-01
5.843993563819607218e-01
7.210829405740888376e-01
5.487282648235051186e-01
5.629914388105317080e-01
5.563329784707081727e-01
6.984415697611894291e-01
6.342506020474195649e-01
5.520865808683587117e-01
5.476152081999736687e-01
6.978328247524586692e-01
6.549212026936844788e-01
5.498716961471372677e-01
6.856650148812734047e-01
5.501723760675263364e-01
5.562571446566523248e-01
6.866667357873877942e-01
5.461234407024601056e-01
5.493148571731570895e-01
5.458080473844195701e-01
5.483261908683897401e-01
5.603611357177384900e-01
5.472673024104879325e-01
5.458073012712542083e-01
5.548264914234727341e-01
5.448513161399053395e-01
5.486887121985681848e-01
5.378283201935745161e-01
6.252004123958890824e-01
5.573333687379379286e-01
5.455043286851841700e-01
5.503968856445420332e-01
5.417953456003221646e-01
5.414593024659151155e-01
5.474412708626612556e-01
5.808531463462018873e-01
5.941778457990233298e-01
5.454523447372663369e-01
5.472084347795511672e-01
5.455043286851841700e-01
5.660135490265735259e-01
5.900791882562315127e-01
5.428470839945073179e-01
5.483573487655105660e-01
7.203564792693174512e-01
5.467542092764262618e-01
5.553753619871362179e-01
5.446052485168113577e-01
5.369009814782734757e-01
5.448511019005741751e-01
5.454388589402182630e-01
5.416429118252023001e-01
6.225985718013071768e-01
5.309059053380855708e-01
6.015574677574641038e-01
7.469986616483965669e-01
5.503428663977684154e-01
5.322263354866686447e-01
5.495162663300048322e-01
7.059415836774399766e-01
7.195795550207328972e-01
6.159731363442869645e-01
6.233951358767326756e-01
7.126946107346057158e-01
5.455042430877447002e-01
5.548459334886293171e-01
5.452485062201039012e-01
5.956247226784752158e-01
5.474502824750833163e-01
5.462910807894791887e-01
5.459541650439766469e-01
5.416187412587379901e-01
5.457734300703707131e-01
5.545847849273581875e-01
5.959332086412857388e-01
5.649448644616557047e-01
5.602535937022383727e-01
5.458573637272193801e-01
5.460268037583608791e-01
7.513581597183114358e-01
5.691100208383021997e-01
7.256850711271456422e-01
5.470311973850019438e-01
5.570177445409090211e-01
6.021043788142969033e-01
6.983859420722562383e-01
5.446867502531655969e-01
5.430927421264937216e-01
6.475781259098761788e-01
6.992459768984261581e-01
5.526454530152289379e-01
5.528499587974831098e-01
7.089031368091028851e-01
5.441029786590784179e-01
5.503740628990674288e-01
5.566972479374461269e-01
6.467860188918268527e-01
5.478714751714121034e-01
5.468141216341861899e-01
5.599417664331373112e-01
5.732703877286480232e-01
5.476330507255177116e-01
5.494180512564613705e-01
5.702157125819756756e-01
5.567165978923839242e-01
6.976757561017374876e-01
7.259293184557897849e-01
6.303567938095533396e-01
5.635249915410415200e-01
5.394587829910437726e-01
6.109158991965518704e-01
6.090810762902307829e-01
5.790904942602193017e-01
7.156785345230018969e-01
5.564779152078169755e-01
5.527085947437301305e-01
6.896822513720257675e-01
5.552180786172764559e-01
6.405968212062257416e-01
5.460611633614608218e-01
5.550125203953225617e-01
5.499894108238763124e-01
5.480957456669973693e-01
5.488986513759039898e-01
6.731214306665559421e-01
5.541902323770122596e-01
6.503231091980138379e-01
5.527070555603966762e-01
5.526454529464590593e-01
5.619247687878078379e-01
7.117101981663467303e-01
6.969921759020291097e-01
5.676638095244574966e-01
5.543055376632679554e-01
6.980840663649815481e-01
5.519201265315062388e-01
5.803534233498062189e-01
5.509283489275421664e-01
5.629997366069043885e-01
5.513639191783131777e-01
5.608873089245366428e-01
5.340740890256021611e-01
5.520661091336281912e-01
7.126551533421401352e-01
6.292221199694395528e-01
6.500798373696434762e-01
5.494963077691370490e-01
5.537790403493988434e-01
5.496507298085031579e-01
5.498171180159998617e-01
5.586227554496557834e-01
7.183491529452393776e-01
7.107027349297407870e-01
5.504365875238182992e-01
5.427654521181515257e-01
5.366614704297023586e-01
5.851391585261856987e-01
5.266853690169354119e-01
5.197622692536302269e-01
7.411584818678557118e-01
5.357065321830694060e-01
5.450434903078895665e-01
6.964663840977739495e-01
5.397657587510054089e-01
7.439978248494217850e-01
5.404969704282720500e-01
5.452975791540941586e-01
6.861116412038246182e-01
5.386492323123491799e-01
7.270567418373917734e-01
7.291681360238432275e-01
5.343084137451393767e-01
5.398538097804460589e-01
6.845653044448629654e-01
5.397657586231513482e-01
5.252995804229434462e-01
6.913988269757632699e-01
5.365477489387197041e-01
5.462843310835706623e-01
5.397733941506513977e-01
5.401150531680857236e-01
5.417453710299103831e-01
5.394078814340778072e-01
6.064548244209136962e-01
7.295299024699555268e-01
5.503684197231626385e-01
6.431545500690643014e-01
5.859424446665115749e-01
7.124732202208756693e-01
5.310339275139150939e-01
5.987110825875237019e-01
5.367552694135931945e-01
5.714183803851713428e-01
7.215724102682528063e-01
5.789701617501500364e-01
6.826810619900656185e-01
5.400310347783872089e-01
5.667031264705806315e-01
5.956591805843797216e-01
6.861646437042435709e-01
6.469908513156887864e-01
5.396317072634977396e-01
5.752140359665208758e-01
5.784257199742441902e-01
5.366311757060223675e-01
5.406386603374754296e-01
5.880247659795735382e-01
7.548211498104819839e-01
5.861605620000227557e-01
6.835182194560026625e-01
5.379275858670787835e-01
6.158319227977744337e-01
5.376246682496739204e-01
6.645950309423106495e-01
7.108678661703708990e-01
5.564288018927239232e-01
5.354157636255104658e-01
6.644297654724058422e-01
5.443723915222696830e-01
5.772619161641968644e-01
5.525827582734404997e-01
5.494320794723260848e-01
6.603810015203347428e-01
6.873094234105001643e-01
7.438688950749481332e-01
6.052354091588443286e-01
5.493107223116858728e-01
5.541962514416474139e-01
5.453255936165405382e-01
5.493149965449835026e-01
6.141159566840418416e-01
5.512041312807929305e-01
5.499729290507219259e-01
6.455140706179308685e-01
5.206749122930172113e-01
5.464744001183686750e-01
5.524300155564285664e-01
5.449161899809682463e-01
5.815576006426893541e-01
5.590090579662041481e-01
5.438018095921642869e-01
6.263326591056904702e-01
7.346771542957674095e-01
5.548247532890582256e-01
5.396758617966961324e-01
5.755368830671844238e-01
5.648838448658746181e-01
5.493146853257138140e-01
7.218910924813173313e-01
5.764594533970412993e-01
5.404080846194398990e-01
6.536519457668653610e-01
5.618536446332155210e-01
6.504279814161015860e-01
6.652431082385308336e-01
7.127718819660853189e-01
5.488422419027123578e-01
5.493149952778443312e-01
7.205057161277431677e-01
5.990966307861111950e-01
5.493608947194464909e-01
6.219988197187622525e-01
5.662928384615552035e-01
6.700569717213551435e-01
5.444108030123916420e-01
5.555590798974272548e-01
6.646157578226399298e-01
6.178848820321636293e-01
5.860525247331150878e-01
5.512637575972220150e-01
5.589831647899444755e-01
5.488977731754814959e-01
7.097894071865742394e-01
5.453564124407126457e-01
6.815067035380817373e-01
5.513516291475635267e-01
5.482510580465240757e-01
5.886496921260371273e-01
5.958993649430157635e-01
7.322331066961877966e-01
5.512637631945026540e-01
6.477615695154244069e-01
5.781848406190405187e-01
5.565061195137079864e-01
6.583689171336311041e-01
6.140949059183056224e-01
6.577012408239082397e-01
5.597228815878185770e-01
5.594293497250786285e-01
5.486196236480802568e-01
7.309334656704190580e-01
5.611007223096418084e-01
6.684457670054014811e-01
6.588848078624152116e-01
6.419112456571769432e-01
5.510682806024640445e-01
5.510682787244471914e-01
5.512596219890929516e-01
5.551609414564246947e-01
5.832647127408278065e-01
5.477357600511192359e-01
6.734664883268773883e-01
5.477533010424567861e-01
5.532571965368469069e-01
5.510682806504407782e-01
6.930936250614656569e-01
5.521641598509754445e-01
5.488360746936062906e-01
7.150663501134122413e-01
5.545191774091784431e-01
5.509046962591354069e-01
6.223821280592513050e-01
6.059916346407540066e-01
5.564632221429702819e-01
7.092793617605249734e-01
5.510664356124784780e-01
5.491295929643347229e-01
5.479090939694668538e-01
6.819917265380631699e-01
5.532912571234270827e-01
5.500791411113354901e-01
5.447835438157500043e-01
6.725086830426981743e-01
6.448079555059625934e-01
6.116629172187425523e-01
6.396973813670322473e-01
7.110355863352260108e-01
5.447637010089778631e-01
5.517788144413182660e-01
6.901877160771637820e-01
6.451319308963443522e-01
6.559968164342220298e-01
5.494735697597959989e-01
7.013056755703453993e-01
5.532499143935981634e-01
5.518821080540143864e-01
7.250738191898177254e-01
6.470303831362961278e-01
5.464780335545950107e-01
5.527829746802811473e-01
5.532620316442704578e-01
7.170708040657693960e-01
5.439693587210395753e-01
5.495123584509571391e-01
6.274209624867788104e-01
5.513532122912843114e-01
5.583581431411538398e-01
5.763082395886958142e-01
6.053676809166699258e-01
5.594341884545899202e-01
6.687722036819266913e-01
6.054464114052121593e-01
5.654658279700782719e-01
5.546341128059596448e-01
5.545621676160188418e-01
7.059072051390717917e-01
6.619158096516727374e-01
5.558423289339629036e-01
5.502940087969733218e-01
5.592844096438941426e-01
5.549983271668583740e-01
6.061648284553404764e-01
6.680508910319560290e-01
6.862224033529836786e-01
5.570736726354789115e-01
5.610084010005936817e-01
5.537797532756024710e-01
5.567579943743516946e-01
5.535163839619292592e-01
5.626505587436880784e-01
7.137470779576382540e-01
5.586864570309405531e-01
5.588285049254290149e-01
6.675343216970320848e-01
7.163922429767599631e-01
5.590995504002441718e-01
5.570737354639341277e-01
5.541428729561274080e-01
6.257094931530231552e-01
5.473692002139626256e-01
5.541808055065277072e-01
6.986155878955546683e-01
5.512834074658686800e-01
5.582763759625456457e-01
5.545183139876955769e-01
6.652332924467567743e-01
6.331165450729816513e-01
5.693650367784823807e-01
5.613469969666897708e-01
6.747202998817262154e-01
6.563438421919928212e-01
5.499391960813724278e-01
5.658419552430044019e-01
5.583380138633123879e-01
5.629445415250852180e-01
5.694331822822499278e-01
6.262903530853969336e-01
5.545254063502891295e-01
5.455839362652049607e-01
5.511790138693203334e-01
5.705961865617313888e-01
7.119320821444040659e-01
7.176544380035251303e-01
5.542399957193844262e-01
7.139361406220798845e-01
5.493286697522556938e-01
5.512358399031807021e-01
7.161277716546154970e-01
5.461306819170855809e-01
7.314800330228552472e-01
8.289078265400864343e-01
8.651417295253264195e-01
7.922869346909375832e-01
8.742180905198764229e-01
7.661026064358250620e-01
7.705256612209175904e-01
8.969543198915065352e-01
7.792686018347581012e-01
8.732082780529590860e-01
7.355904396227966879e-01
7.392528074348548861e-01
7.361246311566259637e-01
7.264496083186546826e-01
7.407793630785093342e-01
7.245240449014812567e-01
8.061811565550637271e-01
7.554346097946671446e-01
7.415709785748559879e-01
8.201599653663145251e-01
7.408627930637398107e-01
7.395012295819973769e-01
7.821297717724106091e-01
7.442708632809533764e-01
7.361241202428421282e-01
7.361246315737612900e-01
7.306740937276663406e-01
7.365987770256304801e-01
7.607996363144312602e-01
7.399816921286979099e-01
7.335631717340637126e-01
7.512379621887353975e-01
7.360573230255380572e-01
7.325466782220454443e-01
7.580444814309675872e-01
7.503763089526692687e-01
7.413966230947531821e-01
7.743711162513648993e-01
7.477510633085846514e-01
8.317856326974196746e-01
7.102084473441465651e-01
7.361241065164833008e-01
8.667738328975400641e-01
8.255610991386379549e-01
7.464248026652350321e-01
7.393540461525330842e-01
8.280133924733228401e-01
8.533935350793773189e-01
7.408581384583259322e-01
7.336048440359363987e-01
7.533208653533088883e-01
7.234967253208165472e-01
7.409830310981566637e-01
7.409270765396748226e-01
7.421875500104836432e-01
7.399532746882168111e-01
7.351407778195031550e-01
7.372597998551988496e-01
7.379495037356819109e-01
7.402497250815881502e-01
7.965258031757048718e-01
7.397331766173556034e-01
7.408635730203593228e-01
7.345050421870515933e-01
8.112564217738477135e-01
6.746319991442034647e-01
6.655991941960355263e-01
7.827843690899223272e-01
7.159041005955560921e-01
6.641741988850246026e-01
6.643175512914537562e-01
8.366304973586619065e-01
6.622175106418550783e-01
7.154212618062061324e-01
6.614493010635345005e-01
6.965189879134777717e-01
6.576615828988497947e-01
6.569720338000883952e-01
6.727424907069721183e-01
6.614120463910118097e-01
6.620246187064172672e-01
7.105475076100356002e-01
6.649634908232932018e-01
6.746560536708952061e-01
6.618632390643581775e-01
6.623902409578521500e-01
6.595028528990357630e-01
7.156161394919482444e-01
6.614150356370800399e-01
6.634277557045814566e-01
6.603618839219616010e-01
7.862554600036625319e-01
6.507562279394588645e-01
6.625258943398790734e-01
6.698197000744157137e-01
6.596645615687837250e-01
7.698141354908057954e-01
6.614229852935892273e-01
6.675067653672770440e-01
6.682904149655961579e-01
7.048062833208669220e-01
7.411029846776561181e-01
6.649492113978846541e-01
6.652480503575094462e-01
8.197708833672551210e-01
6.614247270700159831e-01
6.683296310495452364e-01
6.816192524776960582e-01
7.184422082881403160e-01
6.355165917315949153e-01
6.638901742409423212e-01
6.652588061336008884e-01
6.885171013239739235e-01
7.788787034783535290e-01
6.585539136636263668e-01
6.632676710345517535e-01
6.959551739908035328e-01
7.367991607574601032e-01
6.588300256083110540e-01
6.635436410827136866e-01
6.652587984566438184e-01
8.017191578258108242e-01
7.443739565348376219e-01
6.636214763059593569e-01
6.685722642291153095e-01
6.601911092151055982e-01
6.673955301388763139e-01
6.897973100914522870e-01
8.206167821457339695e-01
