6.363488159520291898e-01
6.098837115468435099e-01
6.286996814610100737e-01
6.049402793501265085e-01
5.922131188006913849e-01
6.159486319599756232e-01
6.260341284930586170e-01
6.015367210369114703e-01
6.148856924127370505e-01
6.324484978562597837e-01
5.984318812885141003e-01
6.053622708392664142e-01
6.232707858453456762e-01
5.941744725839529506e-01
6.334255003916741122e-01
6.171717233428716254e-01
6.356478792059361282e-01
5.812360518647706753e-01
6.118255371352283589e-01
6.152647305435889891e-01
6.166566138401697872e-01
6.048268970407867373e-01
5.980136310262612609e-01
6.231541860561913282e-01
6.055591121728469695e-01
6.301263620790884534e-01
6.051027327281037760e-01
6.217821267399958884e-01
6.360540842820081586e-01
6.188097506921007573e-01
6.385509987987917357e-01
6.117223471449131367e-01
6.290560308321143657e-01
6.208403368554040735e-01
6.124565270344625167e-01
6.167463223712126297e-01
5.880004231585065355e-01
6.116987421359013632e-01
6.305705330659606700e-01
6.136717573961579797e-01
6.197029449963538106e-01
6.200823822956366138e-01
6.260310740976969823e-01
5.982822740859218280e-01
6.177280360317265462e-01
6.250651477946017609e-01
6.101921090666067027e-01
6.170169679753010339e-01
6.286277552869841134e-01
6.272286826325751408e-01
6.324643965226014464e-01
6.094378523558426908e-01
6.455347665539022950e-01
6.283661048027596729e-01
6.238771769851061411e-01
6.259501070340599549e-01
6.161543460239936598e-01
6.215996201660897169e-01
6.014559089824145222e-01
6.350601230348941195e-01
6.138891532503826243e-01
6.309906612275109072e-01
6.425236148060227137e-01
6.420674223696933858e-01
