6.670945642428346423e-01
6.581775468467834234e-01
6.676456338879396268e-01
6.549078718822105571e-01
6.459533116907913985e-01
6.518557633056545342e-01
6.685263436094690537e-01
6.875547166707607349e-01
6.629815140494471626e-01
6.715977538980244521e-01
6.597230032542047429e-01
6.656475075113322815e-01
6.693056147512053133e-01
6.670027726412058877e-01
6.910348458123311000e-01
6.729952644531174144e-01
6.656449160572155410e-01
6.657908396684831809e-01
6.694297636964475773e-01
6.711073688020382511e-01
6.820170826660117980e-01
6.841253007340248882e-01
6.815547837214894766e-01
6.683235631818563727e-01
6.900285704922584085e-01
6.594412280397132786e-01
6.697258809847865813e-01
6.570079119319901517e-01
6.622418761009125632e-01
6.766454865097621951e-01
6.678275128487717316e-01
6.335671574524186500e-01
6.825295654778976706e-01
6.560506832780231834e-01
6.613952448289976971e-01
6.686238156553573342e-01
6.384082487215493318e-01
6.903956664928871945e-01
6.605919080352982142e-01
6.650332345613407803e-01
6.712833059725797913e-01
6.597383309133455498e-01
6.555281891306325992e-01
6.610870039677970711e-01
6.702463741887489945e-01
6.748167483369340580e-01
6.694536445527139445e-01
6.756927609246504707e-01
6.419944270429114308e-01
6.719985949321919394e-01
6.868858850924957071e-01
6.747033737715609769e-01
6.816202654855564314e-01
6.640448173516914077e-01
6.741539300165404480e-01
6.715668181498893885e-01
6.692090854994271476e-01
6.730858619771068474e-01
6.711918819287309157e-01
6.524070303518341163e-01
6.749629174295450618e-01
6.703462490479868974e-01
6.760408417057849340e-01
6.717855851225296160e-01
