6.201671801341049894e-01
6.104397036375411867e-01
6.354739756378740001e-01
6.155977737292925855e-01
6.168593957873518274e-01
5.991600507305958612e-01
6.228232083598309599e-01
6.044348031041471003e-01
6.408790738912090168e-01
6.190668159829412209e-01
6.251620871506190502e-01
6.181475339472238817e-01
6.213251166320477026e-01
6.097158365467307828e-01
5.984377292358601386e-01
6.205645551429371798e-01
6.155041266146848988e-01
6.218800444614105416e-01
6.085048945663277253e-01
6.205787269215093938e-01
6.292771893404629502e-01
6.183650205434143565e-01
5.977024418193195299e-01
6.337040671534903691e-01
6.154230787702105188e-01
6.163705614017984669e-01
6.005078249514506084e-01
6.005550428977307620e-01
6.315421521431056062e-01
6.151565735603123919e-01
6.166826498582753668e-01
6.289098815152828204e-01
5.884656193980976058e-01
6.309366288799572731e-01
6.115029801240225993e-01
6.342549261928347448e-01
6.245304324489554526e-01
6.157444067065745985e-01
6.278125989378150473e-01
5.985671908910559225e-01
6.067004501527859528e-01
6.182650032442097432e-01
6.090537468639823926e-01
6.235336748076063529e-01
6.129859262748456050e-01
6.223565619976653140e-01
6.177247454505205848e-01
6.190838019004978321e-01
6.309027908752320446e-01
6.220931324633397486e-01
6.300337095361973061e-01
6.095379902288072804e-01
6.163163965081400741e-01
6.049987165429138170e-01
6.316322198881278993e-01
6.368720077690833703e-01
6.421322729528680107e-01
6.013787752438587431e-01
6.108546228185047777e-01
6.328693054118945671e-01
6.305566538781488539e-01
6.268642332688489915e-01
6.092635869314411146e-01
6.221347462110490278e-01
