6.183144906630289039e-01
6.052994700600287103e-01
6.214011298150300400e-01
6.324821623866304643e-01
6.243499143454633860e-01
6.045302782898474003e-01
6.147383897692161314e-01
6.400587648701914212e-01
6.300945271377431656e-01
6.229040115139832245e-01
6.277032670969444617e-01
6.401613739449473206e-01
6.163167372784750242e-01
6.348602852345338610e-01
6.270680751195002456e-01
6.319016322384304329e-01
6.113071351097905115e-01
6.361831289994982486e-01
6.118791342060069249e-01
6.333014015354009318e-01
6.244886894572797553e-01
6.353689091903422792e-01
6.275145211072487017e-01
6.271116539791742328e-01
6.309030015681865722e-01
6.045258702342496404e-01
6.241590912833765437e-01
6.104853693829567218e-01
6.172171211917147904e-01
6.260640466788661707e-01
6.527237282715530053e-01
6.264072653036741878e-01
6.341985451128894224e-01
6.411767485898844932e-01
6.338115957799603795e-01
6.165099801590416817e-01
6.105169667115031285e-01
6.345915609395285095e-01
6.261427361036602246e-01
6.112409811665097115e-01
6.352761286019745768e-01
6.447467539947867587e-01
6.358229216751859481e-01
6.402827520759679647e-01
6.291694184837116621e-01
6.304877682653273752e-01
6.438685039978164770e-01
6.032762025024679398e-01
6.201221694168584930e-01
6.168707174488115008e-01
6.340119005460491675e-01
6.446810124340502934e-01
6.478169777956904740e-01
6.123886903557658190e-01
6.454623550503331142e-01
6.175323008910006406e-01
6.145807009501270679e-01
6.339716672559233546e-01
6.051900184608682842e-01
6.192929800783325556e-01
6.086654107944989844e-01
6.309488362958831642e-01
6.341905679134530738e-01
6.202999513760143468e-01
