6.318023424652262632e-01
6.509279220176682479e-01
6.474112218220851034e-01
6.458281554279360348e-01
6.355944163441428207e-01
6.378369766146061437e-01
6.347367231412730515e-01
6.090736093582944655e-01
6.162149273146562134e-01
6.615806587897429258e-01
5.945536044886585714e-01
6.257278253721526573e-01
6.257020660074471552e-01
6.278319025315077795e-01
6.221878443929615976e-01
6.394391965688502877e-01
6.290261946443070906e-01
6.328435765088328280e-01
6.398997511149174811e-01
6.028655345870044258e-01
6.215474396753634112e-01
6.180093045947294694e-01
6.330787560907398248e-01
6.388692853034629859e-01
6.293420846204835772e-01
6.290921641296632894e-01
6.557816240985018252e-01
6.233384733263594990e-01
6.269093500482794123e-01
6.167393574514268284e-01
6.386225933113229836e-01
6.413072162301962642e-01
6.444421990645475828e-01
5.988074635736783113e-01
6.305941074513794486e-01
6.612687116544425647e-01
6.352587678889480838e-01
6.330465578051629461e-01
6.091928963085889714e-01
6.379823558036100684e-01
6.316282061324596242e-01
6.134417975284232050e-01
6.312211319262713838e-01
6.274930535752151206e-01
6.266727954082302876e-01
6.327619435534171943e-01
6.365822555657860704e-01
6.302369874168322061e-01
6.289151656763533049e-01
6.329098929367146242e-01
6.284190907392170899e-01
6.287689524372936933e-01
6.504221914453115483e-01
6.393773773636420854e-01
6.400717108859480531e-01
6.202306348877359987e-01
6.336944066546448262e-01
6.271404464288192759e-01
6.383013920538064268e-01
6.358661574504225200e-01
6.378152192454531466e-01
6.247149997699920076e-01
6.203843495000611608e-01
6.345788746004864533e-01
