6.328868944434310473e-01
6.639022082036735162e-01
6.448600620013585916e-01
6.491635438038574346e-01
6.421790032539040904e-01
6.435371177593141034e-01
6.736290388596137824e-01
6.454991766037064815e-01
6.606213375187759418e-01
6.642798832300349510e-01
6.593866520587892133e-01
6.454857147466362965e-01
6.372293697884309216e-01
6.514605245694627955e-01
6.458598599745979385e-01
6.247067773345648112e-01
6.487656297406285688e-01
6.601299855750712986e-01
6.542791076930895011e-01
6.424349111336344897e-01
6.516974499296656065e-01
6.321717610365785722e-01
6.349294082549562512e-01
6.486778258743300940e-01
6.273695281308786509e-01
6.517961009342362333e-01
6.536773878675186111e-01
6.406551974550824813e-01
6.750136578117760244e-01
6.550854490745259273e-01
6.193547167003808918e-01
6.435097870596372394e-01
6.264272239918394769e-01
6.401672715916105760e-01
6.395021754334880848e-01
6.615190689973112770e-01
6.405569423816301899e-01
6.493085841040238115e-01
6.465907566597871581e-01
6.509919109568692575e-01
6.454792042666528396e-01
6.312591999415072541e-01
6.396828278436411663e-01
6.318971742840705508e-01
6.546511561231478371e-01
6.400547858341884000e-01
6.458060685428111958e-01
6.673621309594877093e-01
6.443547856074012259e-01
6.737465945746812235e-01
6.345698032845437098e-01
6.503180891721476176e-01
6.272095218978135378e-01
6.445238867952463035e-01
6.344819437504324311e-01
6.595513969135559096e-01
6.534233850603544669e-01
6.482447352663838203e-01
6.338397960408704845e-01
6.332444120170592772e-01
6.447236301402166081e-01
6.326093072837583042e-01
6.589624566148269968e-01
6.396125518582189695e-01
