6.500598258375097638e-01
6.307999145526160811e-01
6.138703883551724916e-01
6.133576176455707296e-01
6.393932253535320465e-01
6.421169804446876794e-01
6.321580075173867108e-01
6.188983784000964272e-01
6.049396413155669894e-01
6.234929119396722674e-01
6.436397793874970574e-01
6.270039372602986827e-01
6.474175040857292895e-01
6.155831427845851467e-01
6.264949265558870106e-01
6.309433224559034548e-01
6.351403474596090115e-01
6.260549096326676333e-01
6.299196312208014126e-01
6.152114725709129095e-01
6.351723011823604548e-01
6.142041150046144704e-01
6.134084501295546943e-01
6.183309679570266892e-01
6.346511226086947177e-01
6.200721945246895350e-01
6.407060186006483526e-01
6.234696160323717207e-01
6.288285768807096998e-01
6.206928761062625588e-01
6.170830784962271220e-01
6.297446422226320450e-01
6.229006509168364403e-01
6.256628193046912534e-01
6.322829441592731081e-01
6.247778796111163047e-01
6.308008934204073492e-01
6.465308050043868660e-01
6.293739088640071255e-01
6.398392065386384608e-01
6.464736774186113921e-01
6.286384126900258495e-01
6.422102650610458374e-01
6.119811047137284632e-01
6.170083170371272185e-01
6.370078373163582386e-01
6.421031951307516472e-01
6.359912626339843111e-01
6.300980418017654294e-01
6.399604012284708654e-01
6.211984193954044331e-01
6.290565654484795433e-01
6.286018075650431358e-01
6.568018522204017717e-01
6.340352744069648327e-01
6.618393585690890424e-01
6.277409809106699878e-01
6.461625367555438038e-01
6.246005254227025016e-01
6.256395329075026268e-01
6.209365209921448026e-01
6.326616674045099087e-01
6.414662875466097258e-01
6.304983623165173467e-01
