6.059920024706382247e-01
6.188895551266367923e-01
6.320138098412866334e-01
6.256447172602637163e-01
6.207502226191158323e-01
6.330421713514050586e-01
6.153423789843641689e-01
6.204114415179292630e-01
6.082027683113298000e-01
6.059116313066671422e-01
6.230894907946739059e-01
6.094123065338967749e-01
6.117796209689976283e-01
6.135201193389262508e-01
6.221371194227892643e-01
6.174296054348297202e-01
6.236491762049649612e-01
6.365245456513628497e-01
6.216762006755277570e-01
6.274492704636238649e-01
6.239032548560459190e-01
6.331871869974283751e-01
6.271115570067615774e-01
6.126324501497887320e-01
6.248360303143662975e-01
6.249867847481209715e-01
6.372821353549666945e-01
6.175399014857948510e-01
6.294543649756927373e-01
6.192590194711488083e-01
6.292327413326108676e-01
6.250452771722586620e-01
6.158715477581839792e-01
6.147513433090562307e-01
6.256895213148560009e-01
6.171786058646976381e-01
6.325720943228809734e-01
6.237278198328319867e-01
6.067403062776625111e-01
6.091180318186932841e-01
6.448480251385528828e-01
6.235825810552809711e-01
6.190243547642023669e-01
6.216408026497918238e-01
6.232377052080682045e-01
6.114812852028710388e-01
6.320090476265487478e-01
6.220240477477458896e-01
6.161869448722131493e-01
6.346912889130623681e-01
6.231239474637568776e-01
6.111935266809387368e-01
6.269288226548914711e-01
6.220955191728260170e-01
6.242640799306914401e-01
6.302071374140267856e-01
6.186295314688267100e-01
6.283362338794441504e-01
6.085832498874668151e-01
6.351975389247164205e-01
6.180794790316540555e-01
6.087196755009433025e-01
6.269126586828828174e-01
6.054061998739879158e-01
