7.617430039343823234e-01
7.683937062225593140e-01
7.732120264812836208e-01
7.688789025256013154e-01
7.619170366982453979e-01
7.654852035681166678e-01
7.729406385875663421e-01
7.688099528928614701e-01
7.498844742856136669e-01
7.571083589891853816e-01
7.625736944400695050e-01
7.483495690162464964e-01
7.144241369280116549e-01
7.495395455515955208e-01
7.471363148377018204e-01
7.427251578087311623e-01
7.683184053460991869e-01
7.484230468351247278e-01
7.441235034058287789e-01
7.662840395731539411e-01
7.515616636883866164e-01
7.482859304655092858e-01
7.467469326898802384e-01
7.570607314789273845e-01
7.423868744649255724e-01
7.347274462988370169e-01
7.316469348732871358e-01
7.640980093394217354e-01
7.794154519077175491e-01
7.594375686023334682e-01
7.274426482775127045e-01
7.421980694473440110e-01
7.560348521877831018e-01
7.679399799254900127e-01
7.613225654914422824e-01
7.394704021157439966e-01
7.555050810950512119e-01
7.576441406030898218e-01
7.839897235556259059e-01
7.629737989937828146e-01
7.565134297369106031e-01
7.632409761602912956e-01
7.660855905527630405e-01
7.557763731361668569e-01
7.655357942778028280e-01
7.370611858403671723e-01
7.606900633213327101e-01
7.640182295433382009e-01
7.561376280034231012e-01
7.717760293201759714e-01
7.715953985648882352e-01
7.863550788488526955e-01
7.656531174021424802e-01
7.417834739629065588e-01
7.586146757111699168e-01
7.416133536581540620e-01
7.414050751951082319e-01
7.496978124260856857e-01
7.415744233699328447e-01
7.627079885736183229e-01
7.569289674866271911e-01
7.502540596967508524e-01
7.448840557125520068e-01
7.613216829644467998e-01
