7.451231508042378548e-01
7.290486410307707166e-01
7.175565284812209788e-01
7.321008721432995525e-01
7.206196379899703075e-01
7.313518176445392704e-01
7.163174218068785182e-01
7.257862437472316630e-01
7.070268527717400442e-01
7.360042651704549188e-01
7.033421631160543530e-01
7.207564836592946778e-01
7.120784465255315387e-01
7.246492718967086910e-01
7.213446622610153458e-01
7.174310283400237021e-01
7.158921039957601984e-01
7.282924932248756589e-01
7.210006959729671205e-01
7.347765801541820130e-01
7.216717961379968127e-01
7.431892586729730299e-01
7.249923480579946178e-01
7.286009105661950258e-01
6.923686580494137210e-01
7.178078202386116713e-01
7.154752508719407489e-01
7.254867169749181777e-01
7.232916160711521103e-01
7.088600976455096125e-01
7.207599692193685792e-01
7.507667402801915246e-01
7.281785077184086408e-01
7.243103308507298221e-01
7.071545492478871209e-01
7.072355995212871171e-01
7.269568203754251945e-01
7.336322797768651816e-01
7.385649266196354645e-01
7.113654073710199421e-01
7.237607716789510315e-01
7.284633775769163710e-01
7.357015105232507235e-01
7.279717974464974262e-01
7.130811307632746177e-01
7.161172958512640463e-01
7.170951897626353100e-01
7.353646149443585633e-01
7.132202792052122486e-01
7.072321617615771050e-01
7.192369198290844423e-01
7.238468665025092896e-01
7.395423198412234278e-01
7.346461178864469588e-01
7.130313847644578207e-01
7.214353308210778026e-01
7.342817601117980209e-01
7.265915540165334141e-01
7.239674030544792638e-01
7.294991625342406305e-01
7.222036671865781354e-01
7.201765156790232991e-01
7.076767971089102938e-01
7.290878413054884266e-01
7.427557010762161349e-01
