6.363488159520291898e-01
6.098837115468435099e-01
6.286996814610100737e-01
6.049402793501265085e-01
5.922131188006913849e-01
6.159486319599756232e-01
6.260341284930586170e-01
6.015367210369114703e-01
6.148856924127370505e-01
6.324484978562597837e-01
5.984318812885141003e-01
6.053622708392664142e-01
6.232707858453456762e-01
5.941744725839529506e-01
6.334255003916741122e-01
6.171717233428716254e-01
6.356478792059361282e-01
5.812360518647706753e-01
6.118255371352283589e-01
6.152647305435889891e-01
6.166566138401697872e-01
6.048268970407867373e-01
5.980136310262612609e-01
6.231541860561913282e-01
6.055591121728469695e-01
6.301263620790884534e-01
6.051027327281037760e-01
6.217821267399958884e-01
6.360540842820081586e-01
6.188097506921007573e-01
6.385509987987917357e-01
6.117223471449131367e-01
6.290560308321143657e-01
6.208403368554040735e-01
6.124565270344625167e-01
6.167463223712126297e-01
5.880004231585065355e-01
6.116987421359013632e-01
6.305705330659606700e-01
6.136717573961579797e-01
6.197029449963538106e-01
6.200823822956366138e-01
6.260310740976969823e-01
5.982822740859218280e-01
6.177280360317265462e-01
6.250651477946017609e-01
6.101921090666067027e-01
6.170169679753010339e-01
6.286277552869841134e-01
6.272286826325751408e-01
6.324643965226014464e-01
6.094378523558426908e-01
6.455347665539022950e-01
6.283661048027596729e-01
6.238771769851061411e-01
6.259501070340599549e-01
6.161543460239936598e-01
6.215996201660897169e-01
6.014559089824145222e-01
6.350601230348941195e-01
6.138891532503826243e-01
6.309906612275109072e-01
6.425236148060227137e-01
6.420674223696933858e-01
6.670945642428346423e-01
6.581775468467834234e-01
6.676456338879396268e-01
6.549078718822105571e-01
6.459533116907913985e-01
6.518557633056545342e-01
6.685263436094690537e-01
6.875547166707607349e-01
6.629815140494471626e-01
6.715977538980244521e-01
6.597230032542047429e-01
6.656475075113322815e-01
6.693056147512053133e-01
6.670027726412058877e-01
6.910348458123311000e-01
6.729952644531174144e-01
6.656449160572155410e-01
6.657908396684831809e-01
6.694297636964475773e-01
6.711073688020382511e-01
6.820170826660117980e-01
6.841253007340248882e-01
6.815547837214894766e-01
6.683235631818563727e-01
6.900285704922584085e-01
6.594412280397132786e-01
6.697258809847865813e-01
6.570079119319901517e-01
6.622418761009125632e-01
6.766454865097621951e-01
6.678275128487717316e-01
6.335671574524186500e-01
6.825295654778976706e-01
6.560506832780231834e-01
6.613952448289976971e-01
6.686238156553573342e-01
6.384082487215493318e-01
6.903956664928871945e-01
6.605919080352982142e-01
6.650332345613407803e-01
6.712833059725797913e-01
6.597383309133455498e-01
6.555281891306325992e-01
6.610870039677970711e-01
6.702463741887489945e-01
6.748167483369340580e-01
6.694536445527139445e-01
6.756927609246504707e-01
6.419944270429114308e-01
6.719985949321919394e-01
6.868858850924957071e-01
6.747033737715609769e-01
6.816202654855564314e-01
6.640448173516914077e-01
6.741539300165404480e-01
6.715668181498893885e-01
6.692090854994271476e-01
6.730858619771068474e-01
6.711918819287309157e-01
6.524070303518341163e-01
6.749629174295450618e-01
6.703462490479868974e-01
6.760408417057849340e-01
6.717855851225296160e-01
6.201671801341049894e-01
6.104397036375411867e-01
6.354739756378740001e-01
6.155977737292925855e-01
6.168593957873518274e-01
5.991600507305958612e-01
6.228232083598309599e-01
6.044348031041471003e-01
6.408790738912090168e-01
6.190668159829412209e-01
6.251620871506190502e-01
6.181475339472238817e-01
6.213251166320477026e-01
6.097158365467307828e-01
5.984377292358601386e-01
6.205645551429371798e-01
6.155041266146848988e-01
6.218800444614105416e-01
6.085048945663277253e-01
6.205787269215093938e-01
6.292771893404629502e-01
6.183650205434143565e-01
5.977024418193195299e-01
6.337040671534903691e-01
6.154230787702105188e-01
6.163705614017984669e-01
6.005078249514506084e-01
6.005550428977307620e-01
6.315421521431056062e-01
6.151565735603123919e-01
6.166826498582753668e-01
6.289098815152828204e-01
5.884656193980976058e-01
6.309366288799572731e-01
6.115029801240225993e-01
6.342549261928347448e-01
6.245304324489554526e-01
6.157444067065745985e-01
6.278125989378150473e-01
5.985671908910559225e-01
6.067004501527859528e-01
6.182650032442097432e-01
6.090537468639823926e-01
6.235336748076063529e-01
6.129859262748456050e-01
6.223565619976653140e-01
6.177247454505205848e-01
6.190838019004978321e-01
6.309027908752320446e-01
6.220931324633397486e-01
6.300337095361973061e-01
6.095379902288072804e-01
6.163163965081400741e-01
6.049987165429138170e-01
6.316322198881278993e-01
6.368720077690833703e-01
6.421322729528680107e-01
6.013787752438587431e-01
6.108546228185047777e-01
6.328693054118945671e-01
6.305566538781488539e-01
6.268642332688489915e-01
6.092635869314411146e-01
6.221347462110490278e-01
6.183144906630289039e-01
6.052994700600287103e-01
6.214011298150300400e-01
6.324821623866304643e-01
6.243499143454633860e-01
6.045302782898474003e-01
6.147383897692161314e-01
6.400587648701914212e-01
6.300945271377431656e-01
6.229040115139832245e-01
6.277032670969444617e-01
6.401613739449473206e-01
6.163167372784750242e-01
6.348602852345338610e-01
6.270680751195002456e-01
6.319016322384304329e-01
6.113071351097905115e-01
6.361831289994982486e-01
6.118791342060069249e-01
6.333014015354009318e-01
6.244886894572797553e-01
6.353689091903422792e-01
6.275145211072487017e-01
6.271116539791742328e-01
6.309030015681865722e-01
6.045258702342496404e-01
6.241590912833765437e-01
6.104853693829567218e-01
6.172171211917147904e-01
6.260640466788661707e-01
6.527237282715530053e-01
6.264072653036741878e-01
6.341985451128894224e-01
6.411767485898844932e-01
6.338115957799603795e-01
6.165099801590416817e-01
6.105169667115031285e-01
6.345915609395285095e-01
6.261427361036602246e-01
6.112409811665097115e-01
6.352761286019745768e-01
6.447467539947867587e-01
6.358229216751859481e-01
6.402827520759679647e-01
6.291694184837116621e-01
6.304877682653273752e-01
6.438685039978164770e-01
6.032762025024679398e-01
6.201221694168584930e-01
6.168707174488115008e-01
6.340119005460491675e-01
6.446810124340502934e-01
6.478169777956904740e-01
6.123886903557658190e-01
6.454623550503331142e-01
6.175323008910006406e-01
6.145807009501270679e-01
6.339716672559233546e-01
6.051900184608682842e-01
6.192929800783325556e-01
6.086654107944989844e-01
6.309488362958831642e-01
6.341905679134530738e-01
6.202999513760143468e-01
6.318023424652262632e-01
6.509279220176682479e-01
6.474112218220851034e-01
6.458281554279360348e-01
6.355944163441428207e-01
6.378369766146061437e-01
6.347367231412730515e-01
6.090736093582944655e-01
6.162149273146562134e-01
6.615806587897429258e-01
5.945536044886585714e-01
6.257278253721526573e-01
6.257020660074471552e-01
6.278319025315077795e-01
6.221878443929615976e-01
6.394391965688502877e-01
6.290261946443070906e-01
6.328435765088328280e-01
6.398997511149174811e-01
6.028655345870044258e-01
6.215474396753634112e-01
6.180093045947294694e-01
6.330787560907398248e-01
6.388692853034629859e-01
6.293420846204835772e-01
6.290921641296632894e-01
6.557816240985018252e-01
6.233384733263594990e-01
6.269093500482794123e-01
6.167393574514268284e-01
6.386225933113229836e-01
6.413072162301962642e-01
6.444421990645475828e-01
5.988074635736783113e-01
6.305941074513794486e-01
6.612687116544425647e-01
6.352587678889480838e-01
6.330465578051629461e-01
6.091928963085889714e-01
6.379823558036100684e-01
6.316282061324596242e-01
6.134417975284232050e-01
6.312211319262713838e-01
6.274930535752151206e-01
6.266727954082302876e-01
6.327619435534171943e-01
6.365822555657860704e-01
6.302369874168322061e-01
6.289151656763533049e-01
6.329098929367146242e-01
6.284190907392170899e-01
6.287689524372936933e-01
6.504221914453115483e-01
6.393773773636420854e-01
6.400717108859480531e-01
6.202306348877359987e-01
6.336944066546448262e-01
6.271404464288192759e-01
6.383013920538064268e-01
6.358661574504225200e-01
6.378152192454531466e-01
6.247149997699920076e-01
6.203843495000611608e-01
6.345788746004864533e-01
6.328868944434310473e-01
6.639022082036735162e-01
6.448600620013585916e-01
6.491635438038574346e-01
6.421790032539040904e-01
6.435371177593141034e-01
6.736290388596137824e-01
6.454991766037064815e-01
6.606213375187759418e-01
6.642798832300349510e-01
6.593866520587892133e-01
6.454857147466362965e-01
6.372293697884309216e-01
6.514605245694627955e-01
6.458598599745979385e-01
6.247067773345648112e-01
6.487656297406285688e-01
6.601299855750712986e-01
6.542791076930895011e-01
6.424349111336344897e-01
6.516974499296656065e-01
6.321717610365785722e-01
6.349294082549562512e-01
6.486778258743300940e-01
6.273695281308786509e-01
6.517961009342362333e-01
6.536773878675186111e-01
6.406551974550824813e-01
6.750136578117760244e-01
6.550854490745259273e-01
6.193547167003808918e-01
6.435097870596372394e-01
6.264272239918394769e-01
6.401672715916105760e-01
6.395021754334880848e-01
6.615190689973112770e-01
6.405569423816301899e-01
6.493085841040238115e-01
6.465907566597871581e-01
6.509919109568692575e-01
6.454792042666528396e-01
6.312591999415072541e-01
6.396828278436411663e-01
6.318971742840705508e-01
6.546511561231478371e-01
6.400547858341884000e-01
6.458060685428111958e-01
6.673621309594877093e-01
6.443547856074012259e-01
6.737465945746812235e-01
6.345698032845437098e-01
6.503180891721476176e-01
6.272095218978135378e-01
6.445238867952463035e-01
6.344819437504324311e-01
6.595513969135559096e-01
6.534233850603544669e-01
6.482447352663838203e-01
6.338397960408704845e-01
6.332444120170592772e-01
6.447236301402166081e-01
6.326093072837583042e-01
6.589624566148269968e-01
6.396125518582189695e-01
6.500598258375097638e-01
6.307999145526160811e-01
6.138703883551724916e-01
6.133576176455707296e-01
6.393932253535320465e-01
6.421169804446876794e-01
6.321580075173867108e-01
6.188983784000964272e-01
6.049396413155669894e-01
6.234929119396722674e-01
6.436397793874970574e-01
6.270039372602986827e-01
6.474175040857292895e-01
6.155831427845851467e-01
6.264949265558870106e-01
6.309433224559034548e-01
6.351403474596090115e-01
6.260549096326676333e-01
6.299196312208014126e-01
6.152114725709129095e-01
6.351723011823604548e-01
6.142041150046144704e-01
6.134084501295546943e-01
6.183309679570266892e-01
6.346511226086947177e-01
6.200721945246895350e-01
6.407060186006483526e-01
6.234696160323717207e-01
6.288285768807096998e-01
6.206928761062625588e-01
6.170830784962271220e-01
6.297446422226320450e-01
6.229006509168364403e-01
6.256628193046912534e-01
6.322829441592731081e-01
6.247778796111163047e-01
6.308008934204073492e-01
6.465308050043868660e-01
6.293739088640071255e-01
6.398392065386384608e-01
6.464736774186113921e-01
6.286384126900258495e-01
6.422102650610458374e-01
6.119811047137284632e-01
6.170083170371272185e-01
6.370078373163582386e-01
6.421031951307516472e-01
6.359912626339843111e-01
6.300980418017654294e-01
6.399604012284708654e-01
6.211984193954044331e-01
6.290565654484795433e-01
6.286018075650431358e-01
6.568018522204017717e-01
6.340352744069648327e-01
6.618393585690890424e-01
6.277409809106699878e-01
6.461625367555438038e-01
6.246005254227025016e-01
6.256395329075026268e-01
6.209365209921448026e-01
6.326616674045099087e-01
6.414662875466097258e-01
6.304983623165173467e-01
6.059920024706382247e-01
6.188895551266367923e-01
6.320138098412866334e-01
6.256447172602637163e-01
6.207502226191158323e-01
6.330421713514050586e-01
6.153423789843641689e-01
6.204114415179292630e-01
6.082027683113298000e-01
6.059116313066671422e-01
6.230894907946739059e-01
6.094123065338967749e-01
6.117796209689976283e-01
6.135201193389262508e-01
6.221371194227892643e-01
6.174296054348297202e-01
6.236491762049649612e-01
6.365245456513628497e-01
6.216762006755277570e-01
6.274492704636238649e-01
6.239032548560459190e-01
6.331871869974283751e-01
6.271115570067615774e-01
6.126324501497887320e-01
6.248360303143662975e-01
6.249867847481209715e-01
6.372821353549666945e-01
6.175399014857948510e-01
6.294543649756927373e-01
6.192590194711488083e-01
6.292327413326108676e-01
6.250452771722586620e-01
6.158715477581839792e-01
6.147513433090562307e-01
6.256895213148560009e-01
6.171786058646976381e-01
6.325720943228809734e-01
6.237278198328319867e-01
6.067403062776625111e-01
6.091180318186932841e-01
6.448480251385528828e-01
6.235825810552809711e-01
6.190243547642023669e-01
6.216408026497918238e-01
6.232377052080682045e-01
6.114812852028710388e-01
6.320090476265487478e-01
6.220240477477458896e-01
6.161869448722131493e-01
6.346912889130623681e-01
6.231239474637568776e-01
6.111935266809387368e-01
6.269288226548914711e-01
6.220955191728260170e-01
6.242640799306914401e-01
6.302071374140267856e-01
6.186295314688267100e-01
6.283362338794441504e-01
6.085832498874668151e-01
6.351975389247164205e-01
6.180794790316540555e-01
6.087196755009433025e-01
6.269126586828828174e-01
6.054061998739879158e-01
7.617430039343823234e-01
7.683937062225593140e-01
7.732120264812836208e-01
7.688789025256013154e-01
7.619170366982453979e-01
7.654852035681166678e-01
7.729406385875663421e-01
7.688099528928614701e-01
7.498844742856136669e-01
7.571083589891853816e-01
7.625736944400695050e-01
7.483495690162464964e-01
7.144241369280116549e-01
7.495395455515955208e-01
7.471363148377018204e-01
7.427251578087311623e-01
7.683184053460991869e-01
7.484230468351247278e-01
7.441235034058287789e-01
7.662840395731539411e-01
7.515616636883866164e-01
7.482859304655092858e-01
7.467469326898802384e-01
7.570607314789273845e-01
7.423868744649255724e-01
7.347274462988370169e-01
7.316469348732871358e-01
7.640980093394217354e-01
7.794154519077175491e-01
7.594375686023334682e-01
7.274426482775127045e-01
7.421980694473440110e-01
7.560348521877831018e-01
7.679399799254900127e-01
7.613225654914422824e-01
7.394704021157439966e-01
7.555050810950512119e-01
7.576441406030898218e-01
7.839897235556259059e-01
7.629737989937828146e-01
7.565134297369106031e-01
7.632409761602912956e-01
7.660855905527630405e-01
7.557763731361668569e-01
7.655357942778028280e-01
7.370611858403671723e-01
7.606900633213327101e-01
7.640182295433382009e-01
7.561376280034231012e-01
7.717760293201759714e-01
7.715953985648882352e-01
7.863550788488526955e-01
7.656531174021424802e-01
7.417834739629065588e-01
7.586146757111699168e-01
7.416133536581540620e-01
7.414050751951082319e-01
7.496978124260856857e-01
7.415744233699328447e-01
7.627079885736183229e-01
7.569289674866271911e-01
7.502540596967508524e-01
7.448840557125520068e-01
7.613216829644467998e-01
7.451231508042378548e-01
7.290486410307707166e-01
7.175565284812209788e-01
7.321008721432995525e-01
7.206196379899703075e-01
7.313518176445392704e-01
7.163174218068785182e-01
7.257862437472316630e-01
7.070268527717400442e-01
7.360042651704549188e-01
7.033421631160543530e-01
7.207564836592946778e-01
7.120784465255315387e-01
7.246492718967086910e-01
7.213446622610153458e-01
7.174310283400237021e-01
7.158921039957601984e-01
7.282924932248756589e-01
7.210006959729671205e-01
7.347765801541820130e-01
7.216717961379968127e-01
7.431892586729730299e-01
7.249923480579946178e-01
7.286009105661950258e-01
6.923686580494137210e-01
7.178078202386116713e-01
7.154752508719407489e-01
7.254867169749181777e-01
7.232916160711521103e-01
7.088600976455096125e-01
7.207599692193685792e-01
7.507667402801915246e-01
7.281785077184086408e-01
7.243103308507298221e-01
7.071545492478871209e-01
7.072355995212871171e-01
7.269568203754251945e-01
7.336322797768651816e-01
7.385649266196354645e-01
7.113654073710199421e-01
7.237607716789510315e-01
7.284633775769163710e-01
7.357015105232507235e-01
7.279717974464974262e-01
7.130811307632746177e-01
7.161172958512640463e-01
7.170951897626353100e-01
7.353646149443585633e-01
7.132202792052122486e-01
7.072321617615771050e-01
7.192369198290844423e-01
7.238468665025092896e-01
7.395423198412234278e-01
7.346461178864469588e-01
7.130313847644578207e-01
7.214353308210778026e-01
7.342817601117980209e-01
7.265915540165334141e-01
7.239674030544792638e-01
7.294991625342406305e-01
7.222036671865781354e-01
7.201765156790232991e-01
7.076767971089102938e-01
7.290878413054884266e-01
7.427557010762161349e-01
