1.000000000000000000e+00
9.999999999998148148e-01
3.044370048790692659e-39
5.812305087789138281e-24
1.000000000000000000e+00
3.165658359605263082e-43
1.000000000000000000e+00
9.999999999999991118e-01
1.000000000000000000e+00
9.999999999999817923e-01
9.999999999999993339e-01
2.600239301906724876e-32
9.999999999999993339e-01
1.000000000000000000e+00
1.000000000000000000e+00
5.444268565247489644e-45
3.756693274765651944e-40
1.697585669233182972e-33
1.000000000000000000e+00
1.082543943191994399e-37
4.824527043292886703e-38
1.000000000000000000e+00
1.000000000000000000e+00
1.674056963653210641e-40
2.225663339352214696e-24
2.356830000300079058e-41
1.000000000000000000e+00
1.095917706067517194e-43
1.000000000000000000e+00
9.999999999959374719e-01
9.999999999999991118e-01
9.999999790648963494e-01
2.599858340466234423e-36
4.320908911123788974e-28
1.000000000000000000e+00
8.854926949939853631e-02
3.763504727960539308e-27
1.000000000000000000e+00
9.999946115525476520e-01
1.000000000000000000e+00
1.350604862384447921e-41
1.000000000000000000e+00
2.594788915184070541e-42
5.186545326246634420e-39
1.404111426158818207e-33
1.501595643662215488e-37
2.483405205662881052e-43
1.000000000000000000e+00
1.000000000000000000e+00
8.379362429726288844e-27
1.784786514796596707e-34
1.948218464332424365e-41
1.971118200204098476e-35
1.493216670708438217e-44
1.257287390449267306e-31
1.000000000000000000e+00
7.466988921881536138e-45
3.512196344226504264e-34
1.332581119141032958e-28
9.999214330954042662e-01
1.000000000000000000e+00
9.999999999998148148e-01
3.044370048790692659e-39
5.812305087789138281e-24
1.000000000000000000e+00
3.165658359605263082e-43
1.000000000000000000e+00
9.999999999999991118e-01
1.000000000000000000e+00
9.999999999999817923e-01
9.999999999999993339e-01
2.600239301906724876e-32
9.999999999999993339e-01
1.000000000000000000e+00
1.000000000000000000e+00
5.444268565247489644e-45
3.756693274765651944e-40
1.697585669233182972e-33
1.000000000000000000e+00
1.082543943191994399e-37
4.824527043292886703e-38
1.000000000000000000e+00
1.000000000000000000e+00
1.674056963653210641e-40
2.225663339352214696e-24
2.356830000300079058e-41
1.000000000000000000e+00
1.095917706067517194e-43
1.000000000000000000e+00
9.999999999959374719e-01
9.999999999999991118e-01
9.999999790648963494e-01
2.599858340466234423e-36
4.320908911123788974e-28
1.000000000000000000e+00
8.854926949939853631e-02
3.763504727960539308e-27
1.000000000000000000e+00
9.999946115525476520e-01
1.000000000000000000e+00
1.350604862384447921e-41
1.000000000000000000e+00
2.594788915184070541e-42
5.186545326246634420e-39
1.404111426158818207e-33
1.501595643662215488e-37
2.483405205662881052e-43
1.000000000000000000e+00
1.000000000000000000e+00
8.379362429726288844e-27
1.784786514796596707e-34
1.948218464332424365e-41
1.971118200204098476e-35
1.493216670708438217e-44
1.257287390449267306e-31
1.000000000000000000e+00
7.466988921881536138e-45
3.512196344226504264e-34
1.332581119141032958e-28
9.999214330954042662e-01
1.000000000000000000e+00
9.999999999998148148e-01
3.044370048790692659e-39
5.812305087789138281e-24
1.000000000000000000e+00
3.165658359605263082e-43
1.000000000000000000e+00
9.999999999999991118e-01
1.000000000000000000e+00
9.999999999999817923e-01
9.999999999999993339e-01
2.600239301906724876e-32
9.999999999999993339e-01
1.000000000000000000e+00
1.000000000000000000e+00
5.444268565247489644e-45
3.756693274765651944e-40
1.697585669233182972e-33
1.000000000000000000e+00
1.082543943191994399e-37
4.824527043292886703e-38
1.000000000000000000e+00
1.000000000000000000e+00
1.674056963653210641e-40
2.225663339352214696e-24
2.356830000300079058e-41
1.000000000000000000e+00
1.095917706067517194e-43
1.000000000000000000e+00
9.999999999959374719e-01
9.999999999999991118e-01
9.999999790648963494e-01
2.599858340466234423e-36
4.320908911123788974e-28
1.000000000000000000e+00
8.854926949939853631e-02
3.763504727960539308e-27
1.000000000000000000e+00
9.999946115525476520e-01
1.000000000000000000e+00
1.350604862384447921e-41
1.000000000000000000e+00
2.594788915184070541e-42
5.186545326246634420e-39
1.404111426158818207e-33
1.501595643662215488e-37
2.483405205662881052e-43
1.000000000000000000e+00
1.000000000000000000e+00
8.379362429726288844e-27
1.784786514796596707e-34
1.948218464332424365e-41
1.971118200204098476e-35
1.493216670708438217e-44
1.257287390449267306e-31
1.000000000000000000e+00
7.466988921881536138e-45
3.512196344226504264e-34
1.332581119141032958e-28
9.999214330954042662e-01
1.000000000000000000e+00
9.999999999998148148e-01
3.044370048790692659e-39
5.812305087789138281e-24
1.000000000000000000e+00
3.165658359605263082e-43
1.000000000000000000e+00
9.999999999999991118e-01
1.000000000000000000e+00
9.999999999999817923e-01
9.999999999999993339e-01
2.600239301906724876e-32
9.999999999999993339e-01
1.000000000000000000e+00
1.000000000000000000e+00
5.444268565247489644e-45
3.756693274765651944e-40
1.697585669233182972e-33
1.000000000000000000e+00
1.082543943191994399e-37
4.824527043292886703e-38
1.000000000000000000e+00
1.000000000000000000e+00
1.674056963653210641e-40
2.225663339352214696e-24
2.356830000300079058e-41
1.000000000000000000e+00
1.095917706067517194e-43
1.000000000000000000e+00
9.999999999959374719e-01
9.999999999999991118e-01
9.999999790648963494e-01
2.599858340466234423e-36
4.320908911123788974e-28
1.000000000000000000e+00
8.854926949939853631e-02
3.763504727960539308e-27
1.000000000000000000e+00
9.999946115525476520e-01
1.000000000000000000e+00
1.350604862384447921e-41
1.000000000000000000e+00
2.594788915184070541e-42
5.186545326246634420e-39
1.404111426158818207e-33
1.501595643662215488e-37
2.483405205662881052e-43
1.000000000000000000e+00
1.000000000000000000e+00
8.379362429726288844e-27
1.784786514796596707e-34
1.948218464332424365e-41
1.971118200204098476e-35
1.493216670708438217e-44
1.257287390449267306e-31
1.000000000000000000e+00
7.466988921881536138e-45
3.512196344226504264e-34
1.332581119141032958e-28
9.999214330954042662e-01
1.000000000000000000e+00
9.999999999998148148e-01
3.044370048790692659e-39
5.812305087789138281e-24
1.000000000000000000e+00
3.165658359605263082e-43
1.000000000000000000e+00
9.999999999999991118e-01
1.000000000000000000e+00
9.999999999999817923e-01
9.999999999999993339e-01
2.600239301906724876e-32
9.999999999999993339e-01
1.000000000000000000e+00
1.000000000000000000e+00
5.444268565247489644e-45
3.756693274765651944e-40
1.697585669233182972e-33
1.000000000000000000e+00
1.082543943191994399e-37
4.824527043292886703e-38
1.000000000000000000e+00
1.000000000000000000e+00
1.674056963653210641e-40
2.225663339352214696e-24
2.356830000300079058e-41
1.000000000000000000e+00
1.095917706067517194e-43
1.000000000000000000e+00
9.999999999959374719e-01
9.999999999999991118e-01
9.999999790648963494e-01
2.599858340466234423e-36
4.320908911123788974e-28
1.000000000000000000e+00
8.854926949939853631e-02
3.763504727960539308e-27
1.000000000000000000e+00
9.999946115525476520e-01
1.000000000000000000e+00
1.350604862384447921e-41
1.000000000000000000e+00
2.594788915184070541e-42
5.186545326246634420e-39
1.404111426158818207e-33
1.501595643662215488e-37
2.483405205662881052e-43
1.000000000000000000e+00
1.000000000000000000e+00
8.379362429726288844e-27
1.784786514796596707e-34
1.948218464332424365e-41
1.971118200204098476e-35
1.493216670708438217e-44
1.257287390449267306e-31
1.000000000000000000e+00
7.466988921881536138e-45
3.512196344226504264e-34
1.332581119141032958e-28
9.999214330954042662e-01
1.000000000000000000e+00
9.999999999998148148e-01
3.044370048790692659e-39
5.812305087789138281e-24
1.000000000000000000e+00
3.165658359605263082e-43
1.000000000000000000e+00
9.999999999999991118e-01
1.000000000000000000e+00
9.999999999999817923e-01
9.999999999999993339e-01
2.600239301906724876e-32
9.999999999999993339e-01
1.000000000000000000e+00
1.000000000000000000e+00
5.444268565247489644e-45
3.756693274765651944e-40
1.697585669233182972e-33
1.000000000000000000e+00
1.082543943191994399e-37
4.824527043292886703e-38
1.000000000000000000e+00
1.000000000000000000e+00
1.674056963653210641e-40
2.225663339352214696e-24
2.356830000300079058e-41
1.000000000000000000e+00
1.095917706067517194e-43
1.000000000000000000e+00
9.999999999959374719e-01
9.999999999999991118e-01
9.999999790648963494e-01
2.599858340466234423e-36
4.320908911123788974e-28
1.000000000000000000e+00
8.854926949939853631e-02
3.763504727960539308e-27
1.000000000000000000e+00
9.999946115525476520e-01
1.000000000000000000e+00
1.350604862384447921e-41
1.000000000000000000e+00
2.594788915184070541e-42
5.186545326246634420e-39
1.404111426158818207e-33
1.501595643662215488e-37
2.483405205662881052e-43
1.000000000000000000e+00
1.000000000000000000e+00
8.379362429726288844e-27
1.784786514796596707e-34
1.948218464332424365e-41
1.971118200204098476e-35
1.493216670708438217e-44
1.257287390449267306e-31
1.000000000000000000e+00
7.466988921881536138e-45
3.512196344226504264e-34
1.332581119141032958e-28
9.999214330954042662e-01
1.000000000000000000e+00
9.999999999998148148e-01
3.044370048790692659e-39
5.812305087789138281e-24
1.000000000000000000e+00
3.165658359605263082e-43
1.000000000000000000e+00
9.999999999999991118e-01
1.000000000000000000e+00
9.999999999999817923e-01
9.999999999999993339e-01
2.600239301906724876e-32
9.999999999999993339e-01
1.000000000000000000e+00
1.000000000000000000e+00
5.444268565247489644e-45
3.756693274765651944e-40
1.697585669233182972e-33
1.000000000000000000e+00
1.082543943191994399e-37
4.824527043292886703e-38
1.000000000000000000e+00
1.000000000000000000e+00
1.674056963653210641e-40
2.225663339352214696e-24
2.356830000300079058e-41
1.000000000000000000e+00
1.095917706067517194e-43
1.000000000000000000e+00
9.999999999959374719e-01
9.999999999999991118e-01
9.999999790648963494e-01
2.599858340466234423e-36
4.320908911123788974e-28
1.000000000000000000e+00
8.854926949939853631e-02
3.763504727960539308e-27
1.000000000000000000e+00
9.999946115525476520e-01
1.000000000000000000e+00
1.350604862384447921e-41
1.000000000000000000e+00
2.594788915184070541e-42
5.186545326246634420e-39
1.404111426158818207e-33
1.501595643662215488e-37
2.483405205662881052e-43
1.000000000000000000e+00
1.000000000000000000e+00
8.379362429726288844e-27
1.784786514796596707e-34
1.948218464332424365e-41
1.971118200204098476e-35
1.493216670708438217e-44
1.257287390449267306e-31
1.000000000000000000e+00
7.466988921881536138e-45
3.512196344226504264e-34
1.332581119141032958e-28
9.999214330954042662e-01
1.000000000000000000e+00
9.999999999998148148e-01
3.044370048790692659e-39
5.812305087789138281e-24
1.000000000000000000e+00
3.165658359605263082e-43
1.000000000000000000e+00
9.999999999999991118e-01
1.000000000000000000e+00
9.999999999999817923e-01
9.999999999999993339e-01
2.600239301906724876e-32
9.999999999999993339e-01
1.000000000000000000e+00
1.000000000000000000e+00
5.444268565247489644e-45
3.756693274765651944e-40
1.697585669233182972e-33
1.000000000000000000e+00
1.082543943191994399e-37
4.824527043292886703e-38
1.000000000000000000e+00
1.000000000000000000e+00
1.674056963653210641e-40
2.225663339352214696e-24
2.356830000300079058e-41
1.000000000000000000e+00
1.095917706067517194e-43
1.000000000000000000e+00
9.999999999959374719e-01
9.999999999999991118e-01
9.999999790648963494e-01
2.599858340466234423e-36
4.320908911123788974e-28
1.000000000000000000e+00
8.854926949939853631e-02
3.763504727960539308e-27
1.000000000000000000e+00
9.999946115525476520e-01
1.000000000000000000e+00
1.350604862384447921e-41
1.000000000000000000e+00
2.594788915184070541e-42
5.186545326246634420e-39
1.404111426158818207e-33
1.501595643662215488e-37
2.483405205662881052e-43
1.000000000000000000e+00
1.000000000000000000e+00
8.379362429726288844e-27
1.784786514796596707e-34
1.948218464332424365e-41
1.971118200204098476e-35
1.493216670708438217e-44
1.257287390449267306e-31
1.000000000000000000e+00
7.466988921881536138e-45
3.512196344226504264e-34
1.332581119141032958e-28
9.999214330954042662e-01
1.000000000000000000e+00
9.999999999998148148e-01
3.044370048790692659e-39
5.812305087789138281e-24
1.000000000000000000e+00
3.165658359605263082e-43
1.000000000000000000e+00
9.999999999999991118e-01
1.000000000000000000e+00
9.999999999999817923e-01
9.999999999999993339e-01
2.600239301906724876e-32
9.999999999999993339e-01
1.000000000000000000e+00
1.000000000000000000e+00
5.444268565247489644e-45
3.756693274765651944e-40
1.697585669233182972e-33
1.000000000000000000e+00
1.082543943191994399e-37
4.824527043292886703e-38
1.000000000000000000e+00
1.000000000000000000e+00
1.674056963653210641e-40
2.225663339352214696e-24
2.356830000300079058e-41
1.000000000000000000e+00
1.095917706067517194e-43
1.000000000000000000e+00
9.999999999959374719e-01
9.999999999999991118e-01
9.999999790648963494e-01
2.599858340466234423e-36
4.320908911123788974e-28
1.000000000000000000e+00
8.854926949939853631e-02
3.763504727960539308e-27
1.000000000000000000e+00
9.999946115525476520e-01
1.000000000000000000e+00
1.350604862384447921e-41
1.000000000000000000e+00
2.594788915184070541e-42
5.186545326246634420e-39
1.404111426158818207e-33
1.501595643662215488e-37
2.483405205662881052e-43
1.000000000000000000e+00
1.000000000000000000e+00
8.379362429726288844e-27
1.784786514796596707e-34
1.948218464332424365e-41
1.971118200204098476e-35
1.493216670708438217e-44
1.257287390449267306e-31
1.000000000000000000e+00
7.466988921881536138e-45
3.512196344226504264e-34
1.332581119141032958e-28
9.999214330954042662e-01
1.000000000000000000e+00
9.999999999998148148e-01
3.044370048790692659e-39
5.812305087789138281e-24
1.000000000000000000e+00
3.165658359605263082e-43
1.000000000000000000e+00
9.999999999999991118e-01
1.000000000000000000e+00
9.999999999999817923e-01
9.999999999999993339e-01
2.600239301906724876e-32
9.999999999999993339e-01
1.000000000000000000e+00
1.000000000000000000e+00
5.444268565247489644e-45
3.756693274765651944e-40
1.697585669233182972e-33
1.000000000000000000e+00
1.082543943191994399e-37
4.824527043292886703e-38
1.000000000000000000e+00
1.000000000000000000e+00
1.674056963653210641e-40
2.225663339352214696e-24
2.356830000300079058e-41
1.000000000000000000e+00
1.095917706067517194e-43
1.000000000000000000e+00
9.999999999959374719e-01
9.999999999999991118e-01
9.999999790648963494e-01
2.599858340466234423e-36
4.320908911123788974e-28
1.000000000000000000e+00
8.854926949939853631e-02
3.763504727960539308e-27
1.000000000000000000e+00
9.999946115525476520e-01
1.000000000000000000e+00
1.350604862384447921e-41
1.000000000000000000e+00
2.594788915184070541e-42
5.186545326246634420e-39
1.404111426158818207e-33
1.501595643662215488e-37
2.483405205662881052e-43
1.000000000000000000e+00
1.000000000000000000e+00
8.379362429726288844e-27
1.784786514796596707e-34
1.948218464332424365e-41
1.971118200204098476e-35
1.493216670708438217e-44
1.257287390449267306e-31
1.000000000000000000e+00
7.466988921881536138e-45
3.512196344226504264e-34
1.332581119141032958e-28
9.999214330954042662e-01
