9.993192746497799872e-01
9.993192746501314838e-01
3.200905792970629247e-03
9.993082073824166578e-01
9.993191950956054059e-01
9.993203181043813776e-01
9.993334006119518609e-01
3.447730406994830503e-04
9.993192746501351476e-01
1.181392898293041942e-04
9.991762008386706473e-01
3.652709648504326272e-04
9.993192742360279546e-01
9.993172559826459800e-01
9.993191910839392955e-01
9.993193892585330307e-01
9.993379730677095507e-01
9.993387477349877646e-01
9.993026608977712000e-01
9.993184941892481188e-01
9.993186220102251438e-01
9.993191606701467000e-01
9.993192344304976382e-01
9.993192742286239882e-01
9.993184846584610703e-01
9.993191947270522180e-01
9.990715158607423874e-01
9.993192565850418374e-01
9.993192746501351476e-01
9.993192705887297134e-01
9.993029064625443825e-01
9.993191049391724201e-01
9.993192598665278092e-01
9.992419450954411753e-01
9.993192545730090748e-01
9.993179933840582452e-01
9.993192723048781589e-01
9.993192746500216828e-01
9.993192621252522390e-01
9.992610382736405450e-01
9.992549031212284438e-01
3.425922137330625415e-05
9.992388336578612584e-01
9.992364832449003309e-01
9.992422486086992572e-01
1.448057294133852898e-04
9.992360801863088282e-01
9.992424597853529766e-01
9.992424923472862375e-01
9.992339920411725807e-01
9.992829979445913002e-01
9.992356272712098475e-01
9.992386680584172121e-01
9.992390295842180636e-01
9.992425112495932904e-01
9.992425168006733305e-01
9.992329225425872208e-01
9.991284523839198961e-01
9.992391052984463951e-01
9.992388279941594176e-01
9.992357031070733253e-01
9.992287367609581361e-01
9.992309720614337420e-01
9.991683375695712410e-01
9.992411313164231146e-01
9.992379079521668261e-01
9.992377019567206808e-01
4.410641436399910054e-05
9.992417270933111606e-01
9.992703133013919325e-01
9.992970935578298075e-01
9.992366715144713751e-01
9.992369719439262443e-01
4.661221291246950201e-05
4.404342349454601596e-05
9.993282717422214967e-01
4.794101398292281176e-05
9.992347193541263328e-01
9.996974389080253154e-01
2.134192174607152121e-03
9.996979629404817436e-01
9.996972623364344113e-01
9.996977637838815323e-01
9.996972614474552987e-01
9.996972614469715745e-01
2.062317458900842816e-03
9.996972614659535017e-01
9.997086803962804691e-01
9.996972576752265471e-01
9.997252861602277108e-01
9.995900186671787813e-01
9.996972635945994279e-01
1.047555242292923239e-02
9.996972614469717966e-01
9.996972614476787866e-01
9.997051868813654485e-01
9.996972887508590588e-01
2.115484579171418664e-03
9.996972614468578877e-01
9.996972614469717966e-01
9.996972614469717966e-01
9.996994869908994996e-01
9.997297135607235985e-01
9.997389789901157675e-01
9.997316494535964937e-01
9.996988492951699445e-01
9.996972614469717966e-01
2.573397833139224548e-03
9.996972614469717966e-01
2.928115315696738948e-03
9.996972614469691321e-01
9.996972614469717966e-01
9.996972614469717966e-01
9.996972614469717966e-01
9.996977665463621099e-01
9.997343380012149172e-01
9.996972614469717966e-01
9.992899063454262487e-01
9.987816317396990273e-01
9.992835617132952430e-01
9.992869323421325056e-01
9.992899686302808560e-01
9.992899980462174314e-01
9.565578655167020772e-01
9.992783948859247367e-01
9.992878184007998321e-01
9.992770401795538771e-01
7.571603817049944024e-05
5.426154955251048708e-05
2.021474232680781861e-03
9.992743501693476249e-01
4.756669279581698278e-05
5.760952311494019662e-05
9.993137787935453265e-01
9.992861814082979466e-01
9.992707025563758449e-01
9.992878365504989091e-01
9.992773732322458580e-01
9.992815524143585648e-01
9.992896419937354890e-01
9.992726431332700221e-01
9.992727344193901295e-01
9.993132312287797969e-01
9.992896259982970708e-01
5.143815472555074919e-05
9.992614871195200088e-01
9.993131343642914777e-01
4.423805074580856194e-05
9.992694833605594296e-01
9.739478802518984901e-01
9.992902148650958383e-01
6.648035413324567770e-05
9.992890435127307347e-01
9.992902204267484212e-01
9.992822314782604520e-01
9.992934835412209393e-01
9.992434891285556509e-01
9.996692813511356412e-01
9.996759059609348075e-01
9.996038313272890274e-01
9.996821053202505913e-01
9.996699271964500921e-01
4.718528212017793558e-04
9.996700254882134873e-01
9.996782709691687252e-01
9.996691297461721692e-01
9.996761507226805676e-01
9.996698269132785475e-01
9.996697422466606087e-01
9.996972683901093060e-01
4.183832417032614520e-02
9.996696350257925356e-01
9.996745608625252633e-01
9.996759636978398422e-01
9.996818373088053322e-01
4.871704643735108218e-04
4.807906946649984667e-04
9.996723139229864996e-01
9.996695539965259059e-01
4.313572865264369053e-04
9.994340788644747731e-01
9.996807242421756889e-01
3.370526598554256280e-04
9.996702996544433173e-01
9.996710532476346112e-01
9.996738588463800479e-01
9.996694969171170397e-01
9.996708512019332193e-01
9.996694617482518863e-01
9.996710632129054419e-01
9.996763769743193251e-01
9.996694191432143883e-01
9.996719800413915724e-01
9.996717262579476460e-01
9.996735107956105093e-01
9.997072824080065478e-01
6.052612438394778561e-04
9.999025382142280316e-01
9.999025381476034369e-01
5.776021300928157283e-04
9.999025381476036589e-01
9.999025381593488193e-01
9.999025381476034369e-01
9.999025381476034369e-01
9.999025544022133172e-01
5.176891751848118573e-04
9.999033502598154710e-01
9.998823090537820590e-01
9.999025406612134237e-01
1.859806040948762049e-02
9.999058994732140659e-01
9.999025381476034369e-01
9.999025390987994477e-01
9.999025408124287972e-01
5.602466867217687808e-04
9.999025386034455787e-01
9.999058187249593166e-01
5.003405485999348201e-01
9.999025381476034369e-01
9.998970031518691348e-01
9.999025511980209613e-01
9.999025397497920409e-01
9.999025381476045471e-01
9.999025382424157060e-01
9.999025381902336695e-01
9.999025382069610668e-01
9.999025381584677463e-01
9.999025381476034369e-01
9.999025397685968874e-01
9.999025381476034369e-01
9.999147481026010587e-01
9.999054770736948150e-01
9.999054874452808495e-01
9.999025381476063234e-01
9.999025381476072116e-01
9.994444408914434641e-01
9.994444344424345816e-01
9.994453510312319988e-01
9.797315451950088932e-07
9.994444177885632996e-01
9.994444347771208603e-01
9.994444311150536553e-01
9.276920510957440444e-07
9.995035805510036342e-01
9.994444408936328239e-01
9.994447772710381983e-01
9.994444223900876834e-01
9.994444408936328239e-01
9.994444365699332034e-01
9.994442792063394920e-01
9.994444405255551445e-01
9.995150752451884557e-01
9.994456611850818240e-01
9.994444124275102537e-01
9.994444108573513619e-01
9.994167072411859198e-01
8.959935768035803356e-07
7.856922581021408724e-07
9.994490978723874486e-01
9.994444592734703647e-01
9.994443388343540180e-01
9.994441870993836519e-01
9.127472141344122927e-07
1.104029006603495425e-06
9.994443971286433026e-01
9.994444397932958912e-01
9.994443198265841044e-01
1.317640875439010436e-06
2.032986013615111764e-06
9.994443285393390664e-01
9.619149403177826630e-07
9.995597292558875413e-01
9.994444334471959124e-01
9.994442175062582256e-01
9.994444350023127255e-01
9.995133979288972625e-01
9.294051159855862831e-01
9.994585213283558867e-01
7.211357285103539572e-04
9.994695367925663376e-01
9.994696537745421105e-01
9.994695409770384398e-01
9.995209363835028116e-01
9.994695014267449551e-01
9.994693595176378231e-01
9.994700752467089444e-01
9.994695409770384398e-01
9.995189593498950975e-01
9.994695409620140136e-01
9.994981332346916103e-01
9.994974402178690154e-01
9.994695409384829476e-01
9.993903300517111843e-01
9.994698831479750245e-01
9.994695389539356434e-01
9.993911210955137570e-01
2.834901330221705797e-03
5.532217373901332285e-04
9.994695409767470062e-01
9.994694950747027296e-01
9.994692961540913023e-01
9.994583941120778192e-01
9.994696181362049403e-01
9.994695133859362590e-01
9.994695675031017856e-01
9.994692908855279390e-01
9.994693776974490351e-01
7.632586589859297922e-04
9.994694866293863944e-01
1.185775398436930391e-03
9.994693159694402196e-01
9.534393671921961811e-04
6.599581324399016961e-04
9.994717172047711262e-01
9.999850105336355321e-01
9.999850505028811121e-01
9.999870957704588559e-01
9.999850470101631084e-01
9.999875339379177275e-01
9.999850095367852632e-01
9.878821794248794641e-03
9.999887901079749231e-01
9.999850503771361421e-01
9.999878310399433756e-01
9.999857405683350020e-01
9.999850460360878435e-01
9.999831462158819129e-01
9.999850504715049881e-01
9.999850505078481389e-01
9.999850505090476238e-01
9.999850413631781176e-01
9.999850485140047152e-01
9.999850172175754892e-01
9.999850505080286611e-01
9.999855687150362993e-01
9.999850478533793829e-01
9.999850505090571717e-01
9.999850087916720698e-01
9.999847391826193199e-01
9.999882287208751164e-01
8.404347621635631371e-03
9.999881990929768705e-01
9.999854430699665064e-01
9.999850505090576158e-01
9.999850491394036700e-01
9.999850020823819463e-01
9.999872816988655266e-01
9.999850441183533167e-01
9.999850492653337142e-01
9.999850467591112624e-01
8.473232262547069835e-03
9.999857096903300713e-01
9.999854630693278956e-01
1.069876557983271206e-02
