5.778194811885527526e-01
5.813871453754273499e-01
5.721091165790348487e-01
5.721090455052267876e-01
5.816090590103289992e-01
5.778195206617172675e-01
5.743476479349267638e-01
5.767955597637288712e-01
5.761007290897067756e-01
5.743476481891280905e-01
5.785714109661737048e-01
5.798129519946130239e-01
5.762276387689948542e-01
5.721090462532726351e-01
5.762407066706867198e-01
5.743473044158760032e-01
5.743476068009689683e-01
5.732096126559195204e-01
5.743470364389080540e-01
5.778195206617172675e-01
5.764574889424598503e-01
5.743408204606506029e-01
5.761789159323685849e-01
5.778195221421439376e-01
5.740614527808798329e-01
5.743466173226804417e-01
5.767953742854934340e-01
5.739685443780239149e-01
5.743474531581937992e-01
5.743476489842495036e-01
5.770987757555111619e-01
5.721093378358135251e-01
5.742631809450411406e-01
5.798127219419535461e-01
5.778195206617172675e-01
5.778195206617172675e-01
5.809477965287633827e-01
5.798120274283068420e-01
5.768051646546950018e-01
5.743988470195464657e-01
5.723556221647190245e-01
5.750621399923673271e-01
5.721090455052267876e-01
5.743476489840285693e-01
5.798128362128985858e-01
5.747849617305785808e-01
5.721144333877934418e-01
5.778195206617172675e-01
5.743471064906900958e-01
5.805358968568110622e-01
5.742143386175152520e-01
5.743476259103976744e-01
5.761363151548729578e-01
5.774223413960772877e-01
5.762276387687600421e-01
5.743476000263869619e-01
5.743476486697902672e-01
5.743474704577321566e-01
5.719015155776585591e-01
5.797932253190382079e-01
5.761561829815889935e-01
5.743476489842493926e-01
5.775222877162905499e-01
5.743476489842224142e-01
