5.742682840762889374e-01
5.720950391371718569e-01
5.775916604102450114e-01
5.720950391265743340e-01
5.730602641223001559e-01
5.766205573243893268e-01
5.722838107802307173e-01
5.761118053894860314e-01
5.742681982894606296e-01
5.813958773220510023e-01
5.762321096296144640e-01
5.720950391265743340e-01
5.760975713721961933e-01
5.767006150585549662e-01
5.793250187289467057e-01
5.729081112765964656e-01
5.829263933732727887e-01
5.742682840743789097e-01
5.716837346777638995e-01
5.764754151787803149e-01
5.748789546829283781e-01
5.792987855982619783e-01
5.742681462065437614e-01
5.716837475749908526e-01
5.824125196453677766e-01
5.758209228131789814e-01
5.720950424366133547e-01
5.740268404130560720e-01
5.742678366956865954e-01
5.742514999685419674e-01
5.742682840762884933e-01
5.759583827341945295e-01
5.779692645163617692e-01
5.720950391265746671e-01
5.742675853964118726e-01
5.742922427825517540e-01
5.733180495366835272e-01
5.732369778615336031e-01
5.720957196440314974e-01
5.741404614488856417e-01
5.720950391265743340e-01
5.769135165598877624e-01
5.759584697283027799e-01
5.720950391404577839e-01
5.777145831758714323e-01
5.747584677339014902e-01
5.747998601548071074e-01
5.767692811966038668e-01
5.748362304362644171e-01
5.771956391762574912e-01
5.721145819151612910e-01
5.759992780448225380e-01
5.717448250656339548e-01
5.779673289649284174e-01
5.760899751373097510e-01
5.720950391265743340e-01
5.742676666244074246e-01
5.741760839821421492e-01
5.776454032760457435e-01
5.777143464822024344e-01
5.759669084299628983e-01
5.706643497245389440e-01
5.742682835479531178e-01
5.759503701038770629e-01
