5.784917409297798407e-01
5.747430286801157306e-01
5.785004600968537414e-01
5.747591466964299123e-01
5.747540169636947693e-01
5.757928115609394215e-01
5.769001703932898906e-01
5.788481113029106950e-01
5.747591464567104458e-01
5.722107399332679867e-01
5.747735177962759456e-01
5.747589268499871951e-01
5.747578448681367469e-01
5.747591465523348431e-01
5.754782363283879043e-01
5.772308349328065802e-01
5.848810393357541937e-01
5.740562763232671672e-01
5.747558488097305185e-01
5.719672030653755179e-01
5.767600824773539969e-01
5.825377664936826072e-01
5.747755745974684194e-01
5.784948691120348485e-01
5.740022404317840499e-01
5.788662761211857966e-01
5.791605726581283697e-01
5.744679636469025574e-01
5.761905231201391864e-01
5.747591464515245940e-01
5.784458481472621871e-01
5.719685127133986580e-01
5.719673305216528281e-01
5.772592676628969244e-01
5.791296085345164490e-01
5.692484490421000354e-01
5.768925829614026668e-01
5.748932295416422367e-01
5.719672030653755179e-01
5.753467620145760186e-01
5.853543306119168843e-01
5.782533229725607127e-01
5.746041535300068226e-01
5.739533192288218677e-01
5.747591465431889368e-01
5.769065849638587151e-01
5.792686766465418025e-01
5.724778443640244907e-01
5.747589881918300225e-01
5.746833427986900444e-01
5.759279481206501794e-01
5.766914088812817862e-01
5.791296085344233013e-01
5.699128335163995418e-01
5.719923853849235851e-01
5.785004608720581976e-01
5.747591465523350651e-01
5.760356984591359364e-01
5.747573506483550920e-01
5.772327678956274966e-01
5.721552687518132174e-01
5.788706765901173723e-01
5.755092574186536636e-01
5.723690247059232128e-01
