5.719865322776611638e-01
5.773545855762099999e-01
5.753066694673510950e-01
5.719873464562738041e-01
5.803974901218862392e-01
5.720189363391581239e-01
5.748660846744431119e-01
5.719865334151379432e-01
5.767856448766560673e-01
5.723757188813380914e-01
5.741298502732318232e-01
5.737395156951696773e-01
5.821463907122089720e-01
5.737424498980590037e-01
5.769532603111650060e-01
5.735338679735358935e-01
5.753125981079052487e-01
5.737444029250998723e-01
5.800575248953842022e-01
5.727734056354222281e-01
5.753990427084735293e-01
5.737443873417038542e-01
5.719865357956781526e-01
5.800145743151151612e-01
5.737442849713174642e-01
5.820193940907225638e-01
5.739053955523223394e-01
5.719865318618438943e-01
5.713530463728383468e-01
5.719865318618438943e-01
5.737435216732122978e-01
5.800567282130015823e-01
5.722317545665985827e-01
5.767856435896030476e-01
5.782172877726806659e-01
5.759931973688369178e-01
5.754629306110440323e-01
5.769539677215531626e-01
5.739412238540279043e-01
5.719898917022725460e-01
5.737443934546253566e-01
5.719865318882206839e-01
5.719865328165710805e-01
5.737429519419505741e-01
5.719867754939971238e-01
5.737444029250998723e-01
5.737444029250929889e-01
5.719871653587784710e-01
5.737356446038152091e-01
5.754109648916961861e-01
5.763794656948505457e-01
5.752431597748237646e-01
5.719865318618438943e-01
5.738451564248236991e-01
5.719865330977331741e-01
5.719865318618438943e-01
5.767856448766642830e-01
5.737202215635811564e-01
5.754062495856423487e-01
5.790294416335356464e-01
5.735959797705867391e-01
5.737380875756861176e-01
5.737443356898286329e-01
5.767856419067929341e-01
