5.767713758030762472e-01
5.748161804553862941e-01
5.789397755487071251e-01
5.748000510241388916e-01
5.748163543312083679e-01
5.745812252456889979e-01
5.722626085966832088e-01
5.773088867791147383e-01
5.789397230520556548e-01
5.748161804556526366e-01
5.824921693070005402e-01
5.748161804556526366e-01
5.764877979415531373e-01
5.767932102952595397e-01
5.721711701517901982e-01
5.782090961492414305e-01
5.748161804556526366e-01
5.791205055270123303e-01
5.722743898192705903e-01
5.735368614441351820e-01
5.722625956569894479e-01
5.745143381273424277e-01
5.748161804483590265e-01
5.768145782448745873e-01
5.748154201501375349e-01
5.748037272549213483e-01
5.746949982597936435e-01
5.771807372877342246e-01
5.749580599848213014e-01
5.771794735027037104e-01
5.722625956569894479e-01
5.789397760098826673e-01
5.748496750204891148e-01
5.741232884620695032e-01
5.748161804552440746e-01
5.789397760194673337e-01
5.778926117987703837e-01
5.722665102403587944e-01
5.772385641912136656e-01
5.780991792298149079e-01
5.722625956569894479e-01
5.791276672259193514e-01
5.774687116830308220e-01
5.761549950198571191e-01
5.755265714691867318e-01
5.748161318886522153e-01
5.722625956569894479e-01
5.722625956569894479e-01
5.787295253249763460e-01
5.758645381563910481e-01
5.776206626289692725e-01
5.748161806996404666e-01
5.789397760194673337e-01
5.768145782000523303e-01
5.748161804556526366e-01
5.723331209232384031e-01
5.722628151445302569e-01
5.715212593175121869e-01
5.748158412266674011e-01
5.748161625309553546e-01
5.746570549401057715e-01
5.722625998296637650e-01
5.748103923040245311e-01
5.731362972585317683e-01
