5.743659778823095863e-01
5.787596916835704430e-01
5.777413785785427969e-01
5.743659760826567151e-01
5.781032292014837148e-01
5.743659778823070328e-01
5.763191878536153556e-01
5.743659778823095863e-01
5.743659778335404864e-01
5.777337742694931277e-01
5.743655229469928347e-01
5.741914899281822526e-01
5.710866715816550476e-01
5.720279668345112922e-01
5.743213490911285302e-01
5.720551957936671483e-01
5.719922350275833400e-01
5.737673515961372317e-01
5.777290492899074259e-01
5.743643805921533341e-01
5.765284845130204117e-01
5.792145694430130831e-01
5.719921797434536215e-01
5.779630157903228316e-01
5.776098453141875755e-01
5.762367254448308440e-01
5.776869653566514273e-01
5.781826348219119005e-01
5.783300547263764413e-01
5.743659772742661929e-01
5.755709757344386057e-01
5.737573473912962463e-01
5.743659778822411965e-01
5.737377965167395066e-01
5.766440552341401959e-01
5.767328967682597840e-01
5.691368105208700623e-01
5.743659778823095863e-01
5.719921686561757479e-01
5.743659776421983221e-01
5.789105387518842516e-01
5.719921686561757479e-01
5.719928250188370811e-01
5.743605796474647862e-01
5.743659703697309160e-01
5.743616725378674071e-01
5.743659778823095863e-01
5.743575887451207729e-01
5.743659181610046849e-01
5.748563010119154271e-01
5.767269486363820752e-01
5.777413785740610486e-01
5.754008252663094236e-01
5.743659722129037526e-01
5.834028776443905828e-01
5.777413785785427969e-01
5.749309882933583138e-01
5.743653262910436430e-01
5.743659548991484343e-01
5.743659253661995701e-01
5.757885003799334545e-01
5.735139585428292719e-01
5.777413785785427969e-01
5.753246869039657652e-01
