5.713597580931134567e-01
5.713597580931134567e-01
5.737857131637147390e-01
5.713597580931134567e-01
5.725865375336566254e-01
5.737857131619918949e-01
5.754534816288769949e-01
5.697076801203830865e-01
5.732836440214212903e-01
5.737857131703651969e-01
5.797177224609917356e-01
5.754563289779991431e-01
5.737857131704258151e-01
5.716554683981656115e-01
5.729468904389127815e-01
5.742647926625326082e-01
5.737020632288066802e-01
5.709269022509710911e-01
5.748069019185434447e-01
5.754564463721572043e-01
5.754563348511724241e-01
5.817475316012308273e-01
5.744311553909066115e-01
5.724716912151954773e-01
5.757618602836355182e-01
5.729468904389127815e-01
5.716045420310901237e-01
5.713597580931134567e-01
5.793428879251358854e-01
5.748499263960696881e-01
5.731203519195887663e-01
5.801033629072717135e-01
5.748903587903041457e-01
5.715144791338668817e-01
5.757558913530587130e-01
5.737340683622004223e-01
5.746878065249169110e-01
5.695481421295545132e-01
5.713597649670105749e-01
5.749129097505998320e-01
5.782991749016928029e-01
5.713597581234564071e-01
5.737857131704259261e-01
5.714487503410423663e-01
5.757617558538956626e-01
5.713597580931134567e-01
5.737835549714417338e-01
5.724128262417265134e-01
5.713598303491986830e-01
5.771788018208369175e-01
5.713597581075655629e-01
5.795121014169448692e-01
5.737857131704258151e-01
5.793723123499889827e-01
5.737857123779821489e-01
5.737857131704259261e-01
5.737857022682515407e-01
5.715183405556153451e-01
5.759546857529188602e-01
5.753596729100802776e-01
5.819365919368746365e-01
5.704571025684689323e-01
5.752850437820313800e-01
5.713597580931134567e-01
