5.728503107367922675e-01
5.728503142630715361e-01
5.728002471929311001e-01
5.704881377430972567e-01
5.728502651579983063e-01
5.704885360201263911e-01
5.704881377430972567e-01
5.728503143084962002e-01
5.749723595387041808e-01
5.728159544741626696e-01
5.728503143087150251e-01
5.742860930139386255e-01
5.822678885071219668e-01
5.723882602809735598e-01
5.770553517958750822e-01
5.738490990335292086e-01
5.704881377430972567e-01
5.720886505812764478e-01
5.729596269008666587e-01
5.845494361271060813e-01
5.728327817110504538e-01
5.720973395692579011e-01
5.729477516557737182e-01
5.728469547133370199e-01
5.729595083080480933e-01
5.704881377430972567e-01
5.721055842962358140e-01
5.726250199017010045e-01
5.704881590935209079e-01
5.728365535642028217e-01
5.728089918392476054e-01
5.742405021548093735e-01
5.729596261219647158e-01
5.727571078167079666e-01
5.728499640403829085e-01
5.728503143087150251e-01
5.704881377442435619e-01
5.816156904961525820e-01
5.729596269008666587e-01
5.832845372342236878e-01
5.816378790815501798e-01
5.826387793251306402e-01
5.707902174989840649e-01
5.728501393683301801e-01
5.704881377430972567e-01
5.704881377430972567e-01
5.728498499359736540e-01
5.711399058696873254e-01
5.725000103412423158e-01
5.728503143087150251e-01
5.816236624904959074e-01
5.733522771226703396e-01
5.716209550728277300e-01
5.724102694983203010e-01
5.705564466600852036e-01
5.713447629500212344e-01
5.756046522665838605e-01
5.728503143087150251e-01
5.704890653824937763e-01
5.704881377430972567e-01
5.756046522665838605e-01
5.728089512446480347e-01
5.728503143087150251e-01
5.704882835261340102e-01
