6.898712649126188534e-01
6.949656350884337863e-01
6.864607434980839473e-01
6.838695391127785905e-01
6.949656414141796024e-01
6.959113534617743513e-01
6.949656426500092632e-01
6.899932352628056487e-01
6.929393374077873480e-01
6.949656430165516152e-01
6.949431257888585289e-01
7.108949081487270227e-01
6.853320299294801687e-01
6.899902643440097849e-01
6.958362642622666350e-01
6.864625899667237130e-01
6.949656430165516152e-01
6.949517729395672250e-01
6.949656430165516152e-01
6.959113533724390344e-01
6.943808226197188960e-01
6.864941887197946180e-01
6.995136591979197460e-01
6.899932342628420923e-01
6.864452931461302310e-01
6.901608240715596532e-01
6.864602983136214309e-01
6.959097040979164150e-01
6.959113534617743513e-01
6.923296787131686392e-01
7.027587974384740255e-01
6.893592447007637070e-01
6.899885401152533460e-01
6.924570126920568391e-01
6.899932352628056487e-01
6.930103825739267753e-01
6.949644440152976665e-01
6.899932352623492360e-01
6.932151703829350087e-01
6.871249159790244754e-01
6.899907744615200178e-01
6.948841977361455147e-01
6.864625904819007252e-01
7.009609637922749048e-01
6.931746298200174294e-01
6.866331432939464241e-01
6.929393308169770060e-01
6.899932352628056487e-01
6.926808052589807918e-01
6.899931983756543152e-01
6.899932352624820187e-01
6.899868911750350886e-01
7.021434779944791815e-01
6.926750665857788203e-01
6.899910095061078108e-01
6.894017704954475967e-01
6.942618137882640150e-01
6.898313800638555815e-01
6.899930347065298397e-01
6.949656411160464176e-01
6.864625899667239350e-01
7.059927169065079999e-01
6.880082520141638236e-01
6.914589907647145095e-01
