6.466376329932451705e-01
6.413770054604807092e-01
6.507705751622813173e-01
6.441384841960980934e-01
6.466275013355787804e-01
6.466374857324551639e-01
6.385545860516762540e-01
6.413770054608785021e-01
6.465884433710730184e-01
6.413766037787785868e-01
6.529031557545039721e-01
6.413770054593952441e-01
6.446911958495061823e-01
6.413770054608706195e-01
6.443847716160867600e-01
6.505660346697471619e-01
6.413705857791242027e-01
6.413770053633828239e-01
6.413254033444546476e-01
6.416729861580537930e-01
6.417074562543001459e-01
6.421123415298146675e-01
6.576310609163273924e-01
6.488811376778935713e-01
6.433868197379930542e-01
6.408502881994477818e-01
6.466376329932451705e-01
6.413770054608749493e-01
6.466376329932451705e-01
6.466375808747329978e-01
6.411702288823847296e-01
6.466375762577104558e-01
6.385543834974380939e-01
6.427755301679572986e-01
6.440429277715911116e-01
6.428484417667716944e-01
6.385575806575355395e-01
6.466376329032342829e-01
6.390385047739647328e-01
6.486070181206915475e-01
6.385543834974380939e-01
6.567720990670697923e-01
6.413770042853083053e-01
6.413769987442635712e-01
6.465710826505683961e-01
6.396714030643562143e-01
6.413486666035456141e-01
6.442032723921714554e-01
6.459258358897618235e-01
6.385543834974380939e-01
6.409544879670616702e-01
6.460127663717274427e-01
6.400018614101544712e-01
6.487868980434945421e-01
6.465052958311263698e-01
6.413770054594094550e-01
6.513081245492595706e-01
6.480165620435397456e-01
6.466376329932451705e-01
6.432811607997585002e-01
6.466376329932451705e-01
6.440171621129452406e-01
6.413769878382058476e-01
6.466376329932451705e-01
6.385543834974380939e-01
