5.778194811885527526e-01
5.813871453754273499e-01
5.721091165790348487e-01
5.721090455052267876e-01
5.816090590103289992e-01
5.778195206617172675e-01
5.743476479349267638e-01
5.767955597637288712e-01
5.761007290897067756e-01
5.743476481891280905e-01
5.785714109661737048e-01
5.798129519946130239e-01
5.762276387689948542e-01
5.721090462532726351e-01
5.762407066706867198e-01
5.743473044158760032e-01
5.743476068009689683e-01
5.732096126559195204e-01
5.743470364389080540e-01
5.778195206617172675e-01
5.764574889424598503e-01
5.743408204606506029e-01
5.761789159323685849e-01
5.778195221421439376e-01
5.740614527808798329e-01
5.743466173226804417e-01
5.767953742854934340e-01
5.739685443780239149e-01
5.743474531581937992e-01
5.743476489842495036e-01
5.770987757555111619e-01
5.721093378358135251e-01
5.742631809450411406e-01
5.798127219419535461e-01
5.778195206617172675e-01
5.778195206617172675e-01
5.809477965287633827e-01
5.798120274283068420e-01
5.768051646546950018e-01
5.743988470195464657e-01
5.723556221647190245e-01
5.750621399923673271e-01
5.721090455052267876e-01
5.743476489840285693e-01
5.798128362128985858e-01
5.747849617305785808e-01
5.721144333877934418e-01
5.778195206617172675e-01
5.743471064906900958e-01
5.805358968568110622e-01
5.742143386175152520e-01
5.743476259103976744e-01
5.761363151548729578e-01
5.774223413960772877e-01
5.762276387687600421e-01
5.743476000263869619e-01
5.743476486697902672e-01
5.743474704577321566e-01
5.719015155776585591e-01
5.797932253190382079e-01
5.761561829815889935e-01
5.743476489842493926e-01
5.775222877162905499e-01
5.743476489842224142e-01
5.742682840762889374e-01
5.720950391371718569e-01
5.775916604102450114e-01
5.720950391265743340e-01
5.730602641223001559e-01
5.766205573243893268e-01
5.722838107802307173e-01
5.761118053894860314e-01
5.742681982894606296e-01
5.813958773220510023e-01
5.762321096296144640e-01
5.720950391265743340e-01
5.760975713721961933e-01
5.767006150585549662e-01
5.793250187289467057e-01
5.729081112765964656e-01
5.829263933732727887e-01
5.742682840743789097e-01
5.716837346777638995e-01
5.764754151787803149e-01
5.748789546829283781e-01
5.792987855982619783e-01
5.742681462065437614e-01
5.716837475749908526e-01
5.824125196453677766e-01
5.758209228131789814e-01
5.720950424366133547e-01
5.740268404130560720e-01
5.742678366956865954e-01
5.742514999685419674e-01
5.742682840762884933e-01
5.759583827341945295e-01
5.779692645163617692e-01
5.720950391265746671e-01
5.742675853964118726e-01
5.742922427825517540e-01
5.733180495366835272e-01
5.732369778615336031e-01
5.720957196440314974e-01
5.741404614488856417e-01
5.720950391265743340e-01
5.769135165598877624e-01
5.759584697283027799e-01
5.720950391404577839e-01
5.777145831758714323e-01
5.747584677339014902e-01
5.747998601548071074e-01
5.767692811966038668e-01
5.748362304362644171e-01
5.771956391762574912e-01
5.721145819151612910e-01
5.759992780448225380e-01
5.717448250656339548e-01
5.779673289649284174e-01
5.760899751373097510e-01
5.720950391265743340e-01
5.742676666244074246e-01
5.741760839821421492e-01
5.776454032760457435e-01
5.777143464822024344e-01
5.759669084299628983e-01
5.706643497245389440e-01
5.742682835479531178e-01
5.759503701038770629e-01
5.784917409297798407e-01
5.747430286801157306e-01
5.785004600968537414e-01
5.747591466964299123e-01
5.747540169636947693e-01
5.757928115609394215e-01
5.769001703932898906e-01
5.788481113029106950e-01
5.747591464567104458e-01
5.722107399332679867e-01
5.747735177962759456e-01
5.747589268499871951e-01
5.747578448681367469e-01
5.747591465523348431e-01
5.754782363283879043e-01
5.772308349328065802e-01
5.848810393357541937e-01
5.740562763232671672e-01
5.747558488097305185e-01
5.719672030653755179e-01
5.767600824773539969e-01
5.825377664936826072e-01
5.747755745974684194e-01
5.784948691120348485e-01
5.740022404317840499e-01
5.788662761211857966e-01
5.791605726581283697e-01
5.744679636469025574e-01
5.761905231201391864e-01
5.747591464515245940e-01
5.784458481472621871e-01
5.719685127133986580e-01
5.719673305216528281e-01
5.772592676628969244e-01
5.791296085345164490e-01
5.692484490421000354e-01
5.768925829614026668e-01
5.748932295416422367e-01
5.719672030653755179e-01
5.753467620145760186e-01
5.853543306119168843e-01
5.782533229725607127e-01
5.746041535300068226e-01
5.739533192288218677e-01
5.747591465431889368e-01
5.769065849638587151e-01
5.792686766465418025e-01
5.724778443640244907e-01
5.747589881918300225e-01
5.746833427986900444e-01
5.759279481206501794e-01
5.766914088812817862e-01
5.791296085344233013e-01
5.699128335163995418e-01
5.719923853849235851e-01
5.785004608720581976e-01
5.747591465523350651e-01
5.760356984591359364e-01
5.747573506483550920e-01
5.772327678956274966e-01
5.721552687518132174e-01
5.788706765901173723e-01
5.755092574186536636e-01
5.723690247059232128e-01
5.719865322776611638e-01
5.773545855762099999e-01
5.753066694673510950e-01
5.719873464562738041e-01
5.803974901218862392e-01
5.720189363391581239e-01
5.748660846744431119e-01
5.719865334151379432e-01
5.767856448766560673e-01
5.723757188813380914e-01
5.741298502732318232e-01
5.737395156951696773e-01
5.821463907122089720e-01
5.737424498980590037e-01
5.769532603111650060e-01
5.735338679735358935e-01
5.753125981079052487e-01
5.737444029250998723e-01
5.800575248953842022e-01
5.727734056354222281e-01
5.753990427084735293e-01
5.737443873417038542e-01
5.719865357956781526e-01
5.800145743151151612e-01
5.737442849713174642e-01
5.820193940907225638e-01
5.739053955523223394e-01
5.719865318618438943e-01
5.713530463728383468e-01
5.719865318618438943e-01
5.737435216732122978e-01
5.800567282130015823e-01
5.722317545665985827e-01
5.767856435896030476e-01
5.782172877726806659e-01
5.759931973688369178e-01
5.754629306110440323e-01
5.769539677215531626e-01
5.739412238540279043e-01
5.719898917022725460e-01
5.737443934546253566e-01
5.719865318882206839e-01
5.719865328165710805e-01
5.737429519419505741e-01
5.719867754939971238e-01
5.737444029250998723e-01
5.737444029250929889e-01
5.719871653587784710e-01
5.737356446038152091e-01
5.754109648916961861e-01
5.763794656948505457e-01
5.752431597748237646e-01
5.719865318618438943e-01
5.738451564248236991e-01
5.719865330977331741e-01
5.719865318618438943e-01
5.767856448766642830e-01
5.737202215635811564e-01
5.754062495856423487e-01
5.790294416335356464e-01
5.735959797705867391e-01
5.737380875756861176e-01
5.737443356898286329e-01
5.767856419067929341e-01
5.767713758030762472e-01
5.748161804553862941e-01
5.789397755487071251e-01
5.748000510241388916e-01
5.748163543312083679e-01
5.745812252456889979e-01
5.722626085966832088e-01
5.773088867791147383e-01
5.789397230520556548e-01
5.748161804556526366e-01
5.824921693070005402e-01
5.748161804556526366e-01
5.764877979415531373e-01
5.767932102952595397e-01
5.721711701517901982e-01
5.782090961492414305e-01
5.748161804556526366e-01
5.791205055270123303e-01
5.722743898192705903e-01
5.735368614441351820e-01
5.722625956569894479e-01
5.745143381273424277e-01
5.748161804483590265e-01
5.768145782448745873e-01
5.748154201501375349e-01
5.748037272549213483e-01
5.746949982597936435e-01
5.771807372877342246e-01
5.749580599848213014e-01
5.771794735027037104e-01
5.722625956569894479e-01
5.789397760098826673e-01
5.748496750204891148e-01
5.741232884620695032e-01
5.748161804552440746e-01
5.789397760194673337e-01
5.778926117987703837e-01
5.722665102403587944e-01
5.772385641912136656e-01
5.780991792298149079e-01
5.722625956569894479e-01
5.791276672259193514e-01
5.774687116830308220e-01
5.761549950198571191e-01
5.755265714691867318e-01
5.748161318886522153e-01
5.722625956569894479e-01
5.722625956569894479e-01
5.787295253249763460e-01
5.758645381563910481e-01
5.776206626289692725e-01
5.748161806996404666e-01
5.789397760194673337e-01
5.768145782000523303e-01
5.748161804556526366e-01
5.723331209232384031e-01
5.722628151445302569e-01
5.715212593175121869e-01
5.748158412266674011e-01
5.748161625309553546e-01
5.746570549401057715e-01
5.722625998296637650e-01
5.748103923040245311e-01
5.731362972585317683e-01
5.743659778823095863e-01
5.787596916835704430e-01
5.777413785785427969e-01
5.743659760826567151e-01
5.781032292014837148e-01
5.743659778823070328e-01
5.763191878536153556e-01
5.743659778823095863e-01
5.743659778335404864e-01
5.777337742694931277e-01
5.743655229469928347e-01
5.741914899281822526e-01
5.710866715816550476e-01
5.720279668345112922e-01
5.743213490911285302e-01
5.720551957936671483e-01
5.719922350275833400e-01
5.737673515961372317e-01
5.777290492899074259e-01
5.743643805921533341e-01
5.765284845130204117e-01
5.792145694430130831e-01
5.719921797434536215e-01
5.779630157903228316e-01
5.776098453141875755e-01
5.762367254448308440e-01
5.776869653566514273e-01
5.781826348219119005e-01
5.783300547263764413e-01
5.743659772742661929e-01
5.755709757344386057e-01
5.737573473912962463e-01
5.743659778822411965e-01
5.737377965167395066e-01
5.766440552341401959e-01
5.767328967682597840e-01
5.691368105208700623e-01
5.743659778823095863e-01
5.719921686561757479e-01
5.743659776421983221e-01
5.789105387518842516e-01
5.719921686561757479e-01
5.719928250188370811e-01
5.743605796474647862e-01
5.743659703697309160e-01
5.743616725378674071e-01
5.743659778823095863e-01
5.743575887451207729e-01
5.743659181610046849e-01
5.748563010119154271e-01
5.767269486363820752e-01
5.777413785740610486e-01
5.754008252663094236e-01
5.743659722129037526e-01
5.834028776443905828e-01
5.777413785785427969e-01
5.749309882933583138e-01
5.743653262910436430e-01
5.743659548991484343e-01
5.743659253661995701e-01
5.757885003799334545e-01
5.735139585428292719e-01
5.777413785785427969e-01
5.753246869039657652e-01
5.713597580931134567e-01
5.713597580931134567e-01
5.737857131637147390e-01
5.713597580931134567e-01
5.725865375336566254e-01
5.737857131619918949e-01
5.754534816288769949e-01
5.697076801203830865e-01
5.732836440214212903e-01
5.737857131703651969e-01
5.797177224609917356e-01
5.754563289779991431e-01
5.737857131704258151e-01
5.716554683981656115e-01
5.729468904389127815e-01
5.742647926625326082e-01
5.737020632288066802e-01
5.709269022509710911e-01
5.748069019185434447e-01
5.754564463721572043e-01
5.754563348511724241e-01
5.817475316012308273e-01
5.744311553909066115e-01
5.724716912151954773e-01
5.757618602836355182e-01
5.729468904389127815e-01
5.716045420310901237e-01
5.713597580931134567e-01
5.793428879251358854e-01
5.748499263960696881e-01
5.731203519195887663e-01
5.801033629072717135e-01
5.748903587903041457e-01
5.715144791338668817e-01
5.757558913530587130e-01
5.737340683622004223e-01
5.746878065249169110e-01
5.695481421295545132e-01
5.713597649670105749e-01
5.749129097505998320e-01
5.782991749016928029e-01
5.713597581234564071e-01
5.737857131704259261e-01
5.714487503410423663e-01
5.757617558538956626e-01
5.713597580931134567e-01
5.737835549714417338e-01
5.724128262417265134e-01
5.713598303491986830e-01
5.771788018208369175e-01
5.713597581075655629e-01
5.795121014169448692e-01
5.737857131704258151e-01
5.793723123499889827e-01
5.737857123779821489e-01
5.737857131704259261e-01
5.737857022682515407e-01
5.715183405556153451e-01
5.759546857529188602e-01
5.753596729100802776e-01
5.819365919368746365e-01
5.704571025684689323e-01
5.752850437820313800e-01
5.713597580931134567e-01
5.728503107367922675e-01
5.728503142630715361e-01
5.728002471929311001e-01
5.704881377430972567e-01
5.728502651579983063e-01
5.704885360201263911e-01
5.704881377430972567e-01
5.728503143084962002e-01
5.749723595387041808e-01
5.728159544741626696e-01
5.728503143087150251e-01
5.742860930139386255e-01
5.822678885071219668e-01
5.723882602809735598e-01
5.770553517958750822e-01
5.738490990335292086e-01
5.704881377430972567e-01
5.720886505812764478e-01
5.729596269008666587e-01
5.845494361271060813e-01
5.728327817110504538e-01
5.720973395692579011e-01
5.729477516557737182e-01
5.728469547133370199e-01
5.729595083080480933e-01
5.704881377430972567e-01
5.721055842962358140e-01
5.726250199017010045e-01
5.704881590935209079e-01
5.728365535642028217e-01
5.728089918392476054e-01
5.742405021548093735e-01
5.729596261219647158e-01
5.727571078167079666e-01
5.728499640403829085e-01
5.728503143087150251e-01
5.704881377442435619e-01
5.816156904961525820e-01
5.729596269008666587e-01
5.832845372342236878e-01
5.816378790815501798e-01
5.826387793251306402e-01
5.707902174989840649e-01
5.728501393683301801e-01
5.704881377430972567e-01
5.704881377430972567e-01
5.728498499359736540e-01
5.711399058696873254e-01
5.725000103412423158e-01
5.728503143087150251e-01
5.816236624904959074e-01
5.733522771226703396e-01
5.716209550728277300e-01
5.724102694983203010e-01
5.705564466600852036e-01
5.713447629500212344e-01
5.756046522665838605e-01
5.728503143087150251e-01
5.704890653824937763e-01
5.704881377430972567e-01
5.756046522665838605e-01
5.728089512446480347e-01
5.728503143087150251e-01
5.704882835261340102e-01
6.898712649126188534e-01
6.949656350884337863e-01
6.864607434980839473e-01
6.838695391127785905e-01
6.949656414141796024e-01
6.959113534617743513e-01
6.949656426500092632e-01
6.899932352628056487e-01
6.929393374077873480e-01
6.949656430165516152e-01
6.949431257888585289e-01
7.108949081487270227e-01
6.853320299294801687e-01
6.899902643440097849e-01
6.958362642622666350e-01
6.864625899667237130e-01
6.949656430165516152e-01
6.949517729395672250e-01
6.949656430165516152e-01
6.959113533724390344e-01
6.943808226197188960e-01
6.864941887197946180e-01
6.995136591979197460e-01
6.899932342628420923e-01
6.864452931461302310e-01
6.901608240715596532e-01
6.864602983136214309e-01
6.959097040979164150e-01
6.959113534617743513e-01
6.923296787131686392e-01
7.027587974384740255e-01
6.893592447007637070e-01
6.899885401152533460e-01
6.924570126920568391e-01
6.899932352628056487e-01
6.930103825739267753e-01
6.949644440152976665e-01
6.899932352623492360e-01
6.932151703829350087e-01
6.871249159790244754e-01
6.899907744615200178e-01
6.948841977361455147e-01
6.864625904819007252e-01
7.009609637922749048e-01
6.931746298200174294e-01
6.866331432939464241e-01
6.929393308169770060e-01
6.899932352628056487e-01
6.926808052589807918e-01
6.899931983756543152e-01
6.899932352624820187e-01
6.899868911750350886e-01
7.021434779944791815e-01
6.926750665857788203e-01
6.899910095061078108e-01
6.894017704954475967e-01
6.942618137882640150e-01
6.898313800638555815e-01
6.899930347065298397e-01
6.949656411160464176e-01
6.864625899667239350e-01
7.059927169065079999e-01
6.880082520141638236e-01
6.914589907647145095e-01
6.466376329932451705e-01
6.413770054604807092e-01
6.507705751622813173e-01
6.441384841960980934e-01
6.466275013355787804e-01
6.466374857324551639e-01
6.385545860516762540e-01
6.413770054608785021e-01
6.465884433710730184e-01
6.413766037787785868e-01
6.529031557545039721e-01
6.413770054593952441e-01
6.446911958495061823e-01
6.413770054608706195e-01
6.443847716160867600e-01
6.505660346697471619e-01
6.413705857791242027e-01
6.413770053633828239e-01
6.413254033444546476e-01
6.416729861580537930e-01
6.417074562543001459e-01
6.421123415298146675e-01
6.576310609163273924e-01
6.488811376778935713e-01
6.433868197379930542e-01
6.408502881994477818e-01
6.466376329932451705e-01
6.413770054608749493e-01
6.466376329932451705e-01
6.466375808747329978e-01
6.411702288823847296e-01
6.466375762577104558e-01
6.385543834974380939e-01
6.427755301679572986e-01
6.440429277715911116e-01
6.428484417667716944e-01
6.385575806575355395e-01
6.466376329032342829e-01
6.390385047739647328e-01
6.486070181206915475e-01
6.385543834974380939e-01
6.567720990670697923e-01
6.413770042853083053e-01
6.413769987442635712e-01
6.465710826505683961e-01
6.396714030643562143e-01
6.413486666035456141e-01
6.442032723921714554e-01
6.459258358897618235e-01
6.385543834974380939e-01
6.409544879670616702e-01
6.460127663717274427e-01
6.400018614101544712e-01
6.487868980434945421e-01
6.465052958311263698e-01
6.413770054594094550e-01
6.513081245492595706e-01
6.480165620435397456e-01
6.466376329932451705e-01
6.432811607997585002e-01
6.466376329932451705e-01
6.440171621129452406e-01
6.413769878382058476e-01
6.466376329932451705e-01
6.385543834974380939e-01
