1.155391814118501208e-04
4.249151785157422072e-05
5.807237195319359113e-02
1.811597073811103964e-02
6.154688712252322398e-04
2.912860051183810851e-03
3.540757314581707144e-02
3.658918279666949908e-03
1.125289199712772490e-04
5.807248151865070790e-02
1.154586852357534880e-02
5.807248151363943178e-02
1.607923810523303326e-02
5.852972352599959682e-02
1.214521164177093278e-02
5.532407188332008618e-02
1.610577517306198067e-02
2.965183176257647768e-02
1.774477530827424441e-04
4.018717944255951850e-03
4.743324216153251005e-02
2.054302676456231866e-02
1.344876856651234490e-04
1.888443218774091086e-04
4.569691712653577154e-02
1.757976236272363810e-02
4.700289813000265576e-02
1.733444534206520437e-04
3.711269185990442171e-02
1.820888428859885472e-02
3.534900664328376879e-02
2.571947626669537218e-02
7.075353084156072293e-05
3.742633003721078551e-03
2.074228548019807061e-03
4.773047582838853969e-02
5.414659765855481949e-03
6.495162739802966137e-04
1.343486153112536871e-02
