4.475539642903880039e-02
8.371938904563586137e-03
8.733076317757990092e-02
6.354063801848024162e-02
8.719834257100213259e-02
7.121206346148019307e-05
7.534033180563236287e-02
6.960697597331760855e-02
2.971772467225185926e-02
5.094584725734378934e-03
1.186549736996100012e-04
4.984271262256810206e-03
5.233094627163548292e-04
9.953281329740598996e-04
3.932285961829670023e-02
4.207623419136589872e-04
1.008015634958519754e-04
1.530633801400859730e-03
1.798300445572573701e-03
7.744180197160087376e-02
6.602510462879244979e-02
2.666049186435346871e-02
1.163769978931423164e-04
1.146513709426895313e-03
1.242585509505028385e-01
6.199993381431780776e-02
2.770413707609430576e-04
2.038453916130632639e-04
8.116345386586117094e-02
2.247556065034122023e-04
7.719365663943354716e-02
6.336789159003965166e-02
5.961072642629718782e-02
6.954839091123762862e-02
9.125803547486424638e-02
8.392514876564064613e-03
1.799137829117115320e-04
7.526731955171839239e-02
2.267696446731324797e-02
