2.638909913268641660e-02
1.178379230268209593e-01
5.666330940845299563e-02
3.423144345618478468e-02
4.432224183445157562e-02
5.916372505261129761e-02
1.191201465908725034e-03
5.518151719593032689e-02
3.729716756568423469e-02
4.814109735353130221e-02
5.338107272432982692e-02
5.542468483517067751e-02
8.643211481701230426e-05
5.883120742239373452e-02
6.206792850470546630e-02
4.519244722151260021e-05
1.612583013639611257e-03
8.724381435950434192e-04
5.543355461168292947e-02
5.466329812275635275e-02
9.848088860071650631e-05
3.951854648270850174e-04
6.708635148815889201e-05
4.890821962363019887e-02
5.108086483326454430e-02
5.542454263864145247e-02
5.259251938120100556e-02
4.225651435863458927e-02
3.351132905490495837e-05
7.101474563774430593e-02
4.729744411064626375e-04
4.337282292699087827e-02
1.102702605664578062e-02
6.365599057521899133e-05
6.161706393285028218e-05
4.052428848217715096e-04
3.750410186371147536e-02
7.036378659299741950e-05
1.215366588448929048e-04
