1.285199517753746125e-04
2.054052941124849541e-02
2.689400792053424794e-03
9.775614900835070617e-05
2.865891090343140922e-04
2.659511431769265126e-03
3.338936127716016222e-02
9.688184875764649135e-05
1.234668300570137406e-02
1.953441768077142024e-02
3.921328891756852009e-02
4.151981669547974430e-02
2.750843433609368935e-02
3.928744596937548510e-03
1.250376375219289585e-02
2.439237171512672817e-02
1.967572430581021603e-02
7.819676129343579481e-04
9.913438121778018336e-03
1.961522703795265041e-02
2.439393307663617269e-02
1.509074769357800390e-02
6.500886961176162958e-04
1.224445159018569713e-02
1.647100711369384532e-02
2.438974709629985332e-02
1.785209695794529386e-02
1.969668263953240628e-02
1.016093188935341795e-03
8.629091728737531828e-05
2.435756239541341309e-02
1.802782416864608269e-04
3.560886020099642089e-03
3.989915319713035580e-04
2.695081296938152751e-02
1.995214913784830717e-04
4.942417724949629354e-04
1.747579300450367249e-03
1.054419984364855095e-02
2.792007690752366651e-04
