5.202610807291620958e-05
2.145954574755164559e-02
1.414100153718341119e-04
1.650993362366186116e-04
4.190855856995233733e-03
9.392458725158643607e-02
3.977606811225136568e-02
7.803810071803325699e-02
8.099008327225052707e-05
3.172600657724408690e-02
3.404946172854092534e-04
1.939236516477656214e-03
9.100328770450921700e-02
1.898969669842350124e-03
9.329286536846256861e-02
9.254355837477681868e-02
5.452732114811131153e-02
2.334116639345638292e-03
1.609857802522817738e-01
1.032021184626162880e-01
3.901607084398891817e-04
2.911596400217575788e-04
1.408279242766951045e-01
5.329534865730105932e-05
7.550728260822027211e-04
9.402193758888890973e-02
4.067601042769261772e-03
7.882291247592622396e-02
9.558847846883771805e-05
1.885833264101210527e-04
8.019462600460541823e-02
4.245749225811715921e-05
6.971318558734188259e-04
8.862174759632664557e-05
1.182365281752916408e-04
8.742241753555457008e-05
3.989433936377367873e-02
3.196573480002835171e-02
8.068782127555788886e-02
