4.684880154268134499e-03
6.907985835442424782e-02
4.209338556366310765e-05
1.427029685082904231e-01
1.412997032419714694e-02
4.322960274777736466e-05
2.772327557307338293e-04
6.067923542970990648e-05
9.338765375417430736e-02
8.345925577141770357e-02
9.339527821976763289e-02
9.339671932715432057e-02
8.557371223255458292e-02
6.810017753819694319e-02
9.157563667790470652e-02
9.404149965499239200e-05
7.529511843257738479e-02
8.154612070394176571e-02
9.336979956876031994e-02
7.949399079696643777e-02
9.339726622287213009e-02
1.173015211882211806e-01
1.267633161270635786e-04
6.495809895237765474e-02
5.450524253133225139e-02
5.075846098975178057e-03
7.582833280174516377e-04
7.991022895657388936e-03
9.391509569057411577e-02
4.044222919972370600e-02
9.643509171355194877e-05
1.983987069086409652e-04
8.596408392695371881e-02
9.638538393891400659e-05
7.373691709177845714e-03
1.468148066628809437e-02
8.282193867889046934e-02
5.971648751653377100e-03
3.492556025552632018e-05
