1.193786974096166822e-10
2.838922019616290774e-27
2.448881912970565191e-14
1.000000000000000000e+00
3.480627315667524711e-24
3.214242833285322557e-26
1.000000000000000000e+00
1.000000000000000000e+00
1.000000000000000000e+00
9.374363084376518580e-21
1.000000000000000000e+00
1.000000000000000000e+00
1.058604282980529293e-12
1.000000000000000000e+00
1.000000000000000000e+00
4.333467661322624640e-29
1.000000000000000000e+00
1.000000000000000000e+00
1.000000000000000000e+00
1.000000000000000000e+00
5.366766943933220813e-05
1.000000000000000000e+00
1.000000000000000000e+00
1.000000000000000000e+00
1.000000000000000000e+00
7.052140640943172619e-27
1.000000000000000000e+00
1.000000000000000000e+00
1.000000000000000000e+00
7.112184993775648780e-22
2.784313616806289464e-20
1.000000000000000000e+00
1.000000000000000000e+00
1.000000000000000000e+00
9.937294410450053794e-01
1.000000000000000000e+00
1.000000000000000000e+00
7.068977082580177641e-26
1.000000000000000000e+00
1.000000000000000000e+00
