6.275479970501167404e-02
6.275486062218814387e-02
3.528214450325524920e-04
4.217461332957184866e-03
3.821816729719560574e-02
5.559046143773106047e-02
1.042091083148242639e-04
6.275488982597846044e-02
2.423103348335007342e-03
2.056641981028130284e-02
6.504149413109587552e-02
1.189581398545726200e-04
6.275489002160675178e-02
1.787134229957871006e-04
6.275488012467507482e-02
4.932890510516147603e-02
2.128776451564411143e-02
2.205864036661313310e-02
5.337659212230809556e-04
8.736379703812476027e-04
2.825183790068171359e-04
1.006487420847030911e-01
5.435663344426296117e-02
1.835022449909456271e-04
5.169563670057276267e-02
4.920224012965447591e-02
1.345645927961646587e-02
7.628555748846420348e-02
5.893811555034778049e-02
8.152098317906143667e-04
4.716328532895179039e-03
2.868010292153315433e-02
5.375165233760824390e-02
5.850553237619839780e-02
6.505744486025874518e-02
2.998547743383979045e-02
6.275514087730617308e-02
5.620349895208228558e-02
6.163631772530892006e-02
