1.000000000000000000e+00
8.709199352799374405e-15
1.000000000000000000e+00
1.000000000000000000e+00
1.000000000000000000e+00
1.000000000000000000e+00
1.000000000000000000e+00
4.179923074001553775e-19
1.000000000000000000e+00
1.000000000000000000e+00
8.389180371482711707e-16
4.858594277343047789e-15
4.050543611411155295e-15
1.000000000000000000e+00
1.000000000000000000e+00
1.000000000000000000e+00
1.815213491637013852e-03
1.000000000000000000e+00
4.726390670136833325e-13
4.261305660749084235e-18
1.000000000000000000e+00
1.536757038363985006e-15
1.000000000000000000e+00
1.284244114268636125e-11
1.644191215352822065e-13
1.000000000000000000e+00
2.996945305901207170e-18
1.000000000000000000e+00
7.714364952164336943e-11
1.000000000000000000e+00
8.305103926779118080e-15
7.795697700450802126e-01
4.155958526876790809e-07
8.402962897805318411e-13
1.000000000000000000e+00
8.323508118551263829e-15
1.000000000000000000e+00
2.557993519819352550e-07
7.277605465769246242e-15
