1.000000000000000000e+00
8.320672164299078920e-15
1.000000000000000000e+00
1.000000000000000000e+00
1.000000000000000000e+00
1.000000000000000000e+00
1.000000000000000000e+00
7.660267587248283784e-11
2.495631746028406684e-20
6.404223998060515758e-19
3.182536547837778923e-10
3.376635193947525896e-16
1.000000000000000000e+00
1.283178975057717821e-14
9.515263971307205484e-21
3.380668143564660864e-20
1.000000000000000000e+00
1.000000000000000000e+00
1.000000000000000000e+00
7.846496420201863423e-20
1.000000000000000000e+00
1.000000000000000000e+00
1.477163553204197964e-16
1.000000000000000000e+00
4.261923587077729881e-14
1.000000000000000000e+00
1.000000000000000000e+00
7.255735906727363586e-16
1.486445884978687802e-17
1.346374646843754121e-20
1.000000000000000000e+00
1.000000000000000000e+00
1.000000000000000000e+00
1.000000000000000000e+00
2.032337608973272303e-20
1.000000000000000000e+00
1.000000000000000000e+00
1.000000000000000000e+00
1.000000000000000000e+00
1.000000000000000000e+00
