1.155391814118501208e-04
4.249151785157422072e-05
5.807237195319359113e-02
1.811597073811103964e-02
6.154688712252322398e-04
2.912860051183810851e-03
3.540757314581707144e-02
3.658918279666949908e-03
1.125289199712772490e-04
5.807248151865070790e-02
1.154586852357534880e-02
5.807248151363943178e-02
1.607923810523303326e-02
5.852972352599959682e-02
1.214521164177093278e-02
5.532407188332008618e-02
1.610577517306198067e-02
2.965183176257647768e-02
1.774477530827424441e-04
4.018717944255951850e-03
4.743324216153251005e-02
2.054302676456231866e-02
1.344876856651234490e-04
1.888443218774091086e-04
4.569691712653577154e-02
1.757976236272363810e-02
4.700289813000265576e-02
1.733444534206520437e-04
3.711269185990442171e-02
1.820888428859885472e-02
3.534900664328376879e-02
2.571947626669537218e-02
7.075353084156072293e-05
3.742633003721078551e-03
2.074228548019807061e-03
4.773047582838853969e-02
5.414659765855481949e-03
6.495162739802966137e-04
1.343486153112536871e-02
4.475539642903880039e-02
8.371938904563586137e-03
8.733076317757990092e-02
6.354063801848024162e-02
8.719834257100213259e-02
7.121206346148019307e-05
7.534033180563236287e-02
6.960697597331760855e-02
2.971772467225185926e-02
5.094584725734378934e-03
1.186549736996100012e-04
4.984271262256810206e-03
5.233094627163548292e-04
9.953281329740598996e-04
3.932285961829670023e-02
4.207623419136589872e-04
1.008015634958519754e-04
1.530633801400859730e-03
1.798300445572573701e-03
7.744180197160087376e-02
6.602510462879244979e-02
2.666049186435346871e-02
1.163769978931423164e-04
1.146513709426895313e-03
1.242585509505028385e-01
6.199993381431780776e-02
2.770413707609430576e-04
2.038453916130632639e-04
8.116345386586117094e-02
2.247556065034122023e-04
7.719365663943354716e-02
6.336789159003965166e-02
5.961072642629718782e-02
6.954839091123762862e-02
9.125803547486424638e-02
8.392514876564064613e-03
1.799137829117115320e-04
7.526731955171839239e-02
2.267696446731324797e-02
2.638909913268641660e-02
1.178379230268209593e-01
5.666330940845299563e-02
3.423144345618478468e-02
4.432224183445157562e-02
5.916372505261129761e-02
1.191201465908725034e-03
5.518151719593032689e-02
3.729716756568423469e-02
4.814109735353130221e-02
5.338107272432982692e-02
5.542468483517067751e-02
8.643211481701230426e-05
5.883120742239373452e-02
6.206792850470546630e-02
4.519244722151260021e-05
1.612583013639611257e-03
8.724381435950434192e-04
5.543355461168292947e-02
5.466329812275635275e-02
9.848088860071650631e-05
3.951854648270850174e-04
6.708635148815889201e-05
4.890821962363019887e-02
5.108086483326454430e-02
5.542454263864145247e-02
5.259251938120100556e-02
4.225651435863458927e-02
3.351132905490495837e-05
7.101474563774430593e-02
4.729744411064626375e-04
4.337282292699087827e-02
1.102702605664578062e-02
6.365599057521899133e-05
6.161706393285028218e-05
4.052428848217715096e-04
3.750410186371147536e-02
7.036378659299741950e-05
1.215366588448929048e-04
1.285199517753746125e-04
2.054052941124849541e-02
2.689400792053424794e-03
9.775614900835070617e-05
2.865891090343140922e-04
2.659511431769265126e-03
3.338936127716016222e-02
9.688184875764649135e-05
1.234668300570137406e-02
1.953441768077142024e-02
3.921328891756852009e-02
4.151981669547974430e-02
2.750843433609368935e-02
3.928744596937548510e-03
1.250376375219289585e-02
2.439237171512672817e-02
1.967572430581021603e-02
7.819676129343579481e-04
9.913438121778018336e-03
1.961522703795265041e-02
2.439393307663617269e-02
1.509074769357800390e-02
6.500886961176162958e-04
1.224445159018569713e-02
1.647100711369384532e-02
2.438974709629985332e-02
1.785209695794529386e-02
1.969668263953240628e-02
1.016093188935341795e-03
8.629091728737531828e-05
2.435756239541341309e-02
1.802782416864608269e-04
3.560886020099642089e-03
3.989915319713035580e-04
2.695081296938152751e-02
1.995214913784830717e-04
4.942417724949629354e-04
1.747579300450367249e-03
1.054419984364855095e-02
2.792007690752366651e-04
5.202610807291620958e-05
2.145954574755164559e-02
1.414100153718341119e-04
1.650993362366186116e-04
4.190855856995233733e-03
9.392458725158643607e-02
3.977606811225136568e-02
7.803810071803325699e-02
8.099008327225052707e-05
3.172600657724408690e-02
3.404946172854092534e-04
1.939236516477656214e-03
9.100328770450921700e-02
1.898969669842350124e-03
9.329286536846256861e-02
9.254355837477681868e-02
5.452732114811131153e-02
2.334116639345638292e-03
1.609857802522817738e-01
1.032021184626162880e-01
3.901607084398891817e-04
2.911596400217575788e-04
1.408279242766951045e-01
5.329534865730105932e-05
7.550728260822027211e-04
9.402193758888890973e-02
4.067601042769261772e-03
7.882291247592622396e-02
9.558847846883771805e-05
1.885833264101210527e-04
8.019462600460541823e-02
4.245749225811715921e-05
6.971318558734188259e-04
8.862174759632664557e-05
1.182365281752916408e-04
8.742241753555457008e-05
3.989433936377367873e-02
3.196573480002835171e-02
8.068782127555788886e-02
4.684880154268134499e-03
6.907985835442424782e-02
4.209338556366310765e-05
1.427029685082904231e-01
1.412997032419714694e-02
4.322960274777736466e-05
2.772327557307338293e-04
6.067923542970990648e-05
9.338765375417430736e-02
8.345925577141770357e-02
9.339527821976763289e-02
9.339671932715432057e-02
8.557371223255458292e-02
6.810017753819694319e-02
9.157563667790470652e-02
9.404149965499239200e-05
7.529511843257738479e-02
8.154612070394176571e-02
9.336979956876031994e-02
7.949399079696643777e-02
9.339726622287213009e-02
1.173015211882211806e-01
1.267633161270635786e-04
6.495809895237765474e-02
5.450524253133225139e-02
5.075846098975178057e-03
7.582833280174516377e-04
7.991022895657388936e-03
9.391509569057411577e-02
4.044222919972370600e-02
9.643509171355194877e-05
1.983987069086409652e-04
8.596408392695371881e-02
9.638538393891400659e-05
7.373691709177845714e-03
1.468148066628809437e-02
8.282193867889046934e-02
5.971648751653377100e-03
3.492556025552632018e-05
1.193786974096166822e-10
2.838922019616290774e-27
2.448881912970565191e-14
1.000000000000000000e+00
3.480627315667524711e-24
3.214242833285322557e-26
1.000000000000000000e+00
1.000000000000000000e+00
1.000000000000000000e+00
9.374363084376518580e-21
1.000000000000000000e+00
1.000000000000000000e+00
1.058604282980529293e-12
1.000000000000000000e+00
1.000000000000000000e+00
4.333467661322624640e-29
1.000000000000000000e+00
1.000000000000000000e+00
1.000000000000000000e+00
1.000000000000000000e+00
5.366766943933220813e-05
1.000000000000000000e+00
1.000000000000000000e+00
1.000000000000000000e+00
1.000000000000000000e+00
7.052140640943172619e-27
1.000000000000000000e+00
1.000000000000000000e+00
1.000000000000000000e+00
7.112184993775648780e-22
2.784313616806289464e-20
1.000000000000000000e+00
1.000000000000000000e+00
1.000000000000000000e+00
9.937294410450053794e-01
1.000000000000000000e+00
1.000000000000000000e+00
7.068977082580177641e-26
1.000000000000000000e+00
1.000000000000000000e+00
6.275479970501167404e-02
6.275486062218814387e-02
3.528214450325524920e-04
4.217461332957184866e-03
3.821816729719560574e-02
5.559046143773106047e-02
1.042091083148242639e-04
6.275488982597846044e-02
2.423103348335007342e-03
2.056641981028130284e-02
6.504149413109587552e-02
1.189581398545726200e-04
6.275489002160675178e-02
1.787134229957871006e-04
6.275488012467507482e-02
4.932890510516147603e-02
2.128776451564411143e-02
2.205864036661313310e-02
5.337659212230809556e-04
8.736379703812476027e-04
2.825183790068171359e-04
1.006487420847030911e-01
5.435663344426296117e-02
1.835022449909456271e-04
5.169563670057276267e-02
4.920224012965447591e-02
1.345645927961646587e-02
7.628555748846420348e-02
5.893811555034778049e-02
8.152098317906143667e-04
4.716328532895179039e-03
2.868010292153315433e-02
5.375165233760824390e-02
5.850553237619839780e-02
6.505744486025874518e-02
2.998547743383979045e-02
6.275514087730617308e-02
5.620349895208228558e-02
6.163631772530892006e-02
1.000000000000000000e+00
8.709199352799374405e-15
1.000000000000000000e+00
1.000000000000000000e+00
1.000000000000000000e+00
1.000000000000000000e+00
1.000000000000000000e+00
4.179923074001553775e-19
1.000000000000000000e+00
1.000000000000000000e+00
8.389180371482711707e-16
4.858594277343047789e-15
4.050543611411155295e-15
1.000000000000000000e+00
1.000000000000000000e+00
1.000000000000000000e+00
1.815213491637013852e-03
1.000000000000000000e+00
4.726390670136833325e-13
4.261305660749084235e-18
1.000000000000000000e+00
1.536757038363985006e-15
1.000000000000000000e+00
1.284244114268636125e-11
1.644191215352822065e-13
1.000000000000000000e+00
2.996945305901207170e-18
1.000000000000000000e+00
7.714364952164336943e-11
1.000000000000000000e+00
8.305103926779118080e-15
7.795697700450802126e-01
4.155958526876790809e-07
8.402962897805318411e-13
1.000000000000000000e+00
8.323508118551263829e-15
1.000000000000000000e+00
2.557993519819352550e-07
7.277605465769246242e-15
1.000000000000000000e+00
8.320672164299078920e-15
1.000000000000000000e+00
1.000000000000000000e+00
1.000000000000000000e+00
1.000000000000000000e+00
1.000000000000000000e+00
7.660267587248283784e-11
2.495631746028406684e-20
6.404223998060515758e-19
3.182536547837778923e-10
3.376635193947525896e-16
1.000000000000000000e+00
1.283178975057717821e-14
9.515263971307205484e-21
3.380668143564660864e-20
1.000000000000000000e+00
1.000000000000000000e+00
1.000000000000000000e+00
7.846496420201863423e-20
1.000000000000000000e+00
1.000000000000000000e+00
1.477163553204197964e-16
1.000000000000000000e+00
4.261923587077729881e-14
1.000000000000000000e+00
1.000000000000000000e+00
7.255735906727363586e-16
1.486445884978687802e-17
1.346374646843754121e-20
1.000000000000000000e+00
1.000000000000000000e+00
1.000000000000000000e+00
1.000000000000000000e+00
2.032337608973272303e-20
1.000000000000000000e+00
1.000000000000000000e+00
1.000000000000000000e+00
1.000000000000000000e+00
1.000000000000000000e+00
