6.396201652683192185e-01
6.163294903244260770e-01
6.579176400584615392e-01
6.340378799387836883e-01
6.339176808321367318e-01
6.206083933987122103e-01
6.188741305008839122e-01
6.526514557497513636e-01
6.388387650028253262e-01
6.506127358302802310e-01
6.595777405058383946e-01
6.519826177283886137e-01
6.504532119468388052e-01
6.173161985894901616e-01
6.597209662739745850e-01
6.314945715623891953e-01
6.327722899237442356e-01
6.375958917876486387e-01
6.186446408555071885e-01
6.286012871603254837e-01
6.245675672351775898e-01
6.395859366852392203e-01
6.370971226203734350e-01
6.325970598115190358e-01
6.463602966865044097e-01
6.369118520536224404e-01
6.320532921024214490e-01
6.427181109909259060e-01
6.292433460431843262e-01
6.381862727876654873e-01
6.204862784126432551e-01
6.157866331888500744e-01
6.254710804796751455e-01
6.417796840593132934e-01
6.580675462889766791e-01
6.531052967310334578e-01
6.342047231687798492e-01
6.479905686908669082e-01
6.464853413053259779e-01
6.550626425815470055e-01
6.488128328648535836e-01
6.492947516568498001e-01
6.176453374234766036e-01
6.187416694939059658e-01
6.401773092035489832e-01
6.362182517601199239e-01
6.320134111423475476e-01
6.557268246719587523e-01
6.373280855498286712e-01
6.149520606111362753e-01
6.554232331462365169e-01
6.306075346134708548e-01
6.534417661088818274e-01
6.524214319099437276e-01
6.530839747857827282e-01
6.294040055581736626e-01
6.346416656016325986e-01
6.471722316149414178e-01
6.615586018321611972e-01
6.528885576023463200e-01
6.599301229290309712e-01
6.425830664843720230e-01
6.215267947706039076e-01
6.374586417651956216e-01
