6.288335986462130212e-01
6.164300975219236811e-01
6.279924300126213943e-01
6.130811846102515172e-01
6.222039520617149710e-01
6.143160373398256491e-01
6.172723260860031314e-01
6.237977634070620558e-01
6.174577583767523192e-01
6.300111178996351535e-01
6.308039143124999359e-01
6.418595502292537835e-01
6.434936591356256175e-01
6.357067220576816391e-01
6.300301057245080161e-01
6.281554418489977420e-01
6.477390647000743629e-01
6.002238685806146057e-01
6.596597182193241204e-01
6.312675835040199024e-01
6.498286902349247329e-01
6.383289906757003696e-01
6.106311125070403856e-01
6.385093006338039556e-01
6.704086771543606993e-01
6.528202046186784013e-01
6.308089775651212205e-01
6.210481899116633286e-01
6.359948118011949925e-01
6.538583517006965051e-01
6.323133662199849070e-01
5.933746180951896543e-01
6.572792619099019351e-01
6.633630550443783136e-01
6.165668037333055240e-01
6.157788714338638947e-01
6.453818577066614548e-01
6.319662644433307053e-01
6.272501998110727728e-01
6.039133480116100072e-01
6.121071090647728363e-01
6.338324588211990962e-01
6.652585140250484308e-01
6.090699397283518834e-01
6.376873787286964079e-01
6.388932268177600626e-01
6.198187800326413477e-01
6.464946329603339370e-01
6.087689027699769717e-01
6.329049594329791972e-01
6.136465083543098942e-01
6.360894999375542591e-01
6.483729360527323848e-01
6.304702541663326221e-01
6.500451065403044515e-01
6.440678143043069293e-01
6.123193975435184955e-01
6.337115722774123716e-01
6.279851175258016616e-01
6.304199297810819669e-01
6.546818081235455944e-01
6.392371981625949440e-01
6.240260760644288363e-01
6.614403363777302536e-01
