6.246645931941033902e-01
6.218429257116399045e-01
6.207298087904985495e-01
6.340120576269516750e-01
6.069689465290214470e-01
6.070518370038587852e-01
6.418785871310541680e-01
6.563409359470280258e-01
6.276230434064784536e-01
6.420716642587620537e-01
6.328123932099707361e-01
6.248708036957195677e-01
6.404663568017173736e-01
6.314770345903923943e-01
6.045964725816767027e-01
6.516679311289889087e-01
6.543439419281840141e-01
6.293823242130753837e-01
6.244278882372822359e-01
6.235560904065665655e-01
6.220689940734064338e-01
6.553377275313507777e-01
6.253751501808760827e-01
6.277366237099908375e-01
6.432078179412236141e-01
6.333960320460876314e-01
6.420755609715841361e-01
6.430474576252828145e-01
6.384237269887992339e-01
6.248386894161636063e-01
6.268925296423845106e-01
6.570322809902073846e-01
6.370360389486108277e-01
6.398129968795068789e-01
6.311601929702825853e-01
6.398396808397871505e-01
6.482168039062227161e-01
6.442552768794809204e-01
6.327702943383373135e-01
6.331467122742265863e-01
6.365162639507013775e-01
6.558637543508104573e-01
6.211207098819611083e-01
6.180012127951638456e-01
6.226545593502059717e-01
6.416756722286691694e-01
6.517291040834880533e-01
5.972908564612176008e-01
6.367259414159257558e-01
6.337037570943016007e-01
6.270170068368182692e-01
6.454597338615354341e-01
6.438753338207480192e-01
6.206313646915182503e-01
6.211403568657672958e-01
6.307088387927098916e-01
6.359927941231245940e-01
6.483543668894026224e-01
6.131666170591673071e-01
6.343665654694923273e-01
6.430066484878255162e-01
6.392491240306186207e-01
6.341190523335421547e-01
6.220961893522196640e-01
