6.302435229862162203e-01
5.878550818442385140e-01
6.109077252988198703e-01
6.371567912158736524e-01
6.122090137848842373e-01
6.161128175860517420e-01
6.146170415019294175e-01
6.156690574436219920e-01
6.260918951234084595e-01
6.234211350944254271e-01
6.214421500678509735e-01
6.308614929898678225e-01
5.890200618622878359e-01
6.326993268054822428e-01
6.081073907346854490e-01
6.223108187677854897e-01
6.398925592346402791e-01
6.230872218946806873e-01
6.175402118444898170e-01
6.306060777665529749e-01
6.129249108578885830e-01
6.233470041732576128e-01
6.200813963785449801e-01
6.065296980284207162e-01
6.180992654734199787e-01
6.006372915222137898e-01
6.038439585353135852e-01
6.291108982881022937e-01
6.283113110722634564e-01
6.324654177662376586e-01
6.369024586713651903e-01
6.122602237010403847e-01
6.306696059774294927e-01
6.206431357155767214e-01
6.117155062231347529e-01
5.984139850144958306e-01
6.062143241697512952e-01
6.206361041498932307e-01
6.166601069543797831e-01
6.164737761055446574e-01
6.396155072523460605e-01
6.190537398624750276e-01
6.285337096717689143e-01
6.395284176844057145e-01
6.202589870279193729e-01
6.318291194667784438e-01
6.390776254335007733e-01
6.249965004368208676e-01
6.268516635269252291e-01
6.109722594651628702e-01
6.241700145322944815e-01
6.231526531812288106e-01
6.079027887768674310e-01
6.174987696845068985e-01
6.246777707027456605e-01
6.303672572956299236e-01
6.298447034542669076e-01
6.208041982703639272e-01
5.967706193822579497e-01
6.041728726935425842e-01
6.238044887782533410e-01
6.191573831855169407e-01
6.325982291419574022e-01
6.188355393010603889e-01
