6.396705598298363382e-01
6.430667284921343096e-01
6.349587057167234150e-01
6.475914926510728531e-01
6.418885669959041307e-01
6.348979147592779260e-01
6.222095897888917371e-01
6.496927942699410874e-01
6.455732491088952418e-01
6.550631356324594368e-01
6.379875380198893886e-01
6.385704830872876991e-01
6.386798590477263948e-01
6.220088512291427341e-01
6.197217927356263312e-01
6.587897886450767571e-01
6.532291424320243456e-01
6.451714998100890330e-01
6.442088822254981029e-01
6.472108909605330807e-01
6.285936664697812093e-01
6.187125622848970163e-01
6.420890102856945392e-01
6.268927642485548901e-01
6.375251122562438644e-01
6.275927824403662036e-01
6.425559495520474229e-01
6.238582476628632412e-01
6.429664869945989070e-01
6.336812863146271679e-01
6.256041231747223597e-01
6.537073634404440003e-01
6.514968110615619867e-01
6.062833166745071889e-01
6.333969675524191434e-01
6.586347622659858292e-01
6.495592841020361163e-01
6.393329305711890065e-01
6.333665932635412776e-01
6.511342165311918562e-01
6.347103215979976731e-01
6.521114160567341722e-01
6.345202397085043522e-01
6.324461713049506217e-01
6.396930936950711022e-01
6.452995740739254638e-01
6.436998804783098382e-01
6.571747931910678631e-01
6.509048405209344468e-01
6.477714164709448275e-01
6.323458324990801627e-01
6.240523736534508981e-01
6.428328696954502819e-01
6.037122294016725732e-01
6.525015000596637860e-01
6.237301771585461729e-01
6.409774186472027013e-01
6.328210242537982699e-01
6.255888021210795902e-01
6.554110104349334387e-01
6.224958696194217156e-01
6.377962853092729034e-01
6.617544454982088320e-01
6.606949306338875116e-01
