6.446677815527139810e-01
6.376803844095580986e-01
6.379772477619596316e-01
6.591803843178464239e-01
6.201022359757962787e-01
6.465434473643100199e-01
6.447797481575046064e-01
6.548812373859040914e-01
6.463761037559341283e-01
6.340021025549048561e-01
6.525176905835118335e-01
6.441957829070495967e-01
6.312266599278341106e-01
6.236084003086204142e-01
6.444537223446521468e-01
6.405296405404212745e-01
6.532411343278080595e-01
6.638006170314801890e-01
6.268823978432228605e-01
6.461099621221118028e-01
5.934284323251407534e-01
6.279135591541523675e-01
6.556895456169796743e-01
6.297498956579731244e-01
6.262680597460106302e-01
6.503186517070773665e-01
6.362404763920836981e-01
6.351128125746523523e-01
6.364483321508538349e-01
6.551392861908302834e-01
6.159028161773038024e-01
6.525251373847869019e-01
6.268422196227404486e-01
6.170865606769037059e-01
6.452617884953568694e-01
6.249241668583774834e-01
6.565872595671558010e-01
6.711980600803567620e-01
6.467785092451068252e-01
6.221729838417618952e-01
6.187493386344927737e-01
6.516641998071637243e-01
6.293643650147141555e-01
6.288435124180367097e-01
6.388799106099875003e-01
6.397892065439014786e-01
6.762270611534609843e-01
6.112897148957290305e-01
6.495069679733259660e-01
6.169908939896354694e-01
6.453649632459509400e-01
6.356550695098847070e-01
6.211547431440753719e-01
6.410731193168892617e-01
6.335863818093232513e-01
6.525442199799006415e-01
6.372646717124161864e-01
6.417349290613568735e-01
6.266353892121274693e-01
6.365694951210478791e-01
6.253764767748997144e-01
6.544439338564735920e-01
6.534934988724176996e-01
5.996089517206014685e-01
