9.998891653527959278e-01
8.815168309169383321e-01
9.727601993019682203e-01
1.905711347260241606e-01
1.066724182614724042e-01
8.543929122572275769e-01
9.999999720823006255e-01
9.075602661565413953e-01
1.373348095307700689e-01
8.931625497272850378e-01
9.999998916964818463e-01
8.837494292501213433e-01
8.748254948784458529e-01
9.999999764010888414e-01
9.999999514677792023e-01
9.999997905224425887e-01
1.447056768038017527e-01
9.999720698569691812e-01
9.999999385596403112e-01
8.864076876219445511e-01
9.999999492443182314e-01
9.999999785091953086e-01
9.999972498356640704e-01
2.199518397514006185e-01
8.989995061358023731e-01
9.999999681851120537e-01
9.384422045794856837e-01
9.946117190677032927e-01
9.999999573101043815e-01
9.999999472847554971e-01
9.999999491459689027e-01
9.999999569710288361e-01
9.999999385596403112e-01
9.999999571187413450e-01
8.729569652272602953e-01
3.084461064168041444e-01
9.998332742573468046e-01
9.999990360900484765e-01
8.809616736391147063e-01
9.999999385596374246e-01
9.999999254882390165e-01
8.793097798626293704e-01
8.791120206171272322e-01
8.991328748666492787e-01
8.955938131254607137e-01
8.991329146466524591e-01
2.901116138511449730e-03
9.999999385591549217e-01
8.971992776644933665e-01
5.612037502332813425e-04
1.903951551435894007e-01
9.999999715081672180e-01
9.999597804760466113e-01
9.999999549299924961e-01
1.409834399190429133e-01
8.834614329050604065e-01
8.917800117919233438e-01
9.990153339235201546e-01
9.999999042428012741e-01
9.590726567441197892e-01
9.999999724028921788e-01
9.998287731993663607e-01
8.888905046169215396e-01
8.785531136717213974e-01
