6.264146194093612730e-01
6.131569493356431311e-01
6.321726869522646952e-01
6.065481849034934925e-01
6.104866033832571093e-01
6.255361204950055098e-01
6.019643042524164267e-01
6.031097811883958659e-01
6.200172420486810276e-01
6.208854584673685340e-01
6.229841592376206272e-01
6.016409601263764673e-01
6.156313440806168158e-01
6.147846798287653902e-01
6.101740699303761506e-01
6.011949787596020389e-01
6.076688542682079364e-01
6.039286427853519656e-01
6.202553673593861339e-01
6.009838056723890709e-01
6.418405149510882923e-01
6.095657054965381016e-01
6.135448779041285938e-01
6.188517894461752489e-01
6.082785809479448469e-01
6.088303950871681858e-01
6.036705401463143827e-01
6.191308913821925719e-01
6.221058003961437155e-01
6.093780868153084729e-01
6.247134642179343889e-01
6.019567960135311369e-01
6.044299711374790940e-01
6.184408150016674766e-01
6.200358095793992996e-01
6.014753906288068386e-01
6.206577916795261718e-01
6.234250553699656194e-01
6.248994126227674917e-01
6.102758282314744154e-01
6.383657839521339472e-01
6.282813808409682954e-01
6.252711636164509645e-01
6.032108896457708536e-01
6.120519320790721585e-01
6.024426493281143102e-01
6.209011535690018846e-01
6.129199671286498230e-01
6.148031572666597944e-01
5.983414368993442700e-01
6.119231626650083467e-01
6.124559608463017168e-01
6.083049075385580373e-01
5.994099329886208860e-01
6.151762648584493398e-01
6.245822881420067807e-01
6.337907396273684268e-01
6.304658696108358384e-01
6.100322038589388596e-01
6.085081127589907490e-01
6.305967003455675846e-01
6.069463466445135236e-01
6.159082749614042118e-01
6.140213312485151009e-01
