8.011612111556449811e-01
8.077759653101638238e-01
8.079319786181923257e-01
8.062833423826214485e-01
8.068889870914287554e-01
7.772570381535703898e-01
8.036237281720678416e-01
8.109249170027369447e-01
8.026693985336508241e-01
8.228710254385507294e-01
7.991027780377101264e-01
8.109259653657164835e-01
7.800687661093367309e-01
7.829738931939701496e-01
7.998531339141229379e-01
7.960299346191375136e-01
7.959706093566977225e-01
8.109415335133987046e-01
8.026831961780456215e-01
8.006067814286584872e-01
8.066965485100888733e-01
8.227905110469744265e-01
7.787636580809331743e-01
7.944783923930814895e-01
7.953789024825731468e-01
7.988450646320081061e-01
7.891248404694511942e-01
8.019798657254176844e-01
7.916935182961258866e-01
7.946518442412379146e-01
8.004916933435962667e-01
8.135235975252589347e-01
7.966887616645454973e-01
7.931100061478232321e-01
8.161603012756529774e-01
8.049000841499631687e-01
7.966602874925244882e-01
8.110073082922164556e-01
8.177974162102537026e-01
7.909840325339685396e-01
8.154030932014644240e-01
8.079715683650208202e-01
8.092089843567242813e-01
7.674579354073541859e-01
7.919977977686712967e-01
8.018586592642563682e-01
7.849696088872792910e-01
8.149469958555254356e-01
8.017908100083223077e-01
8.009028063794039198e-01
8.103750365110974352e-01
8.002904045706645819e-01
8.088599579215676183e-01
7.961385074066837930e-01
7.947012079652178151e-01
7.938722567210843017e-01
7.980272642224207624e-01
8.199933989517975697e-01
7.985851932943079934e-01
8.089238592588291477e-01
7.910399617632225544e-01
8.103068804082744769e-01
7.736482792389630658e-01
7.968655582715159502e-01
