9.995604435554499290e-01
9.995558231809079652e-01
9.995840843857520808e-01
9.995637176795615364e-01
9.994993122579077793e-01
9.996226490371650231e-01
9.993960899616973759e-01
9.996000469214867401e-01
9.995963197873766193e-01
9.994173165219124577e-01
9.994423243519395816e-01
9.995741111035124637e-01
9.995548131071513298e-01
9.994954003024162370e-01
9.993654445413272525e-01
9.994874652206613419e-01
9.995029283524397012e-01
9.994231724490161284e-01
9.996056693297618034e-01
9.995536580718685782e-01
9.995174283166706752e-01
9.995827836098042374e-01
9.995776534435263372e-01
9.995483508016652641e-01
9.996274756841603271e-01
9.996021856725546550e-01
9.994349066052748976e-01
9.994157674379106071e-01
9.996596201531096071e-01
9.995367788689005772e-01
9.995834892868048493e-01
9.996016166145934578e-01
9.994934976674371141e-01
9.994338203116776009e-01
9.994635713534801846e-01
9.995742663641754566e-01
9.994387268719044926e-01
9.995166368927957956e-01
9.996349660904494394e-01
9.995617365227906781e-01
9.994539268650711739e-01
9.995041644338467091e-01
9.995979653067621484e-01
9.995050494635484561e-01
9.995732845507299125e-01
9.994868743782879816e-01
9.995718152413717306e-01
9.993319537595629631e-01
9.995224630590825443e-01
9.993835065753566838e-01
9.996145403021949871e-01
9.995766709477802436e-01
9.995796166787385140e-01
9.995321666658389947e-01
9.995745133279898553e-01
9.995765021251846738e-01
9.995485597256607013e-01
9.995632955534230479e-01
9.995658012011944260e-01
9.995836759040653829e-01
9.996886082152329767e-01
9.996357805397205754e-01
9.995926625638585916e-01
9.993296884087899956e-01
