6.396201652683192185e-01
6.163294903244260770e-01
6.579176400584615392e-01
6.340378799387836883e-01
6.339176808321367318e-01
6.206083933987122103e-01
6.188741305008839122e-01
6.526514557497513636e-01
6.388387650028253262e-01
6.506127358302802310e-01
6.595777405058383946e-01
6.519826177283886137e-01
6.504532119468388052e-01
6.173161985894901616e-01
6.597209662739745850e-01
6.314945715623891953e-01
6.327722899237442356e-01
6.375958917876486387e-01
6.186446408555071885e-01
6.286012871603254837e-01
6.245675672351775898e-01
6.395859366852392203e-01
6.370971226203734350e-01
6.325970598115190358e-01
6.463602966865044097e-01
6.369118520536224404e-01
6.320532921024214490e-01
6.427181109909259060e-01
6.292433460431843262e-01
6.381862727876654873e-01
6.204862784126432551e-01
6.157866331888500744e-01
6.254710804796751455e-01
6.417796840593132934e-01
6.580675462889766791e-01
6.531052967310334578e-01
6.342047231687798492e-01
6.479905686908669082e-01
6.464853413053259779e-01
6.550626425815470055e-01
6.488128328648535836e-01
6.492947516568498001e-01
6.176453374234766036e-01
6.187416694939059658e-01
6.401773092035489832e-01
6.362182517601199239e-01
6.320134111423475476e-01
6.557268246719587523e-01
6.373280855498286712e-01
6.149520606111362753e-01
6.554232331462365169e-01
6.306075346134708548e-01
6.534417661088818274e-01
6.524214319099437276e-01
6.530839747857827282e-01
6.294040055581736626e-01
6.346416656016325986e-01
6.471722316149414178e-01
6.615586018321611972e-01
6.528885576023463200e-01
6.599301229290309712e-01
6.425830664843720230e-01
6.215267947706039076e-01
6.374586417651956216e-01
6.288335986462130212e-01
6.164300975219236811e-01
6.279924300126213943e-01
6.130811846102515172e-01
6.222039520617149710e-01
6.143160373398256491e-01
6.172723260860031314e-01
6.237977634070620558e-01
6.174577583767523192e-01
6.300111178996351535e-01
6.308039143124999359e-01
6.418595502292537835e-01
6.434936591356256175e-01
6.357067220576816391e-01
6.300301057245080161e-01
6.281554418489977420e-01
6.477390647000743629e-01
6.002238685806146057e-01
6.596597182193241204e-01
6.312675835040199024e-01
6.498286902349247329e-01
6.383289906757003696e-01
6.106311125070403856e-01
6.385093006338039556e-01
6.704086771543606993e-01
6.528202046186784013e-01
6.308089775651212205e-01
6.210481899116633286e-01
6.359948118011949925e-01
6.538583517006965051e-01
6.323133662199849070e-01
5.933746180951896543e-01
6.572792619099019351e-01
6.633630550443783136e-01
6.165668037333055240e-01
6.157788714338638947e-01
6.453818577066614548e-01
6.319662644433307053e-01
6.272501998110727728e-01
6.039133480116100072e-01
6.121071090647728363e-01
6.338324588211990962e-01
6.652585140250484308e-01
6.090699397283518834e-01
6.376873787286964079e-01
6.388932268177600626e-01
6.198187800326413477e-01
6.464946329603339370e-01
6.087689027699769717e-01
6.329049594329791972e-01
6.136465083543098942e-01
6.360894999375542591e-01
6.483729360527323848e-01
6.304702541663326221e-01
6.500451065403044515e-01
6.440678143043069293e-01
6.123193975435184955e-01
6.337115722774123716e-01
6.279851175258016616e-01
6.304199297810819669e-01
6.546818081235455944e-01
6.392371981625949440e-01
6.240260760644288363e-01
6.614403363777302536e-01
6.246645931941033902e-01
6.218429257116399045e-01
6.207298087904985495e-01
6.340120576269516750e-01
6.069689465290214470e-01
6.070518370038587852e-01
6.418785871310541680e-01
6.563409359470280258e-01
6.276230434064784536e-01
6.420716642587620537e-01
6.328123932099707361e-01
6.248708036957195677e-01
6.404663568017173736e-01
6.314770345903923943e-01
6.045964725816767027e-01
6.516679311289889087e-01
6.543439419281840141e-01
6.293823242130753837e-01
6.244278882372822359e-01
6.235560904065665655e-01
6.220689940734064338e-01
6.553377275313507777e-01
6.253751501808760827e-01
6.277366237099908375e-01
6.432078179412236141e-01
6.333960320460876314e-01
6.420755609715841361e-01
6.430474576252828145e-01
6.384237269887992339e-01
6.248386894161636063e-01
6.268925296423845106e-01
6.570322809902073846e-01
6.370360389486108277e-01
6.398129968795068789e-01
6.311601929702825853e-01
6.398396808397871505e-01
6.482168039062227161e-01
6.442552768794809204e-01
6.327702943383373135e-01
6.331467122742265863e-01
6.365162639507013775e-01
6.558637543508104573e-01
6.211207098819611083e-01
6.180012127951638456e-01
6.226545593502059717e-01
6.416756722286691694e-01
6.517291040834880533e-01
5.972908564612176008e-01
6.367259414159257558e-01
6.337037570943016007e-01
6.270170068368182692e-01
6.454597338615354341e-01
6.438753338207480192e-01
6.206313646915182503e-01
6.211403568657672958e-01
6.307088387927098916e-01
6.359927941231245940e-01
6.483543668894026224e-01
6.131666170591673071e-01
6.343665654694923273e-01
6.430066484878255162e-01
6.392491240306186207e-01
6.341190523335421547e-01
6.220961893522196640e-01
6.302435229862162203e-01
5.878550818442385140e-01
6.109077252988198703e-01
6.371567912158736524e-01
6.122090137848842373e-01
6.161128175860517420e-01
6.146170415019294175e-01
6.156690574436219920e-01
6.260918951234084595e-01
6.234211350944254271e-01
6.214421500678509735e-01
6.308614929898678225e-01
5.890200618622878359e-01
6.326993268054822428e-01
6.081073907346854490e-01
6.223108187677854897e-01
6.398925592346402791e-01
6.230872218946806873e-01
6.175402118444898170e-01
6.306060777665529749e-01
6.129249108578885830e-01
6.233470041732576128e-01
6.200813963785449801e-01
6.065296980284207162e-01
6.180992654734199787e-01
6.006372915222137898e-01
6.038439585353135852e-01
6.291108982881022937e-01
6.283113110722634564e-01
6.324654177662376586e-01
6.369024586713651903e-01
6.122602237010403847e-01
6.306696059774294927e-01
6.206431357155767214e-01
6.117155062231347529e-01
5.984139850144958306e-01
6.062143241697512952e-01
6.206361041498932307e-01
6.166601069543797831e-01
6.164737761055446574e-01
6.396155072523460605e-01
6.190537398624750276e-01
6.285337096717689143e-01
6.395284176844057145e-01
6.202589870279193729e-01
6.318291194667784438e-01
6.390776254335007733e-01
6.249965004368208676e-01
6.268516635269252291e-01
6.109722594651628702e-01
6.241700145322944815e-01
6.231526531812288106e-01
6.079027887768674310e-01
6.174987696845068985e-01
6.246777707027456605e-01
6.303672572956299236e-01
6.298447034542669076e-01
6.208041982703639272e-01
5.967706193822579497e-01
6.041728726935425842e-01
6.238044887782533410e-01
6.191573831855169407e-01
6.325982291419574022e-01
6.188355393010603889e-01
6.396705598298363382e-01
6.430667284921343096e-01
6.349587057167234150e-01
6.475914926510728531e-01
6.418885669959041307e-01
6.348979147592779260e-01
6.222095897888917371e-01
6.496927942699410874e-01
6.455732491088952418e-01
6.550631356324594368e-01
6.379875380198893886e-01
6.385704830872876991e-01
6.386798590477263948e-01
6.220088512291427341e-01
6.197217927356263312e-01
6.587897886450767571e-01
6.532291424320243456e-01
6.451714998100890330e-01
6.442088822254981029e-01
6.472108909605330807e-01
6.285936664697812093e-01
6.187125622848970163e-01
6.420890102856945392e-01
6.268927642485548901e-01
6.375251122562438644e-01
6.275927824403662036e-01
6.425559495520474229e-01
6.238582476628632412e-01
6.429664869945989070e-01
6.336812863146271679e-01
6.256041231747223597e-01
6.537073634404440003e-01
6.514968110615619867e-01
6.062833166745071889e-01
6.333969675524191434e-01
6.586347622659858292e-01
6.495592841020361163e-01
6.393329305711890065e-01
6.333665932635412776e-01
6.511342165311918562e-01
6.347103215979976731e-01
6.521114160567341722e-01
6.345202397085043522e-01
6.324461713049506217e-01
6.396930936950711022e-01
6.452995740739254638e-01
6.436998804783098382e-01
6.571747931910678631e-01
6.509048405209344468e-01
6.477714164709448275e-01
6.323458324990801627e-01
6.240523736534508981e-01
6.428328696954502819e-01
6.037122294016725732e-01
6.525015000596637860e-01
6.237301771585461729e-01
6.409774186472027013e-01
6.328210242537982699e-01
6.255888021210795902e-01
6.554110104349334387e-01
6.224958696194217156e-01
6.377962853092729034e-01
6.617544454982088320e-01
6.606949306338875116e-01
6.446677815527139810e-01
6.376803844095580986e-01
6.379772477619596316e-01
6.591803843178464239e-01
6.201022359757962787e-01
6.465434473643100199e-01
6.447797481575046064e-01
6.548812373859040914e-01
6.463761037559341283e-01
6.340021025549048561e-01
6.525176905835118335e-01
6.441957829070495967e-01
6.312266599278341106e-01
6.236084003086204142e-01
6.444537223446521468e-01
6.405296405404212745e-01
6.532411343278080595e-01
6.638006170314801890e-01
6.268823978432228605e-01
6.461099621221118028e-01
5.934284323251407534e-01
6.279135591541523675e-01
6.556895456169796743e-01
6.297498956579731244e-01
6.262680597460106302e-01
6.503186517070773665e-01
6.362404763920836981e-01
6.351128125746523523e-01
6.364483321508538349e-01
6.551392861908302834e-01
6.159028161773038024e-01
6.525251373847869019e-01
6.268422196227404486e-01
6.170865606769037059e-01
6.452617884953568694e-01
6.249241668583774834e-01
6.565872595671558010e-01
6.711980600803567620e-01
6.467785092451068252e-01
6.221729838417618952e-01
6.187493386344927737e-01
6.516641998071637243e-01
6.293643650147141555e-01
6.288435124180367097e-01
6.388799106099875003e-01
6.397892065439014786e-01
6.762270611534609843e-01
6.112897148957290305e-01
6.495069679733259660e-01
6.169908939896354694e-01
6.453649632459509400e-01
6.356550695098847070e-01
6.211547431440753719e-01
6.410731193168892617e-01
6.335863818093232513e-01
6.525442199799006415e-01
6.372646717124161864e-01
6.417349290613568735e-01
6.266353892121274693e-01
6.365694951210478791e-01
6.253764767748997144e-01
6.544439338564735920e-01
6.534934988724176996e-01
5.996089517206014685e-01
9.998891653527959278e-01
8.815168309169383321e-01
9.727601993019682203e-01
1.905711347260241606e-01
1.066724182614724042e-01
8.543929122572275769e-01
9.999999720823006255e-01
9.075602661565413953e-01
1.373348095307700689e-01
8.931625497272850378e-01
9.999998916964818463e-01
8.837494292501213433e-01
8.748254948784458529e-01
9.999999764010888414e-01
9.999999514677792023e-01
9.999997905224425887e-01
1.447056768038017527e-01
9.999720698569691812e-01
9.999999385596403112e-01
8.864076876219445511e-01
9.999999492443182314e-01
9.999999785091953086e-01
9.999972498356640704e-01
2.199518397514006185e-01
8.989995061358023731e-01
9.999999681851120537e-01
9.384422045794856837e-01
9.946117190677032927e-01
9.999999573101043815e-01
9.999999472847554971e-01
9.999999491459689027e-01
9.999999569710288361e-01
9.999999385596403112e-01
9.999999571187413450e-01
8.729569652272602953e-01
3.084461064168041444e-01
9.998332742573468046e-01
9.999990360900484765e-01
8.809616736391147063e-01
9.999999385596374246e-01
9.999999254882390165e-01
8.793097798626293704e-01
8.791120206171272322e-01
8.991328748666492787e-01
8.955938131254607137e-01
8.991329146466524591e-01
2.901116138511449730e-03
9.999999385591549217e-01
8.971992776644933665e-01
5.612037502332813425e-04
1.903951551435894007e-01
9.999999715081672180e-01
9.999597804760466113e-01
9.999999549299924961e-01
1.409834399190429133e-01
8.834614329050604065e-01
8.917800117919233438e-01
9.990153339235201546e-01
9.999999042428012741e-01
9.590726567441197892e-01
9.999999724028921788e-01
9.998287731993663607e-01
8.888905046169215396e-01
8.785531136717213974e-01
6.264146194093612730e-01
6.131569493356431311e-01
6.321726869522646952e-01
6.065481849034934925e-01
6.104866033832571093e-01
6.255361204950055098e-01
6.019643042524164267e-01
6.031097811883958659e-01
6.200172420486810276e-01
6.208854584673685340e-01
6.229841592376206272e-01
6.016409601263764673e-01
6.156313440806168158e-01
6.147846798287653902e-01
6.101740699303761506e-01
6.011949787596020389e-01
6.076688542682079364e-01
6.039286427853519656e-01
6.202553673593861339e-01
6.009838056723890709e-01
6.418405149510882923e-01
6.095657054965381016e-01
6.135448779041285938e-01
6.188517894461752489e-01
6.082785809479448469e-01
6.088303950871681858e-01
6.036705401463143827e-01
6.191308913821925719e-01
6.221058003961437155e-01
6.093780868153084729e-01
6.247134642179343889e-01
6.019567960135311369e-01
6.044299711374790940e-01
6.184408150016674766e-01
6.200358095793992996e-01
6.014753906288068386e-01
6.206577916795261718e-01
6.234250553699656194e-01
6.248994126227674917e-01
6.102758282314744154e-01
6.383657839521339472e-01
6.282813808409682954e-01
6.252711636164509645e-01
6.032108896457708536e-01
6.120519320790721585e-01
6.024426493281143102e-01
6.209011535690018846e-01
6.129199671286498230e-01
6.148031572666597944e-01
5.983414368993442700e-01
6.119231626650083467e-01
6.124559608463017168e-01
6.083049075385580373e-01
5.994099329886208860e-01
6.151762648584493398e-01
6.245822881420067807e-01
6.337907396273684268e-01
6.304658696108358384e-01
6.100322038589388596e-01
6.085081127589907490e-01
6.305967003455675846e-01
6.069463466445135236e-01
6.159082749614042118e-01
6.140213312485151009e-01
8.011612111556449811e-01
8.077759653101638238e-01
8.079319786181923257e-01
8.062833423826214485e-01
8.068889870914287554e-01
7.772570381535703898e-01
8.036237281720678416e-01
8.109249170027369447e-01
8.026693985336508241e-01
8.228710254385507294e-01
7.991027780377101264e-01
8.109259653657164835e-01
7.800687661093367309e-01
7.829738931939701496e-01
7.998531339141229379e-01
7.960299346191375136e-01
7.959706093566977225e-01
8.109415335133987046e-01
8.026831961780456215e-01
8.006067814286584872e-01
8.066965485100888733e-01
8.227905110469744265e-01
7.787636580809331743e-01
7.944783923930814895e-01
7.953789024825731468e-01
7.988450646320081061e-01
7.891248404694511942e-01
8.019798657254176844e-01
7.916935182961258866e-01
7.946518442412379146e-01
8.004916933435962667e-01
8.135235975252589347e-01
7.966887616645454973e-01
7.931100061478232321e-01
8.161603012756529774e-01
8.049000841499631687e-01
7.966602874925244882e-01
8.110073082922164556e-01
8.177974162102537026e-01
7.909840325339685396e-01
8.154030932014644240e-01
8.079715683650208202e-01
8.092089843567242813e-01
7.674579354073541859e-01
7.919977977686712967e-01
8.018586592642563682e-01
7.849696088872792910e-01
8.149469958555254356e-01
8.017908100083223077e-01
8.009028063794039198e-01
8.103750365110974352e-01
8.002904045706645819e-01
8.088599579215676183e-01
7.961385074066837930e-01
7.947012079652178151e-01
7.938722567210843017e-01
7.980272642224207624e-01
8.199933989517975697e-01
7.985851932943079934e-01
8.089238592588291477e-01
7.910399617632225544e-01
8.103068804082744769e-01
7.736482792389630658e-01
7.968655582715159502e-01
9.995604435554499290e-01
9.995558231809079652e-01
9.995840843857520808e-01
9.995637176795615364e-01
9.994993122579077793e-01
9.996226490371650231e-01
9.993960899616973759e-01
9.996000469214867401e-01
9.995963197873766193e-01
9.994173165219124577e-01
9.994423243519395816e-01
9.995741111035124637e-01
9.995548131071513298e-01
9.994954003024162370e-01
9.993654445413272525e-01
9.994874652206613419e-01
9.995029283524397012e-01
9.994231724490161284e-01
9.996056693297618034e-01
9.995536580718685782e-01
9.995174283166706752e-01
9.995827836098042374e-01
9.995776534435263372e-01
9.995483508016652641e-01
9.996274756841603271e-01
9.996021856725546550e-01
9.994349066052748976e-01
9.994157674379106071e-01
9.996596201531096071e-01
9.995367788689005772e-01
9.995834892868048493e-01
9.996016166145934578e-01
9.994934976674371141e-01
9.994338203116776009e-01
9.994635713534801846e-01
9.995742663641754566e-01
9.994387268719044926e-01
9.995166368927957956e-01
9.996349660904494394e-01
9.995617365227906781e-01
9.994539268650711739e-01
9.995041644338467091e-01
9.995979653067621484e-01
9.995050494635484561e-01
9.995732845507299125e-01
9.994868743782879816e-01
9.995718152413717306e-01
9.993319537595629631e-01
9.995224630590825443e-01
9.993835065753566838e-01
9.996145403021949871e-01
9.995766709477802436e-01
9.995796166787385140e-01
9.995321666658389947e-01
9.995745133279898553e-01
9.995765021251846738e-01
9.995485597256607013e-01
9.995632955534230479e-01
9.995658012011944260e-01
9.995836759040653829e-01
9.996886082152329767e-01
9.996357805397205754e-01
9.995926625638585916e-01
9.993296884087899956e-01
