1.000000000000000000e+00
1.000000000000000000e+00
3.665379321873965047e-49
1.000000000000000000e+00
1.000000000000000000e+00
1.000000000000000000e+00
6.887930048559012832e-45
1.000000000000000000e+00
1.000000000000000000e+00
1.000000000000000000e+00
1.000000000000000000e+00
1.000000000000000000e+00
1.000000000000000000e+00
1.000000000000000000e+00
1.000000000000000000e+00
1.000000000000000000e+00
1.000000000000000000e+00
1.000000000000000000e+00
1.000000000000000000e+00
1.000000000000000000e+00
1.000000000000000000e+00
1.000000000000000000e+00
1.000000000000000000e+00
1.000000000000000000e+00
1.000000000000000000e+00
1.000000000000000000e+00
1.000000000000000000e+00
1.000000000000000000e+00
1.356328999608756527e-44
1.000000000000000000e+00
1.000000000000000000e+00
1.000000000000000000e+00
1.000000000000000000e+00
1.000000000000000000e+00
2.670747475811017788e-40
4.107812985609544471e-47
1.000000000000000000e+00
4.576954076678857572e-44
1.000000000000000000e+00
