1.000000000000000000e+00
9.999999999999540368e-01
1.000000000000000000e+00
1.000000000000000000e+00
1.000000000000000000e+00
1.000000000000000000e+00
9.394512979271890663e-01
1.000000000000000000e+00
1.000000000000000000e+00
1.000000000000000000e+00
1.535854468664392319e-48
2.130651359695911289e-49
9.329840594528431391e-32
1.000000000000000000e+00
9.023400245934491725e-45
6.029504697740556074e-38
1.000000000000000000e+00
1.000000000000000000e+00
1.000000000000000000e+00
1.000000000000000000e+00
1.000000000000000000e+00
1.000000000000000000e+00
1.000000000000000000e+00
1.000000000000000000e+00
1.000000000000000000e+00
1.000000000000000000e+00
1.000000000000000000e+00
3.187149675667387952e-49
1.000000000000000000e+00
1.000000000000000000e+00
1.434986245283189603e-48
1.000000000000000000e+00
1.000000000000000000e+00
1.000000000000000000e+00
1.838235261253357907e-45
1.000000000000000000e+00
1.000000000000000000e+00
1.000000000000000000e+00
1.000000000000000000e+00
1.000000000000000000e+00
