2.117732601561344076e-48
1.000000000000000000e+00
1.000000000000000000e+00
6.206414208389803782e-49
1.000000000000000000e+00
1.000000000000000000e+00
1.000000000000000000e+00
1.000000000000000000e+00
1.000000000000000000e+00
1.034208566769917465e-47
1.000000000000000000e+00
9.999999999999986677e-01
1.000000000000000000e+00
2.236086459983428261e-15
1.000000000000000000e+00
1.000000000000000000e+00
1.000000000000000000e+00
1.000000000000000000e+00
3.223732700543380250e-48
1.000000000000000000e+00
1.000000000000000000e+00
1.534740908940882304e-05
1.000000000000000000e+00
1.000000000000000000e+00
1.000000000000000000e+00
1.000000000000000000e+00
1.000000000000000000e+00
1.000000000000000000e+00
1.000000000000000000e+00
1.000000000000000000e+00
1.000000000000000000e+00
1.000000000000000000e+00
1.000000000000000000e+00
1.000000000000000000e+00
1.000000000000000000e+00
1.000000000000000000e+00
1.000000000000000000e+00
1.000000000000000000e+00
1.000000000000000000e+00
