1.000000000000000000e+00
1.000000000000000000e+00
1.000000000000000000e+00
3.506589888870521761e-49
1.000000000000000000e+00
1.000000000000000000e+00
1.000000000000000000e+00
2.827526216658492532e-45
1.000000000000000000e+00
1.000000000000000000e+00
1.000000000000000000e+00
1.000000000000000000e+00
1.000000000000000000e+00
1.000000000000000000e+00
1.000000000000000000e+00
1.000000000000000000e+00
1.000000000000000000e+00
1.000000000000000000e+00
1.000000000000000000e+00
1.000000000000000000e+00
1.000000000000000000e+00
1.634553947067552506e-46
9.816125662131890450e-45
1.000000000000000000e+00
1.000000000000000000e+00
1.000000000000000000e+00
1.000000000000000000e+00
8.481679875477294820e-48
1.821747439532384847e-48
1.000000000000000000e+00
1.000000000000000000e+00
1.000000000000000000e+00
2.493225720214378162e-40
2.108558132701193518e-44
1.000000000000000000e+00
4.288550523237678679e-48
1.000000000000000000e+00
1.000000000000000000e+00
1.000000000000000000e+00
1.000000000000000000e+00
