1.000000000000000000e+00
1.507450092190128557e-02
1.000000000000000000e+00
1.551865015310190709e-47
1.000000000000000000e+00
1.000000000000000000e+00
1.000000000000000000e+00
1.000000000000000000e+00
1.000000000000000000e+00
1.000000000000000000e+00
1.000000000000000000e+00
1.000000000000000000e+00
1.000000000000000000e+00
1.000000000000000000e+00
1.000000000000000000e+00
1.000000000000000000e+00
1.000000000000000000e+00
1.000000000000000000e+00
1.000000000000000000e+00
1.000000000000000000e+00
1.000000000000000000e+00
9.891004937099435094e-21
1.373201396807946011e-48
1.000000000000000000e+00
1.000000000000000000e+00
1.000000000000000000e+00
1.000000000000000000e+00
1.000000000000000000e+00
1.000000000000000000e+00
1.000000000000000000e+00
1.000000000000000000e+00
1.000000000000000000e+00
9.932210216418523687e-46
1.000000000000000000e+00
6.859906616339140074e-39
1.000000000000000000e+00
3.440866440359301766e-42
1.532437851337920218e-44
1.000000000000000000e+00
