1.000000000000000000e+00
1.000000000000000000e+00
1.000000000000000000e+00
8.402659009659250598e-11
1.000000000000000000e+00
1.003773662812153868e-13
1.000000000000000000e+00
1.000000000000000000e+00
1.000000000000000000e+00
9.999896391423958031e-01
1.000000000000000000e+00
1.000000000000000000e+00
1.000000000000000000e+00
1.068498744814245917e-09
1.000000000000000000e+00
1.000000000000000000e+00
1.000000000000000000e+00
1.000000000000000000e+00
1.000000000000000000e+00
1.000000000000000000e+00
1.000000000000000000e+00
1.000000000000000000e+00
1.000000000000000000e+00
1.000000000000000000e+00
1.000000000000000000e+00
1.000000000000000000e+00
1.000000000000000000e+00
1.000000000000000000e+00
1.000000000000000000e+00
1.000000000000000000e+00
1.000000000000000000e+00
1.000000000000000000e+00
1.000000000000000000e+00
1.000000000000000000e+00
1.000000000000000000e+00
1.000000000000000000e+00
9.999999999948030460e-01
1.000000000000000000e+00
1.000000000000000000e+00
