8.379807712005081163e-03
8.379807712005081163e-03
8.379807712005081163e-03
8.379807712005081163e-03
8.379807712005081163e-03
8.379807712005081163e-03
8.379807712005081163e-03
8.379807712005081163e-03
8.379807712005081163e-03
8.379807712005081163e-03
8.379807712005081163e-03
8.379807712005081163e-03
8.379807712005081163e-03
8.379807712005081163e-03
8.379807712005081163e-03
8.379807712005081163e-03
8.379807712005081163e-03
8.379807712005081163e-03
8.379807712005081163e-03
8.379807712005081163e-03
8.379807712005081163e-03
8.379807712005081163e-03
8.379807712005081163e-03
8.379807712005081163e-03
8.379807712005081163e-03
8.379807712005081163e-03
8.379807712005081163e-03
8.379807712005081163e-03
8.379807712005081163e-03
8.379807712005081163e-03
8.379807712005081163e-03
8.379807712005081163e-03
8.379807712005081163e-03
8.379807712005081163e-03
8.379807712005081163e-03
8.379807712005081163e-03
8.379807712005081163e-03
8.379807712005081163e-03
8.379807712005081163e-03
8.379807712005081163e-03
8.379807712005081163e-03
8.379807712005081163e-03
8.379807712005081163e-03
8.379807712005081163e-03
8.379807712005081163e-03
8.379807712005081163e-03
8.379807712005081163e-03
8.379807712005081163e-03
8.379807712005081163e-03
8.379807712005081163e-03
8.379807712005081163e-03
8.379807712005081163e-03
4.881016681526245127e-01
8.379807712005081163e-03
8.379807712005081163e-03
8.379807712005081163e-03
8.379807712005081163e-03
8.379807712005081163e-03
8.379807712005081163e-03
8.379807712005081163e-03
8.379807712005081163e-03
8.379807712005081163e-03
8.379807712005081163e-03
8.379807712005081163e-03
