8.378626636379143955e-03
8.378626636379143955e-03
8.378626636379143955e-03
8.378626636379143955e-03
8.378626636379143955e-03
8.378626636379143955e-03
8.378626636379143955e-03
8.378626636379143955e-03
8.378626636379143955e-03
8.378626636379143955e-03
8.378626636379143955e-03
8.378626636379143955e-03
8.378626636379143955e-03
8.378626636379143955e-03
4.881441682759874445e-01
8.378626636379143955e-03
8.378626636379143955e-03
8.378626636379143955e-03
8.378626636379143955e-03
8.378626636379143955e-03
8.378626636379143955e-03
8.378626636379143955e-03
8.378626636379143955e-03
8.378626636379143955e-03
8.378626636379143955e-03
8.379726852409787388e-03
8.378626636379143955e-03
8.378626636379143955e-03
8.378626636379143955e-03
8.378626636379143955e-03
8.378626636379143955e-03
8.378626636379143955e-03
8.378626636379143955e-03
8.378626636379143955e-03
8.378626636379143955e-03
8.378626636379143955e-03
8.378626636379143955e-03
8.378626636379143955e-03
8.378626636379143955e-03
8.378626636379143955e-03
8.378626636379143955e-03
8.378626636379143955e-03
8.378626636379143955e-03
8.378626636379143955e-03
8.378626636379143955e-03
8.378626636379143955e-03
8.378626636379143955e-03
8.378626636379143955e-03
4.881441682759874445e-01
8.378626636379143955e-03
8.378626636379143955e-03
8.378626636379143955e-03
8.378626636379143955e-03
8.378626636379143955e-03
8.378626636379143955e-03
8.378626636379143955e-03
8.378626636379143955e-03
8.378626636379143955e-03
8.378626636379143955e-03
8.378626636379143955e-03
8.379812452313300034e-03
8.378626636379143955e-03
8.378626636379143955e-03
8.378626636379143955e-03
