8.374132169634498565e-03
8.374132169634498565e-03
8.374132169634498565e-03
8.374132169634498565e-03
8.374132169634498565e-03
8.374132169634498565e-03
8.374132169634498565e-03
8.374132169634498565e-03
8.374132169634498565e-03
8.374132169634498565e-03
8.374132169634498565e-03
8.374132169634498565e-03
8.374132169634498565e-03
8.374132169634498565e-03
8.374132169634498565e-03
8.374132169634498565e-03
8.374132169634498565e-03
8.374132169634498565e-03
8.374132169634498565e-03
8.374132169634498565e-03
8.374132169634498565e-03
8.374132169634498565e-03
8.374132169634498565e-03
8.374132169634498565e-03
8.374132169634498565e-03
8.374132169634498565e-03
8.374132169634498565e-03
8.374132169634498565e-03
8.374132169634498565e-03
8.374132169634498565e-03
8.374132169634498565e-03
8.374132169634498565e-03
8.374132169634498565e-03
8.374132169634498565e-03
8.374132169634498565e-03
8.374132169634498565e-03
8.374132169634498565e-03
8.374132169634498565e-03
8.374132169634498565e-03
8.374132169634498565e-03
8.374132169634498565e-03
8.374132169634498565e-03
8.374132169634498565e-03
8.374132169634498565e-03
8.374132169634498565e-03
8.374132169634498565e-03
8.374132169634498565e-03
8.374132169634498565e-03
8.374132169634498565e-03
8.374132169634498565e-03
8.374132169634498565e-03
8.374132169634498565e-03
8.374132169634498565e-03
8.374132169634498565e-03
8.374132169634498565e-03
8.374132169634498565e-03
8.374132169634498565e-03
8.374132169634498565e-03
8.374132169634498565e-03
8.374132169634498565e-03
8.374132169634498565e-03
8.374132169634498565e-03
8.374132169634498565e-03
8.374132169634498565e-03
