8.377709740754619647e-03
8.377709740754619647e-03
8.377709740754619647e-03
4.881520389383906533e-01
4.881520389383906533e-01
8.377709740754619647e-03
4.881520389383906533e-01
4.881520389383906533e-01
4.881520389383906533e-01
8.377709740754619647e-03
8.377709740754619647e-03
8.377709740754619647e-03
3.581499691682761555e-02
4.881520389383906533e-01
8.377709740754619647e-03
8.377709740754619647e-03
8.377709740754619647e-03
8.377709740754619647e-03
8.377709740754619647e-03
4.881520389383906533e-01
2.905632643708275786e-01
8.377709740754619647e-03
8.377709740754619647e-03
8.377709740754619647e-03
4.881520389383906533e-01
4.881520389383906533e-01
8.377709740754619647e-03
8.377709740754619647e-03
8.377709740754619647e-03
8.377709740754619647e-03
8.377709740754619647e-03
8.377709740754619647e-03
8.377714297948231706e-03
4.881520389383906533e-01
4.881520389383906533e-01
4.881520389383906533e-01
8.377709740754619647e-03
4.881520389383906533e-01
8.377709740754619647e-03
4.881520389383906533e-01
1.147057309269689830e-02
8.377709740754619647e-03
8.377709740754619647e-03
4.881520389383906533e-01
8.377709740754619647e-03
8.377709740754619647e-03
8.377709740754619647e-03
8.377709740754619647e-03
4.769167743581437802e-01
8.377709740754619647e-03
8.377709740754619647e-03
8.377709740754619647e-03
8.377709740754619647e-03
3.300652479554341823e-01
8.377709740754619647e-03
8.377709740754619647e-03
8.377709740754619647e-03
4.881520389383906533e-01
4.881520389383906533e-01
4.881520389383906533e-01
4.881520389383906533e-01
8.377709740754619647e-03
8.377709740754619647e-03
8.377709740754619647e-03
