8.373396230311897989e-03
8.373396230311897989e-03
8.373396230311897989e-03
4.881178043501052666e-01
8.373396230311897989e-03
8.373396230311897989e-03
8.373396230311897989e-03
8.373396230311897989e-03
8.373396230311897989e-03
8.373396230311897989e-03
8.373396230311897989e-03
8.373396230311897989e-03
8.373396230311897989e-03
8.373396230311897989e-03
8.373396230311897989e-03
8.373396230311897989e-03
8.373396230311897989e-03
8.373396230311897989e-03
8.373396230311897989e-03
8.373396230311897989e-03
8.373396230311897989e-03
8.373396230311897989e-03
8.373396230311897989e-03
8.373396230311897989e-03
8.373396230311897989e-03
8.373396230311897989e-03
8.373396230311897989e-03
8.373396230311897989e-03
8.373396230311897989e-03
8.373396230311897989e-03
8.373396230311897989e-03
8.373396230311897989e-03
8.373396230311897989e-03
8.373396230311897989e-03
8.373396230311897989e-03
8.373396230311897989e-03
8.373396230311897989e-03
8.373396230311897989e-03
8.373396230311897989e-03
2.656652429461438605e-02
8.373396230311897989e-03
8.373396230311897989e-03
8.373396230311897989e-03
8.373396230311897989e-03
8.373396230311897989e-03
8.373396230311897989e-03
8.373396230311897989e-03
8.373396230311897989e-03
8.373396230311897989e-03
8.373396230311897989e-03
8.373396230311897989e-03
8.373396230311897989e-03
8.373396230311897989e-03
8.373396230311897989e-03
8.373396230311897989e-03
8.373396230311897989e-03
8.373396230311897989e-03
8.373396230311897989e-03
8.373396230311897989e-03
8.373396230311897989e-03
8.373396230311897989e-03
8.373396230311897989e-03
8.373396230311897989e-03
8.373396230311897989e-03
