8.389451049283940670e-03
8.389451049283940670e-03
8.389451049283940670e-03
8.389451049283940670e-03
8.389451049283940670e-03
8.389451049283940670e-03
8.389451049283940670e-03
8.389451049283940670e-03
8.389451049283940670e-03
8.389451049283940670e-03
1.609230475931946666e-02
8.389451049283940670e-03
8.389451049283940670e-03
8.389451049283940670e-03
8.389451049283940670e-03
8.389451049283940670e-03
8.389451049283940670e-03
8.389451049283940670e-03
8.389451049283940670e-03
8.389451049283940670e-03
8.389451049283940670e-03
8.389451049283940670e-03
8.389451049283940670e-03
8.389451049283940670e-03
8.389451049283940670e-03
8.389451049283940670e-03
8.389451049283940670e-03
8.389451049283940670e-03
8.389451049283940670e-03
8.389451049283940670e-03
8.389451049283940670e-03
8.389451049283940670e-03
8.389451049283940670e-03
8.389451049283940670e-03
8.389451049283940670e-03
8.389451049283940670e-03
8.389451049283940670e-03
8.389451049283940670e-03
8.389451049283940670e-03
8.389451049283940670e-03
8.389451049283940670e-03
8.389451049283940670e-03
7.187871055333358572e-02
8.389451056785153862e-03
8.389451049283940670e-03
8.389451049283940670e-03
8.389451049283940670e-03
8.389451049283940670e-03
8.389451049283940670e-03
8.389451049283940670e-03
8.389451049283940670e-03
8.389451049283940670e-03
8.389451049283940670e-03
8.389451049283940670e-03
5.847272049221732826e-02
8.389451049283940670e-03
8.389451049283940670e-03
8.389451049283940670e-03
8.389451049283940670e-03
8.389451049283940670e-03
8.389451049283940670e-03
8.389451049283940670e-03
8.389451049283940670e-03
8.389451049283940670e-03
