8.390686128173440242e-03
8.390686128173440242e-03
8.390686128173440242e-03
8.390686128173440242e-03
8.390686128173440242e-03
8.390686128173440242e-03
8.390686128173440242e-03
8.390686128173440242e-03
8.390686128173440242e-03
8.390686128173440242e-03
8.390686128173440242e-03
8.390686128173440242e-03
8.390686128173440242e-03
8.390686128173440242e-03
8.390686128173440242e-03
8.390686128173440242e-03
8.390686128173440242e-03
8.390686128173440242e-03
8.390686128173440242e-03
8.390686128173440242e-03
8.390686128173440242e-03
8.390686128173440242e-03
8.390686128173440242e-03
8.390686128173440242e-03
8.390686128173440242e-03
8.390686128173440242e-03
8.390686128173440242e-03
8.390686128173440242e-03
8.390686128173440242e-03
8.390686128173440242e-03
8.390686128173440242e-03
8.390686128173440242e-03
8.390686128173440242e-03
8.390686128173440242e-03
8.390686128173440242e-03
8.390686128173440242e-03
8.390686128173440242e-03
8.390686128173440242e-03
8.390686128173440242e-03
8.390686128173440242e-03
8.390686128173440242e-03
8.390686128173440242e-03
8.390686128173440242e-03
8.390686128173440242e-03
8.390686128173440242e-03
8.390686128173440242e-03
8.390686128173440242e-03
8.390686128173440242e-03
8.390686128173440242e-03
8.390686128173440242e-03
8.390686128173440242e-03
8.390686128173440242e-03
8.390686128173440242e-03
8.390686128173440242e-03
8.390686128173440242e-03
8.390686128173440242e-03
8.390686128173440242e-03
8.390686128173440242e-03
8.390686128173440242e-03
8.390686128173440242e-03
8.390686128173440242e-03
8.390686128173440242e-03
8.390686128173440242e-03
8.390686128173440242e-03
