4.882341473929263098e-01
3.994728664312175576e-02
8.223176867529406395e-03
8.223176867529406395e-03
8.223176867529406395e-03
4.882341473929263098e-01
8.223176867529406395e-03
8.223176867529406395e-03
4.882341473929263098e-01
8.223176867529406395e-03
9.035999542913357788e-03
4.882341473929263098e-01
4.882341473929263098e-01
8.223176867529406395e-03
4.882341473929263098e-01
4.882341473929263098e-01
8.223176867529406395e-03
4.882341473929263098e-01
4.882341473929263098e-01
8.223176867529406395e-03
8.223176867529406395e-03
4.882341473929263098e-01
8.223176867529406395e-03
8.223176867529406395e-03
4.882341473929263098e-01
4.882341473929263098e-01
4.882341473929263098e-01
8.223176867529406395e-03
8.223176867529406395e-03
8.223176867529406395e-03
4.882341473929263098e-01
4.882341473929263098e-01
8.223176867529406395e-03
4.882341473929263098e-01
4.882341473929263098e-01
8.223176867529406395e-03
8.916821952051212641e-02
8.223198602826076523e-03
4.152998228226664201e-01
3.533345412330651802e-01
4.882341473929263098e-01
8.223176867529406395e-03
8.223176867529406395e-03
8.223176867529406395e-03
4.882341473929263098e-01
4.882341473929263098e-01
1.212696492980804355e-02
8.223176867529406395e-03
4.882341473929263098e-01
8.223176867529406395e-03
4.882341473929263098e-01
4.882341473929263098e-01
8.223176867529406395e-03
4.882341473929263098e-01
8.223176867529406395e-03
2.920522131964825574e-01
4.882341473929263098e-01
4.882341473929263098e-01
8.225258221361287855e-03
4.882341473929263098e-01
4.882341473929263098e-01
4.882341473929263098e-01
8.223176867529406395e-03
4.882341473929263098e-01
