5.375150449017550569e-01
5.375150449017550569e-01
5.375150449017550569e-01
9.999997371457240991e-01
6.107685556642528102e-01
5.375150449017550569e-01
9.999997371457240991e-01
8.251804750392514043e-01
5.375150449017550569e-01
5.375150449017550569e-01
9.999997371457240991e-01
9.999995261266562130e-01
9.999997371457240991e-01
5.375150449017550569e-01
9.999997371457240991e-01
9.999997371457240991e-01
5.375150449017550569e-01
9.999997371457240991e-01
5.375150449017550569e-01
5.375150449017550569e-01
9.999997371457240991e-01
9.999997371457240991e-01
9.999997371457240991e-01
5.375150449017550569e-01
9.999997371457240991e-01
9.999997371457240991e-01
5.375150449017550569e-01
9.977964197400223112e-01
5.375150449017550569e-01
5.375150449017550569e-01
5.375150449017550569e-01
5.375150449017550569e-01
5.375150449017550569e-01
5.375150449017550569e-01
5.375150449017550569e-01
5.375150449017550569e-01
6.418120340062425377e-01
9.999997371457240991e-01
5.375150449017614962e-01
7.564112214610003715e-01
5.375150449017550569e-01
5.375150449017550569e-01
5.375150449017550569e-01
9.999997371457240991e-01
5.375150449017550569e-01
5.375150449017550569e-01
5.375150449017550569e-01
5.375150449017550569e-01
5.375150449017550569e-01
5.375150449017550569e-01
9.975411374417774146e-01
9.999974997846873270e-01
9.999997371457240991e-01
5.375150449017550569e-01
5.375150449017550569e-01
9.999997371457240991e-01
5.375150449017550569e-01
5.375150449017550569e-01
5.375150449017550569e-01
5.375150449017550569e-01
5.375150449017550569e-01
8.666416300618798862e-01
5.375150462130213747e-01
9.999997371457240991e-01
