7.459102173564701246e-03
7.459102173564701246e-03
7.459102173564701246e-03
7.459102173564701246e-03
7.459102173564701246e-03
7.459102173564701246e-03
7.459102173564701246e-03
7.459102173564701246e-03
7.459102173564701246e-03
7.459102173564701246e-03
7.459102173564701246e-03
7.459102173564701246e-03
7.459102173564701246e-03
7.459102173564701246e-03
7.459102173564701246e-03
7.459102173564701246e-03
7.459102173564701246e-03
7.459102173564701246e-03
7.459102173564701246e-03
7.459102173564701246e-03
7.459102173564701246e-03
7.459102173564701246e-03
7.459102173564701246e-03
7.459102173564701246e-03
7.459102173564701246e-03
7.459102173564701246e-03
7.459102173564701246e-03
7.459102173564701246e-03
7.459102173564701246e-03
7.459102173564701246e-03
7.459102173564701246e-03
7.459102173564701246e-03
7.459102173564701246e-03
7.459102173564701246e-03
7.459102173564701246e-03
7.459102173564701246e-03
7.459102173564701246e-03
7.459102173564701246e-03
7.459102173564701246e-03
7.459102173564701246e-03
7.459102173564701246e-03
7.459102173564701246e-03
7.459102173564701246e-03
7.459102173564701246e-03
7.459102173564701246e-03
7.459102173564701246e-03
7.459102173564701246e-03
7.459102173564701246e-03
7.459102173564701246e-03
7.459102173564701246e-03
7.459102173564701246e-03
7.459102173564701246e-03
7.459102173564701246e-03
7.459102173564701246e-03
7.459102173564701246e-03
7.459102173564701246e-03
7.459102173564701246e-03
7.459102173564701246e-03
7.459102173564701246e-03
7.459102173564701246e-03
7.459102173564701246e-03
7.459102173564701246e-03
7.459102173564701246e-03
7.459102173564701246e-03
