8.379807712005081163e-03
8.379807712005081163e-03
8.379807712005081163e-03
8.379807712005081163e-03
8.379807712005081163e-03
8.379807712005081163e-03
8.379807712005081163e-03
8.379807712005081163e-03
8.379807712005081163e-03
8.379807712005081163e-03
8.379807712005081163e-03
8.379807712005081163e-03
8.379807712005081163e-03
8.379807712005081163e-03
8.379807712005081163e-03
8.379807712005081163e-03
8.379807712005081163e-03
8.379807712005081163e-03
8.379807712005081163e-03
8.379807712005081163e-03
8.379807712005081163e-03
8.379807712005081163e-03
8.379807712005081163e-03
8.379807712005081163e-03
8.379807712005081163e-03
8.379807712005081163e-03
8.379807712005081163e-03
8.379807712005081163e-03
8.379807712005081163e-03
8.379807712005081163e-03
8.379807712005081163e-03
8.379807712005081163e-03
8.379807712005081163e-03
8.379807712005081163e-03
8.379807712005081163e-03
8.379807712005081163e-03
8.379807712005081163e-03
8.379807712005081163e-03
8.379807712005081163e-03
8.379807712005081163e-03
8.379807712005081163e-03
8.379807712005081163e-03
8.379807712005081163e-03
8.379807712005081163e-03
8.379807712005081163e-03
8.379807712005081163e-03
8.379807712005081163e-03
8.379807712005081163e-03
8.379807712005081163e-03
8.379807712005081163e-03
8.379807712005081163e-03
8.379807712005081163e-03
4.881016681526245127e-01
8.379807712005081163e-03
8.379807712005081163e-03
8.379807712005081163e-03
8.379807712005081163e-03
8.379807712005081163e-03
8.379807712005081163e-03
8.379807712005081163e-03
8.379807712005081163e-03
8.379807712005081163e-03
8.379807712005081163e-03
8.379807712005081163e-03
8.378626636379143955e-03
8.378626636379143955e-03
8.378626636379143955e-03
8.378626636379143955e-03
8.378626636379143955e-03
8.378626636379143955e-03
8.378626636379143955e-03
8.378626636379143955e-03
8.378626636379143955e-03
8.378626636379143955e-03
8.378626636379143955e-03
8.378626636379143955e-03
8.378626636379143955e-03
8.378626636379143955e-03
4.881441682759874445e-01
8.378626636379143955e-03
8.378626636379143955e-03
8.378626636379143955e-03
8.378626636379143955e-03
8.378626636379143955e-03
8.378626636379143955e-03
8.378626636379143955e-03
8.378626636379143955e-03
8.378626636379143955e-03
8.378626636379143955e-03
8.379726852409787388e-03
8.378626636379143955e-03
8.378626636379143955e-03
8.378626636379143955e-03
8.378626636379143955e-03
8.378626636379143955e-03
8.378626636379143955e-03
8.378626636379143955e-03
8.378626636379143955e-03
8.378626636379143955e-03
8.378626636379143955e-03
8.378626636379143955e-03
8.378626636379143955e-03
8.378626636379143955e-03
8.378626636379143955e-03
8.378626636379143955e-03
8.378626636379143955e-03
8.378626636379143955e-03
8.378626636379143955e-03
8.378626636379143955e-03
8.378626636379143955e-03
8.378626636379143955e-03
8.378626636379143955e-03
4.881441682759874445e-01
8.378626636379143955e-03
8.378626636379143955e-03
8.378626636379143955e-03
8.378626636379143955e-03
8.378626636379143955e-03
8.378626636379143955e-03
8.378626636379143955e-03
8.378626636379143955e-03
8.378626636379143955e-03
8.378626636379143955e-03
8.378626636379143955e-03
8.379812452313300034e-03
8.378626636379143955e-03
8.378626636379143955e-03
8.378626636379143955e-03
8.374132169634498565e-03
8.374132169634498565e-03
8.374132169634498565e-03
8.374132169634498565e-03
8.374132169634498565e-03
8.374132169634498565e-03
8.374132169634498565e-03
8.374132169634498565e-03
8.374132169634498565e-03
8.374132169634498565e-03
8.374132169634498565e-03
8.374132169634498565e-03
8.374132169634498565e-03
8.374132169634498565e-03
8.374132169634498565e-03
8.374132169634498565e-03
8.374132169634498565e-03
8.374132169634498565e-03
8.374132169634498565e-03
8.374132169634498565e-03
8.374132169634498565e-03
8.374132169634498565e-03
8.374132169634498565e-03
8.374132169634498565e-03
8.374132169634498565e-03
8.374132169634498565e-03
8.374132169634498565e-03
8.374132169634498565e-03
8.374132169634498565e-03
8.374132169634498565e-03
8.374132169634498565e-03
8.374132169634498565e-03
8.374132169634498565e-03
8.374132169634498565e-03
8.374132169634498565e-03
8.374132169634498565e-03
8.374132169634498565e-03
8.374132169634498565e-03
8.374132169634498565e-03
8.374132169634498565e-03
8.374132169634498565e-03
8.374132169634498565e-03
8.374132169634498565e-03
8.374132169634498565e-03
8.374132169634498565e-03
8.374132169634498565e-03
8.374132169634498565e-03
8.374132169634498565e-03
8.374132169634498565e-03
8.374132169634498565e-03
8.374132169634498565e-03
8.374132169634498565e-03
8.374132169634498565e-03
8.374132169634498565e-03
8.374132169634498565e-03
8.374132169634498565e-03
8.374132169634498565e-03
8.374132169634498565e-03
8.374132169634498565e-03
8.374132169634498565e-03
8.374132169634498565e-03
8.374132169634498565e-03
8.374132169634498565e-03
8.374132169634498565e-03
8.377709740754619647e-03
8.377709740754619647e-03
8.377709740754619647e-03
4.881520389383906533e-01
4.881520389383906533e-01
8.377709740754619647e-03
4.881520389383906533e-01
4.881520389383906533e-01
4.881520389383906533e-01
8.377709740754619647e-03
8.377709740754619647e-03
8.377709740754619647e-03
3.581499691682761555e-02
4.881520389383906533e-01
8.377709740754619647e-03
8.377709740754619647e-03
8.377709740754619647e-03
8.377709740754619647e-03
8.377709740754619647e-03
4.881520389383906533e-01
2.905632643708275786e-01
8.377709740754619647e-03
8.377709740754619647e-03
8.377709740754619647e-03
4.881520389383906533e-01
4.881520389383906533e-01
8.377709740754619647e-03
8.377709740754619647e-03
8.377709740754619647e-03
8.377709740754619647e-03
8.377709740754619647e-03
8.377709740754619647e-03
8.377714297948231706e-03
4.881520389383906533e-01
4.881520389383906533e-01
4.881520389383906533e-01
8.377709740754619647e-03
4.881520389383906533e-01
8.377709740754619647e-03
4.881520389383906533e-01
1.147057309269689830e-02
8.377709740754619647e-03
8.377709740754619647e-03
4.881520389383906533e-01
8.377709740754619647e-03
8.377709740754619647e-03
8.377709740754619647e-03
8.377709740754619647e-03
4.769167743581437802e-01
8.377709740754619647e-03
8.377709740754619647e-03
8.377709740754619647e-03
8.377709740754619647e-03
3.300652479554341823e-01
8.377709740754619647e-03
8.377709740754619647e-03
8.377709740754619647e-03
4.881520389383906533e-01
4.881520389383906533e-01
4.881520389383906533e-01
4.881520389383906533e-01
8.377709740754619647e-03
8.377709740754619647e-03
8.377709740754619647e-03
8.373396230311897989e-03
8.373396230311897989e-03
8.373396230311897989e-03
4.881178043501052666e-01
8.373396230311897989e-03
8.373396230311897989e-03
8.373396230311897989e-03
8.373396230311897989e-03
8.373396230311897989e-03
8.373396230311897989e-03
8.373396230311897989e-03
8.373396230311897989e-03
8.373396230311897989e-03
8.373396230311897989e-03
8.373396230311897989e-03
8.373396230311897989e-03
8.373396230311897989e-03
8.373396230311897989e-03
8.373396230311897989e-03
8.373396230311897989e-03
8.373396230311897989e-03
8.373396230311897989e-03
8.373396230311897989e-03
8.373396230311897989e-03
8.373396230311897989e-03
8.373396230311897989e-03
8.373396230311897989e-03
8.373396230311897989e-03
8.373396230311897989e-03
8.373396230311897989e-03
8.373396230311897989e-03
8.373396230311897989e-03
8.373396230311897989e-03
8.373396230311897989e-03
8.373396230311897989e-03
8.373396230311897989e-03
8.373396230311897989e-03
8.373396230311897989e-03
8.373396230311897989e-03
2.656652429461438605e-02
8.373396230311897989e-03
8.373396230311897989e-03
8.373396230311897989e-03
8.373396230311897989e-03
8.373396230311897989e-03
8.373396230311897989e-03
8.373396230311897989e-03
8.373396230311897989e-03
8.373396230311897989e-03
8.373396230311897989e-03
8.373396230311897989e-03
8.373396230311897989e-03
8.373396230311897989e-03
8.373396230311897989e-03
8.373396230311897989e-03
8.373396230311897989e-03
8.373396230311897989e-03
8.373396230311897989e-03
8.373396230311897989e-03
8.373396230311897989e-03
8.373396230311897989e-03
8.373396230311897989e-03
8.373396230311897989e-03
8.373396230311897989e-03
8.389451049283940670e-03
8.389451049283940670e-03
8.389451049283940670e-03
8.389451049283940670e-03
8.389451049283940670e-03
8.389451049283940670e-03
8.389451049283940670e-03
8.389451049283940670e-03
8.389451049283940670e-03
8.389451049283940670e-03
1.609230475931946666e-02
8.389451049283940670e-03
8.389451049283940670e-03
8.389451049283940670e-03
8.389451049283940670e-03
8.389451049283940670e-03
8.389451049283940670e-03
8.389451049283940670e-03
8.389451049283940670e-03
8.389451049283940670e-03
8.389451049283940670e-03
8.389451049283940670e-03
8.389451049283940670e-03
8.389451049283940670e-03
8.389451049283940670e-03
8.389451049283940670e-03
8.389451049283940670e-03
8.389451049283940670e-03
8.389451049283940670e-03
8.389451049283940670e-03
8.389451049283940670e-03
8.389451049283940670e-03
8.389451049283940670e-03
8.389451049283940670e-03
8.389451049283940670e-03
8.389451049283940670e-03
8.389451049283940670e-03
8.389451049283940670e-03
8.389451049283940670e-03
8.389451049283940670e-03
8.389451049283940670e-03
8.389451049283940670e-03
7.187871055333358572e-02
8.389451056785153862e-03
8.389451049283940670e-03
8.389451049283940670e-03
8.389451049283940670e-03
8.389451049283940670e-03
8.389451049283940670e-03
8.389451049283940670e-03
8.389451049283940670e-03
8.389451049283940670e-03
8.389451049283940670e-03
8.389451049283940670e-03
5.847272049221732826e-02
8.389451049283940670e-03
8.389451049283940670e-03
8.389451049283940670e-03
8.389451049283940670e-03
8.389451049283940670e-03
8.389451049283940670e-03
8.389451049283940670e-03
8.389451049283940670e-03
8.389451049283940670e-03
8.390686128173440242e-03
8.390686128173440242e-03
8.390686128173440242e-03
8.390686128173440242e-03
8.390686128173440242e-03
8.390686128173440242e-03
8.390686128173440242e-03
8.390686128173440242e-03
8.390686128173440242e-03
8.390686128173440242e-03
8.390686128173440242e-03
8.390686128173440242e-03
8.390686128173440242e-03
8.390686128173440242e-03
8.390686128173440242e-03
8.390686128173440242e-03
8.390686128173440242e-03
8.390686128173440242e-03
8.390686128173440242e-03
8.390686128173440242e-03
8.390686128173440242e-03
8.390686128173440242e-03
8.390686128173440242e-03
8.390686128173440242e-03
8.390686128173440242e-03
8.390686128173440242e-03
8.390686128173440242e-03
8.390686128173440242e-03
8.390686128173440242e-03
8.390686128173440242e-03
8.390686128173440242e-03
8.390686128173440242e-03
8.390686128173440242e-03
8.390686128173440242e-03
8.390686128173440242e-03
8.390686128173440242e-03
8.390686128173440242e-03
8.390686128173440242e-03
8.390686128173440242e-03
8.390686128173440242e-03
8.390686128173440242e-03
8.390686128173440242e-03
8.390686128173440242e-03
8.390686128173440242e-03
8.390686128173440242e-03
8.390686128173440242e-03
8.390686128173440242e-03
8.390686128173440242e-03
8.390686128173440242e-03
8.390686128173440242e-03
8.390686128173440242e-03
8.390686128173440242e-03
8.390686128173440242e-03
8.390686128173440242e-03
8.390686128173440242e-03
8.390686128173440242e-03
8.390686128173440242e-03
8.390686128173440242e-03
8.390686128173440242e-03
8.390686128173440242e-03
8.390686128173440242e-03
8.390686128173440242e-03
8.390686128173440242e-03
8.390686128173440242e-03
4.882341473929263098e-01
3.994728664312175576e-02
8.223176867529406395e-03
8.223176867529406395e-03
8.223176867529406395e-03
4.882341473929263098e-01
8.223176867529406395e-03
8.223176867529406395e-03
4.882341473929263098e-01
8.223176867529406395e-03
9.035999542913357788e-03
4.882341473929263098e-01
4.882341473929263098e-01
8.223176867529406395e-03
4.882341473929263098e-01
4.882341473929263098e-01
8.223176867529406395e-03
4.882341473929263098e-01
4.882341473929263098e-01
8.223176867529406395e-03
8.223176867529406395e-03
4.882341473929263098e-01
8.223176867529406395e-03
8.223176867529406395e-03
4.882341473929263098e-01
4.882341473929263098e-01
4.882341473929263098e-01
8.223176867529406395e-03
8.223176867529406395e-03
8.223176867529406395e-03
4.882341473929263098e-01
4.882341473929263098e-01
8.223176867529406395e-03
4.882341473929263098e-01
4.882341473929263098e-01
8.223176867529406395e-03
8.916821952051212641e-02
8.223198602826076523e-03
4.152998228226664201e-01
3.533345412330651802e-01
4.882341473929263098e-01
8.223176867529406395e-03
8.223176867529406395e-03
8.223176867529406395e-03
4.882341473929263098e-01
4.882341473929263098e-01
1.212696492980804355e-02
8.223176867529406395e-03
4.882341473929263098e-01
8.223176867529406395e-03
4.882341473929263098e-01
4.882341473929263098e-01
8.223176867529406395e-03
4.882341473929263098e-01
8.223176867529406395e-03
2.920522131964825574e-01
4.882341473929263098e-01
4.882341473929263098e-01
8.225258221361287855e-03
4.882341473929263098e-01
4.882341473929263098e-01
4.882341473929263098e-01
8.223176867529406395e-03
4.882341473929263098e-01
5.375150449017550569e-01
5.375150449017550569e-01
5.375150449017550569e-01
9.999997371457240991e-01
6.107685556642528102e-01
5.375150449017550569e-01
9.999997371457240991e-01
8.251804750392514043e-01
5.375150449017550569e-01
5.375150449017550569e-01
9.999997371457240991e-01
9.999995261266562130e-01
9.999997371457240991e-01
5.375150449017550569e-01
9.999997371457240991e-01
9.999997371457240991e-01
5.375150449017550569e-01
9.999997371457240991e-01
5.375150449017550569e-01
5.375150449017550569e-01
9.999997371457240991e-01
9.999997371457240991e-01
9.999997371457240991e-01
5.375150449017550569e-01
9.999997371457240991e-01
9.999997371457240991e-01
5.375150449017550569e-01
9.977964197400223112e-01
5.375150449017550569e-01
5.375150449017550569e-01
5.375150449017550569e-01
5.375150449017550569e-01
5.375150449017550569e-01
5.375150449017550569e-01
5.375150449017550569e-01
5.375150449017550569e-01
6.418120340062425377e-01
9.999997371457240991e-01
5.375150449017614962e-01
7.564112214610003715e-01
5.375150449017550569e-01
5.375150449017550569e-01
5.375150449017550569e-01
9.999997371457240991e-01
5.375150449017550569e-01
5.375150449017550569e-01
5.375150449017550569e-01
5.375150449017550569e-01
5.375150449017550569e-01
5.375150449017550569e-01
9.975411374417774146e-01
9.999974997846873270e-01
9.999997371457240991e-01
5.375150449017550569e-01
5.375150449017550569e-01
9.999997371457240991e-01
5.375150449017550569e-01
5.375150449017550569e-01
5.375150449017550569e-01
5.375150449017550569e-01
5.375150449017550569e-01
8.666416300618798862e-01
5.375150462130213747e-01
9.999997371457240991e-01
7.459102173564701246e-03
7.459102173564701246e-03
7.459102173564701246e-03
7.459102173564701246e-03
7.459102173564701246e-03
7.459102173564701246e-03
7.459102173564701246e-03
7.459102173564701246e-03
7.459102173564701246e-03
7.459102173564701246e-03
7.459102173564701246e-03
7.459102173564701246e-03
7.459102173564701246e-03
7.459102173564701246e-03
7.459102173564701246e-03
7.459102173564701246e-03
7.459102173564701246e-03
7.459102173564701246e-03
7.459102173564701246e-03
7.459102173564701246e-03
7.459102173564701246e-03
7.459102173564701246e-03
7.459102173564701246e-03
7.459102173564701246e-03
7.459102173564701246e-03
7.459102173564701246e-03
7.459102173564701246e-03
7.459102173564701246e-03
7.459102173564701246e-03
7.459102173564701246e-03
7.459102173564701246e-03
7.459102173564701246e-03
7.459102173564701246e-03
7.459102173564701246e-03
7.459102173564701246e-03
7.459102173564701246e-03
7.459102173564701246e-03
7.459102173564701246e-03
7.459102173564701246e-03
7.459102173564701246e-03
7.459102173564701246e-03
7.459102173564701246e-03
7.459102173564701246e-03
7.459102173564701246e-03
7.459102173564701246e-03
7.459102173564701246e-03
7.459102173564701246e-03
7.459102173564701246e-03
7.459102173564701246e-03
7.459102173564701246e-03
7.459102173564701246e-03
7.459102173564701246e-03
7.459102173564701246e-03
7.459102173564701246e-03
7.459102173564701246e-03
7.459102173564701246e-03
7.459102173564701246e-03
7.459102173564701246e-03
7.459102173564701246e-03
7.459102173564701246e-03
7.459102173564701246e-03
7.459102173564701246e-03
7.459102173564701246e-03
7.459102173564701246e-03
