3.752966232333991847e-01
3.960846674343188045e-01
9.966103904583319961e-01
9.407180711892367819e-01
3.972808717285877256e-01
8.626093069726382678e-01
4.002324839585070237e-01
9.982213887730638779e-01
4.506479511590489873e-01
9.988616305280697549e-01
9.791900375505854237e-01
9.963120958135058824e-01
4.177654811935665458e-01
3.493806635043473219e-01
4.033604518956874774e-01
3.474005353045671041e-01
4.262991067287952296e-01
4.262531497913798484e-01
5.051771065332546495e-01
3.966276361999142019e-01
4.101925977676176283e-01
3.871165330675685468e-01
4.009311289718714977e-01
4.168470609621496847e-01
3.976101976284938666e-01
3.481396964981752218e-01
9.932787024906554185e-01
3.834755863214128757e-01
4.159397446343942040e-01
3.974577997739506818e-01
3.894801197733546161e-01
3.687017425855509956e-01
4.219436145585286346e-01
8.620130874934253118e-01
4.073714659639874336e-01
3.917699678960750997e-01
3.797307848340870096e-01
3.602093483968485943e-01
3.905853327203498426e-01
8.894092608647777842e-01
5.351585677005733510e-01
9.992163563508201785e-01
3.927506018176449287e-01
3.758796639338576329e-01
4.353528214779917582e-01
9.969572392434071784e-01
4.126883937477790476e-01
4.192860330081958908e-01
4.642977507861977826e-01
4.120867811758908705e-01
9.890180521406332081e-01
4.016909798936440512e-01
3.898386073716408884e-01
3.902492762243813806e-01
4.081741382505560400e-01
3.749405870323395118e-01
3.608875875669614319e-01
6.946536764953373799e-01
3.632767806649863651e-01
4.004263543469527287e-01
3.941757572423855716e-01
3.696191872838552328e-01
3.871939897078436887e-01
9.071343064852520621e-01
