4.878677366205930732e-01
5.471796642797388532e-01
5.430438433903287399e-01
9.982972453653828904e-01
5.473413130025333029e-01
9.073050934697303171e-01
9.056417069430943156e-01
5.440375371543566541e-01
5.428698890053696990e-01
9.972298593046037274e-01
9.987414106738949915e-01
9.710814152162562385e-01
9.970011168556661696e-01
5.336338018977401232e-01
5.185673509325143815e-01
9.980011266107565726e-01
5.195529328161614391e-01
5.525246087410488061e-01
5.381912932474187672e-01
5.873603209796077751e-01
5.131597468493023229e-01
9.987023808185405693e-01
4.939978903234537588e-01
6.252248101850764739e-01
5.117238293178072439e-01
6.844971889538751242e-01
9.917490921268895532e-01
5.329676955034254870e-01
9.965594866411631170e-01
5.439451029231586743e-01
5.154425913439661944e-01
9.180123120204162213e-01
5.031771380931213677e-01
9.984546090220351999e-01
5.908586883100112042e-01
5.268764267879703089e-01
5.000511618317790008e-01
4.897348405404240435e-01
5.103366741502134429e-01
7.111331897045157779e-01
7.359502623628890738e-01
4.802609460109084627e-01
5.146805227361129775e-01
9.970533306463602585e-01
5.505123535245837196e-01
9.974834535129752933e-01
5.438175030242446972e-01
5.188300656542549349e-01
5.225359107697692407e-01
5.530123383178430219e-01
5.313108556929068138e-01
4.610375733089732697e-01
5.092369503176763512e-01
5.107811841676089815e-01
9.770943140542279748e-01
5.394719604800619628e-01
5.484676593399611111e-01
5.315693313419932453e-01
5.303452336385824362e-01
9.949812039985767020e-01
5.068341632587854972e-01
5.377168681439981057e-01
5.510199746986724767e-01
9.991314959391501827e-01
