9.991217174036971516e-01
9.957869970939802196e-01
4.725445534001522230e-01
9.975621453952874251e-01
9.944793800690693297e-01
6.885151100628790211e-01
4.944866141789489022e-01
4.545842311190224638e-01
4.595729247492575387e-01
4.626843842133392948e-01
4.657849796238157092e-01
4.465895081048510962e-01
4.760101634765357970e-01
4.594692373471445657e-01
4.896807613849369911e-01
4.185769388054113027e-01
9.989701646425352966e-01
4.691359394961095441e-01
9.457290246068662531e-01
9.989995112071557992e-01
4.866716725065653448e-01
9.966033538513423551e-01
4.450151342915381059e-01
9.985764623340619428e-01
4.915697491656118023e-01
4.401811161107181403e-01
4.687806077081194678e-01
5.377146669644077281e-01
4.341584749352920825e-01
4.527965507742662266e-01
4.661410991887171007e-01
9.919520937270813743e-01
5.297341922919491797e-01
4.752587485489856989e-01
9.983025448621581921e-01
4.696695753246269422e-01
4.626359343956084058e-01
4.661175287869076533e-01
4.504001420803562250e-01
5.240854983345908380e-01
4.447765626785825654e-01
6.430030408062333835e-01
9.937532278583417478e-01
4.864445117607152924e-01
4.632178237828914469e-01
4.841248717093437626e-01
4.715601543766063108e-01
9.991602011598958999e-01
9.991141914496403098e-01
5.349507316938340029e-01
4.409702632039668724e-01
9.989610025417616779e-01
9.917429263680271889e-01
4.525472130285208561e-01
9.920011486251592014e-01
4.874318421920024735e-01
4.724247771370386206e-01
5.210932768910050417e-01
4.377642441936360207e-01
4.445326185618391213e-01
4.497217405501804932e-01
4.580606654050146109e-01
4.709674858606490710e-01
4.716217435991297835e-01
