3.655650835234410811e-01
4.040565625561258756e-01
4.011573914894710491e-01
9.628387019783326561e-01
9.989101888568687748e-01
4.003493968817931625e-01
3.905612145745636088e-01
9.991522629832094715e-01
3.722204862265227621e-01
3.885331087696848873e-01
3.897468470006348884e-01
3.739193792572474973e-01
3.795873757147195660e-01
9.987506214093645474e-01
3.863347462494990947e-01
9.749898214653297535e-01
3.585619389405183544e-01
9.958125605219996235e-01
8.723963595064035959e-01
3.818094636905180472e-01
4.021850757423089395e-01
3.900341257668075157e-01
9.988531739924866315e-01
3.729446275365142505e-01
5.945815658606762311e-01
9.978794371819194042e-01
3.597341740778899899e-01
8.958260228568944994e-01
3.847249161365773329e-01
4.015162161717831246e-01
3.851928160833822945e-01
4.296513835212844024e-01
3.871934387509989306e-01
3.742089546638843189e-01
3.959554636513924475e-01
3.696303930716675623e-01
3.577873248051404165e-01
3.965347287520387676e-01
9.791239992711497919e-01
7.905401672618341813e-01
5.441856436071558223e-01
3.919850499247512499e-01
4.120980753828121235e-01
3.591773177371086478e-01
3.869807649413551931e-01
3.936855551259719199e-01
9.991124518559957313e-01
4.057413510152542702e-01
3.859705243176846934e-01
4.010515366580048591e-01
9.983412096013694059e-01
4.090735453498340890e-01
3.675099201162718154e-01
4.041188653352014715e-01
4.000911275770975273e-01
5.706317789480331859e-01
3.824740474312817162e-01
3.851529925313454394e-01
4.210756664312465536e-01
3.762925016250013854e-01
3.948343177968226536e-01
3.819492134665007921e-01
4.151559084131895561e-01
3.992961384274636427e-01
