9.984802559221775953e-01
9.991858686766796893e-01
4.444725002972991779e-01
4.531984985336739435e-01
4.678169508395943477e-01
4.374914579742648635e-01
9.987148253273050447e-01
9.987323191309784853e-01
4.269724497030949473e-01
4.490091820243461984e-01
4.661643498987584344e-01
9.979477609270505090e-01
9.990497838412177867e-01
4.656680220848306573e-01
9.987208053596151602e-01
6.570675758916942888e-01
4.114838740168098030e-01
4.707669244950473675e-01
4.456598278463838603e-01
5.165865214638289959e-01
9.861055937798578475e-01
4.968750713369997074e-01
9.990499026560116791e-01
4.461252492926856550e-01
4.110474296817593354e-01
4.593087078072426999e-01
6.319293059693992243e-01
4.377638544799885567e-01
4.314586147763594948e-01
4.481034298967514484e-01
4.250926490993066076e-01
5.513324537554548099e-01
4.221878867641413735e-01
5.439158828849892657e-01
6.135879771421024476e-01
4.055314217244790354e-01
9.566170609443684913e-01
4.752300916851772139e-01
4.368531096437366368e-01
6.881672110146687116e-01
9.932784016237550251e-01
9.991846702310834827e-01
4.244757008249275265e-01
4.413615932908665496e-01
4.426533543523358816e-01
4.479376769862019603e-01
3.898782091812012518e-01
4.643158636517282778e-01
5.831344679033210188e-01
4.494423021162519127e-01
4.480157246206855626e-01
9.987795051243426592e-01
4.425135518354812447e-01
9.967202716366662107e-01
4.105604562572173766e-01
9.980861198935406797e-01
9.985977682414844958e-01
4.109603484805393614e-01
4.348052028222886833e-01
4.224593819856030663e-01
4.619627238807272884e-01
9.988579472375385127e-01
4.814758301657228734e-01
9.990953598102546573e-01
