3.183907727422636835e-01
3.531311055172340896e-01
3.374761036110851542e-01
9.923786281389906927e-01
3.619701444693332881e-01
3.426696005134934886e-01
3.389397077894731325e-01
9.984660785822597751e-01
3.502105614362692187e-01
4.029658561742785472e-01
3.686575058058017551e-01
5.763120836965139882e-01
3.985426288629514979e-01
4.114774576565990993e-01
3.529194427107169574e-01
3.367375140937353128e-01
3.535869496241854093e-01
3.594059571739727232e-01
3.850448071443767217e-01
3.461712394784741131e-01
3.619181211969751399e-01
3.603849601763248200e-01
3.315593041526041507e-01
3.710474424993495113e-01
3.269977136757717395e-01
3.823480969507642713e-01
6.274297037416922684e-01
3.704280754132814879e-01
3.674611124057536315e-01
3.403864558609318025e-01
9.688357216077388978e-01
3.575104219210315515e-01
3.495750953023141205e-01
3.613358433950895066e-01
3.255831109824792735e-01
9.196577966201238130e-01
3.771576125173859428e-01
3.841012007334625999e-01
3.836357136227223630e-01
9.987656638958843924e-01
4.771686171158427969e-01
3.586373411387330234e-01
5.306621084826718127e-01
5.006065313827566809e-01
3.811365838908428727e-01
9.884202565936133222e-01
3.594270842472965799e-01
3.585795794278585635e-01
3.692391431529637447e-01
3.333634811288003208e-01
3.697791959159703601e-01
3.277548710250801633e-01
3.294376463425224277e-01
4.866649287900658427e-01
3.573452656908736036e-01
3.927818509207127717e-01
3.626397414267708008e-01
3.232035941920836097e-01
6.021022599088365901e-01
9.992786130007894618e-01
8.015432472260164420e-01
3.557283561643630465e-01
3.682559439058277206e-01
3.694985231862280561e-01
