1.575773539785640248e-02
3.899188325089529561e-02
1.593298158392567054e-02
1.564555795882366027e-02
1.514649572325386592e-02
9.998483208052231230e-01
1.786057483509919872e-02
1.108181382819155014e-01
1.752647539145435820e-02
1.623880849622134914e-02
9.998536323693049122e-01
9.993989635891240564e-01
1.529984821210986397e-02
1.636815603392320975e-02
1.636190111405517317e-02
9.961308552018528495e-01
1.719317388966921240e-02
1.807659930963045544e-02
1.794320428087189598e-02
1.683794237908921645e-02
1.788517785128379903e-02
1.833621016773183121e-01
9.980149564059912493e-01
9.958027335090184895e-01
2.290242339661830925e-02
9.953805972605802577e-01
1.689914698608870752e-02
1.517065238607919440e-02
1.496187912793786601e-01
1.752647710567361780e-02
1.752647750138863758e-02
9.981267033328072857e-01
1.598175934845146723e-02
9.980617036642656092e-01
4.915119402720464770e-01
1.721268734064121744e-02
1.732027110054729438e-02
1.995260532147262802e-02
1.752647710617375593e-02
9.997582811681522408e-01
9.972581011554815245e-01
1.751841222704466489e-02
1.607534678755394297e-02
9.977075504078486423e-01
9.986137309827137765e-01
1.303174127194425651e-02
9.998737430288033856e-01
9.751001409116886176e-01
1.752647770844194264e-02
1.750860170278331976e-02
1.514192687305167782e-02
1.814934993455043569e-02
9.963216480508912953e-01
9.998662334567663956e-01
1.787909903812528317e-02
1.494249223583218183e-02
2.735134856287377292e-02
1.684206461039165076e-02
1.850255673368463027e-02
8.382126065627434341e-01
1.752647710567361780e-02
1.959745888708555248e-02
9.946017497228606397e-01
9.992411990365203112e-01
