5.308614398531383838e-01
9.980186657463451239e-01
9.554869604793922999e-01
9.973367173127147822e-01
5.072311409865154497e-01
5.711906572932275994e-01
9.962842100649581534e-01
5.034785889965009975e-01
5.491305683793804571e-01
5.148975329336158424e-01
5.152761711739630712e-01
9.856723203488463314e-01
9.949800857800262799e-01
5.857371281041020561e-01
5.230986557951428084e-01
5.196206349367298305e-01
9.926070195691411024e-01
4.964166466267280753e-01
5.941679478114326729e-01
5.195205092837515970e-01
4.657919604084828635e-01
5.689598266806221716e-01
5.538545791010074382e-01
9.986607952917071485e-01
9.990167588813744226e-01
5.475558989644703223e-01
5.371129008143011863e-01
5.532231079860105982e-01
5.073717154271836227e-01
5.254808263102884736e-01
9.966717071101287573e-01
9.975893971257572268e-01
9.976729172819432945e-01
5.143353824116283501e-01
5.044511298746121586e-01
9.768722531622548999e-01
5.772072201597683305e-01
9.926322966941260040e-01
5.323152490273183046e-01
9.970779739639884509e-01
5.201972093003039976e-01
5.409466191166972804e-01
9.965073374811209694e-01
9.929291895665361967e-01
9.952558546949913376e-01
5.755699247159022924e-01
9.909939803843647033e-01
6.081629952926349558e-01
6.838119290786978111e-01
9.969770915174169801e-01
9.577007085221438398e-01
5.547816673933364529e-01
5.281468573424995538e-01
8.879946645293771423e-01
4.740035242696323259e-01
5.170056519450867416e-01
4.990061138860474865e-01
9.932575382993622526e-01
6.310989567976733605e-01
9.787735147774301314e-01
9.787735147774301314e-01
5.223322768786504700e-01
5.703069070049734401e-01
5.130536187359671096e-01
