7.172498869757646389e-01
6.306674951969867271e-01
9.991367591981292762e-01
9.972665368562090293e-01
9.994818583415637780e-01
9.991081847917824277e-01
8.393228892122691631e-01
7.125274478823445667e-01
9.989890272066282995e-01
9.990359094007585927e-01
9.925874398943134169e-01
9.995489112476820814e-01
7.459709848971604051e-01
9.990923858110756228e-01
9.800530092621615452e-01
9.988973646323444644e-01
9.979170442734272006e-01
8.889695322664340482e-01
6.988645285856435185e-01
6.886336691538552657e-01
9.988280674864808972e-01
9.986877717306148483e-01
6.567890331541350601e-01
7.202513606294113080e-01
7.459094798693037820e-01
6.981786631275238575e-01
7.469379625779675180e-01
9.971527044096062387e-01
9.984830185308003481e-01
9.992823712196596819e-01
9.983026093811939727e-01
8.175266080820157155e-01
9.988381337114695668e-01
7.550568715177239376e-01
9.989556567506284734e-01
7.326036189284502731e-01
9.997829930894800432e-01
6.655175842276513931e-01
9.990698418084609234e-01
9.011082653027346900e-01
9.988363145846339552e-01
9.984138043431507459e-01
9.979704875473556225e-01
9.830828617649364221e-01
9.988749527302126507e-01
9.987777226505797357e-01
7.103695903918211263e-01
9.992901749198035422e-01
7.544765563074705694e-01
9.982090903205864674e-01
9.989428000041674638e-01
9.984490128628914496e-01
7.398733224713474055e-01
9.990911357298303264e-01
7.455307794884826755e-01
9.995248875317159776e-01
6.372656310433306714e-01
9.988150593974725044e-01
9.870133972406291978e-01
9.989741249269488144e-01
9.959251148708808676e-01
9.993521725217582308e-01
6.227587965393139857e-01
7.453449596260200982e-01
