9.988521751351043809e-01
7.006535032860196077e-01
6.421529067819351511e-01
9.978600745131831484e-01
9.993543916105589453e-01
9.986084092859143224e-01
6.799449231661210957e-01
7.119156349533705130e-01
7.150699319747015892e-01
6.849333962120337516e-01
9.997562513998403677e-01
8.593489362245819718e-01
9.978859605040958369e-01
9.990425837236313056e-01
7.018852319431636566e-01
6.351845024662321482e-01
9.409242559092143576e-01
9.997469956008467884e-01
7.982736809775083930e-01
9.991291996670661479e-01
9.982243297034992802e-01
9.840315024771300045e-01
9.988735599256748365e-01
9.988119208100836310e-01
9.776561414793283333e-01
6.842019875547138419e-01
9.995142527581665215e-01
9.534612620627197499e-01
9.985428086996752661e-01
9.948415306143092440e-01
9.994808997435269404e-01
9.948415306143092440e-01
9.968549944725308976e-01
9.982868018564590162e-01
9.990635323443513016e-01
9.929676511858619437e-01
9.989438124764391524e-01
9.898884574803541447e-01
6.709605410934960101e-01
9.502257806396533502e-01
9.989729945602555672e-01
9.989080126640474955e-01
7.022474477652528302e-01
9.987902261055577879e-01
9.971692219737823271e-01
7.449162993954150380e-01
9.754009282497944078e-01
9.987888874689623275e-01
6.826733526342657621e-01
6.332773491343706151e-01
9.523289624941939646e-01
7.497218472321088845e-01
9.986109457143746981e-01
9.987184254918050064e-01
9.993455145739604806e-01
6.774530946509577101e-01
7.801069520386378908e-01
9.989046326172572599e-01
9.926454375707997047e-01
9.984754459469251664e-01
6.948216900971320165e-01
9.948415306143092440e-01
9.384607592639715445e-01
9.984350678761444442e-01
9.963541076104439620e-01
