3.752966232333991847e-01
3.960846674343188045e-01
9.966103904583319961e-01
9.407180711892367819e-01
3.972808717285877256e-01
8.626093069726382678e-01
4.002324839585070237e-01
9.982213887730638779e-01
4.506479511590489873e-01
9.988616305280697549e-01
9.791900375505854237e-01
9.963120958135058824e-01
4.177654811935665458e-01
3.493806635043473219e-01
4.033604518956874774e-01
3.474005353045671041e-01
4.262991067287952296e-01
4.262531497913798484e-01
5.051771065332546495e-01
3.966276361999142019e-01
4.101925977676176283e-01
3.871165330675685468e-01
4.009311289718714977e-01
4.168470609621496847e-01
3.976101976284938666e-01
3.481396964981752218e-01
9.932787024906554185e-01
3.834755863214128757e-01
4.159397446343942040e-01
3.974577997739506818e-01
3.894801197733546161e-01
3.687017425855509956e-01
4.219436145585286346e-01
8.620130874934253118e-01
4.073714659639874336e-01
3.917699678960750997e-01
3.797307848340870096e-01
3.602093483968485943e-01
3.905853327203498426e-01
8.894092608647777842e-01
5.351585677005733510e-01
9.992163563508201785e-01
3.927506018176449287e-01
3.758796639338576329e-01
4.353528214779917582e-01
9.969572392434071784e-01
4.126883937477790476e-01
4.192860330081958908e-01
4.642977507861977826e-01
4.120867811758908705e-01
9.890180521406332081e-01
4.016909798936440512e-01
3.898386073716408884e-01
3.902492762243813806e-01
4.081741382505560400e-01
3.749405870323395118e-01
3.608875875669614319e-01
6.946536764953373799e-01
3.632767806649863651e-01
4.004263543469527287e-01
3.941757572423855716e-01
3.696191872838552328e-01
3.871939897078436887e-01
9.071343064852520621e-01
4.878677366205930732e-01
5.471796642797388532e-01
5.430438433903287399e-01
9.982972453653828904e-01
5.473413130025333029e-01
9.073050934697303171e-01
9.056417069430943156e-01
5.440375371543566541e-01
5.428698890053696990e-01
9.972298593046037274e-01
9.987414106738949915e-01
9.710814152162562385e-01
9.970011168556661696e-01
5.336338018977401232e-01
5.185673509325143815e-01
9.980011266107565726e-01
5.195529328161614391e-01
5.525246087410488061e-01
5.381912932474187672e-01
5.873603209796077751e-01
5.131597468493023229e-01
9.987023808185405693e-01
4.939978903234537588e-01
6.252248101850764739e-01
5.117238293178072439e-01
6.844971889538751242e-01
9.917490921268895532e-01
5.329676955034254870e-01
9.965594866411631170e-01
5.439451029231586743e-01
5.154425913439661944e-01
9.180123120204162213e-01
5.031771380931213677e-01
9.984546090220351999e-01
5.908586883100112042e-01
5.268764267879703089e-01
5.000511618317790008e-01
4.897348405404240435e-01
5.103366741502134429e-01
7.111331897045157779e-01
7.359502623628890738e-01
4.802609460109084627e-01
5.146805227361129775e-01
9.970533306463602585e-01
5.505123535245837196e-01
9.974834535129752933e-01
5.438175030242446972e-01
5.188300656542549349e-01
5.225359107697692407e-01
5.530123383178430219e-01
5.313108556929068138e-01
4.610375733089732697e-01
5.092369503176763512e-01
5.107811841676089815e-01
9.770943140542279748e-01
5.394719604800619628e-01
5.484676593399611111e-01
5.315693313419932453e-01
5.303452336385824362e-01
9.949812039985767020e-01
5.068341632587854972e-01
5.377168681439981057e-01
5.510199746986724767e-01
9.991314959391501827e-01
9.991217174036971516e-01
9.957869970939802196e-01
4.725445534001522230e-01
9.975621453952874251e-01
9.944793800690693297e-01
6.885151100628790211e-01
4.944866141789489022e-01
4.545842311190224638e-01
4.595729247492575387e-01
4.626843842133392948e-01
4.657849796238157092e-01
4.465895081048510962e-01
4.760101634765357970e-01
4.594692373471445657e-01
4.896807613849369911e-01
4.185769388054113027e-01
9.989701646425352966e-01
4.691359394961095441e-01
9.457290246068662531e-01
9.989995112071557992e-01
4.866716725065653448e-01
9.966033538513423551e-01
4.450151342915381059e-01
9.985764623340619428e-01
4.915697491656118023e-01
4.401811161107181403e-01
4.687806077081194678e-01
5.377146669644077281e-01
4.341584749352920825e-01
4.527965507742662266e-01
4.661410991887171007e-01
9.919520937270813743e-01
5.297341922919491797e-01
4.752587485489856989e-01
9.983025448621581921e-01
4.696695753246269422e-01
4.626359343956084058e-01
4.661175287869076533e-01
4.504001420803562250e-01
5.240854983345908380e-01
4.447765626785825654e-01
6.430030408062333835e-01
9.937532278583417478e-01
4.864445117607152924e-01
4.632178237828914469e-01
4.841248717093437626e-01
4.715601543766063108e-01
9.991602011598958999e-01
9.991141914496403098e-01
5.349507316938340029e-01
4.409702632039668724e-01
9.989610025417616779e-01
9.917429263680271889e-01
4.525472130285208561e-01
9.920011486251592014e-01
4.874318421920024735e-01
4.724247771370386206e-01
5.210932768910050417e-01
4.377642441936360207e-01
4.445326185618391213e-01
4.497217405501804932e-01
4.580606654050146109e-01
4.709674858606490710e-01
4.716217435991297835e-01
3.655650835234410811e-01
4.040565625561258756e-01
4.011573914894710491e-01
9.628387019783326561e-01
9.989101888568687748e-01
4.003493968817931625e-01
3.905612145745636088e-01
9.991522629832094715e-01
3.722204862265227621e-01
3.885331087696848873e-01
3.897468470006348884e-01
3.739193792572474973e-01
3.795873757147195660e-01
9.987506214093645474e-01
3.863347462494990947e-01
9.749898214653297535e-01
3.585619389405183544e-01
9.958125605219996235e-01
8.723963595064035959e-01
3.818094636905180472e-01
4.021850757423089395e-01
3.900341257668075157e-01
9.988531739924866315e-01
3.729446275365142505e-01
5.945815658606762311e-01
9.978794371819194042e-01
3.597341740778899899e-01
8.958260228568944994e-01
3.847249161365773329e-01
4.015162161717831246e-01
3.851928160833822945e-01
4.296513835212844024e-01
3.871934387509989306e-01
3.742089546638843189e-01
3.959554636513924475e-01
3.696303930716675623e-01
3.577873248051404165e-01
3.965347287520387676e-01
9.791239992711497919e-01
7.905401672618341813e-01
5.441856436071558223e-01
3.919850499247512499e-01
4.120980753828121235e-01
3.591773177371086478e-01
3.869807649413551931e-01
3.936855551259719199e-01
9.991124518559957313e-01
4.057413510152542702e-01
3.859705243176846934e-01
4.010515366580048591e-01
9.983412096013694059e-01
4.090735453498340890e-01
3.675099201162718154e-01
4.041188653352014715e-01
4.000911275770975273e-01
5.706317789480331859e-01
3.824740474312817162e-01
3.851529925313454394e-01
4.210756664312465536e-01
3.762925016250013854e-01
3.948343177968226536e-01
3.819492134665007921e-01
4.151559084131895561e-01
3.992961384274636427e-01
9.984802559221775953e-01
9.991858686766796893e-01
4.444725002972991779e-01
4.531984985336739435e-01
4.678169508395943477e-01
4.374914579742648635e-01
9.987148253273050447e-01
9.987323191309784853e-01
4.269724497030949473e-01
4.490091820243461984e-01
4.661643498987584344e-01
9.979477609270505090e-01
9.990497838412177867e-01
4.656680220848306573e-01
9.987208053596151602e-01
6.570675758916942888e-01
4.114838740168098030e-01
4.707669244950473675e-01
4.456598278463838603e-01
5.165865214638289959e-01
9.861055937798578475e-01
4.968750713369997074e-01
9.990499026560116791e-01
4.461252492926856550e-01
4.110474296817593354e-01
4.593087078072426999e-01
6.319293059693992243e-01
4.377638544799885567e-01
4.314586147763594948e-01
4.481034298967514484e-01
4.250926490993066076e-01
5.513324537554548099e-01
4.221878867641413735e-01
5.439158828849892657e-01
6.135879771421024476e-01
4.055314217244790354e-01
9.566170609443684913e-01
4.752300916851772139e-01
4.368531096437366368e-01
6.881672110146687116e-01
9.932784016237550251e-01
9.991846702310834827e-01
4.244757008249275265e-01
4.413615932908665496e-01
4.426533543523358816e-01
4.479376769862019603e-01
3.898782091812012518e-01
4.643158636517282778e-01
5.831344679033210188e-01
4.494423021162519127e-01
4.480157246206855626e-01
9.987795051243426592e-01
4.425135518354812447e-01
9.967202716366662107e-01
4.105604562572173766e-01
9.980861198935406797e-01
9.985977682414844958e-01
4.109603484805393614e-01
4.348052028222886833e-01
4.224593819856030663e-01
4.619627238807272884e-01
9.988579472375385127e-01
4.814758301657228734e-01
9.990953598102546573e-01
3.183907727422636835e-01
3.531311055172340896e-01
3.374761036110851542e-01
9.923786281389906927e-01
3.619701444693332881e-01
3.426696005134934886e-01
3.389397077894731325e-01
9.984660785822597751e-01
3.502105614362692187e-01
4.029658561742785472e-01
3.686575058058017551e-01
5.763120836965139882e-01
3.985426288629514979e-01
4.114774576565990993e-01
3.529194427107169574e-01
3.367375140937353128e-01
3.535869496241854093e-01
3.594059571739727232e-01
3.850448071443767217e-01
3.461712394784741131e-01
3.619181211969751399e-01
3.603849601763248200e-01
3.315593041526041507e-01
3.710474424993495113e-01
3.269977136757717395e-01
3.823480969507642713e-01
6.274297037416922684e-01
3.704280754132814879e-01
3.674611124057536315e-01
3.403864558609318025e-01
9.688357216077388978e-01
3.575104219210315515e-01
3.495750953023141205e-01
3.613358433950895066e-01
3.255831109824792735e-01
9.196577966201238130e-01
3.771576125173859428e-01
3.841012007334625999e-01
3.836357136227223630e-01
9.987656638958843924e-01
4.771686171158427969e-01
3.586373411387330234e-01
5.306621084826718127e-01
5.006065313827566809e-01
3.811365838908428727e-01
9.884202565936133222e-01
3.594270842472965799e-01
3.585795794278585635e-01
3.692391431529637447e-01
3.333634811288003208e-01
3.697791959159703601e-01
3.277548710250801633e-01
3.294376463425224277e-01
4.866649287900658427e-01
3.573452656908736036e-01
3.927818509207127717e-01
3.626397414267708008e-01
3.232035941920836097e-01
6.021022599088365901e-01
9.992786130007894618e-01
8.015432472260164420e-01
3.557283561643630465e-01
3.682559439058277206e-01
3.694985231862280561e-01
1.575773539785640248e-02
3.899188325089529561e-02
1.593298158392567054e-02
1.564555795882366027e-02
1.514649572325386592e-02
9.998483208052231230e-01
1.786057483509919872e-02
1.108181382819155014e-01
1.752647539145435820e-02
1.623880849622134914e-02
9.998536323693049122e-01
9.993989635891240564e-01
1.529984821210986397e-02
1.636815603392320975e-02
1.636190111405517317e-02
9.961308552018528495e-01
1.719317388966921240e-02
1.807659930963045544e-02
1.794320428087189598e-02
1.683794237908921645e-02
1.788517785128379903e-02
1.833621016773183121e-01
9.980149564059912493e-01
9.958027335090184895e-01
2.290242339661830925e-02
9.953805972605802577e-01
1.689914698608870752e-02
1.517065238607919440e-02
1.496187912793786601e-01
1.752647710567361780e-02
1.752647750138863758e-02
9.981267033328072857e-01
1.598175934845146723e-02
9.980617036642656092e-01
4.915119402720464770e-01
1.721268734064121744e-02
1.732027110054729438e-02
1.995260532147262802e-02
1.752647710617375593e-02
9.997582811681522408e-01
9.972581011554815245e-01
1.751841222704466489e-02
1.607534678755394297e-02
9.977075504078486423e-01
9.986137309827137765e-01
1.303174127194425651e-02
9.998737430288033856e-01
9.751001409116886176e-01
1.752647770844194264e-02
1.750860170278331976e-02
1.514192687305167782e-02
1.814934993455043569e-02
9.963216480508912953e-01
9.998662334567663956e-01
1.787909903812528317e-02
1.494249223583218183e-02
2.735134856287377292e-02
1.684206461039165076e-02
1.850255673368463027e-02
8.382126065627434341e-01
1.752647710567361780e-02
1.959745888708555248e-02
9.946017497228606397e-01
9.992411990365203112e-01
5.308614398531383838e-01
9.980186657463451239e-01
9.554869604793922999e-01
9.973367173127147822e-01
5.072311409865154497e-01
5.711906572932275994e-01
9.962842100649581534e-01
5.034785889965009975e-01
5.491305683793804571e-01
5.148975329336158424e-01
5.152761711739630712e-01
9.856723203488463314e-01
9.949800857800262799e-01
5.857371281041020561e-01
5.230986557951428084e-01
5.196206349367298305e-01
9.926070195691411024e-01
4.964166466267280753e-01
5.941679478114326729e-01
5.195205092837515970e-01
4.657919604084828635e-01
5.689598266806221716e-01
5.538545791010074382e-01
9.986607952917071485e-01
9.990167588813744226e-01
5.475558989644703223e-01
5.371129008143011863e-01
5.532231079860105982e-01
5.073717154271836227e-01
5.254808263102884736e-01
9.966717071101287573e-01
9.975893971257572268e-01
9.976729172819432945e-01
5.143353824116283501e-01
5.044511298746121586e-01
9.768722531622548999e-01
5.772072201597683305e-01
9.926322966941260040e-01
5.323152490273183046e-01
9.970779739639884509e-01
5.201972093003039976e-01
5.409466191166972804e-01
9.965073374811209694e-01
9.929291895665361967e-01
9.952558546949913376e-01
5.755699247159022924e-01
9.909939803843647033e-01
6.081629952926349558e-01
6.838119290786978111e-01
9.969770915174169801e-01
9.577007085221438398e-01
5.547816673933364529e-01
5.281468573424995538e-01
8.879946645293771423e-01
4.740035242696323259e-01
5.170056519450867416e-01
4.990061138860474865e-01
9.932575382993622526e-01
6.310989567976733605e-01
9.787735147774301314e-01
9.787735147774301314e-01
5.223322768786504700e-01
5.703069070049734401e-01
5.130536187359671096e-01
7.172498869757646389e-01
6.306674951969867271e-01
9.991367591981292762e-01
9.972665368562090293e-01
9.994818583415637780e-01
9.991081847917824277e-01
8.393228892122691631e-01
7.125274478823445667e-01
9.989890272066282995e-01
9.990359094007585927e-01
9.925874398943134169e-01
9.995489112476820814e-01
7.459709848971604051e-01
9.990923858110756228e-01
9.800530092621615452e-01
9.988973646323444644e-01
9.979170442734272006e-01
8.889695322664340482e-01
6.988645285856435185e-01
6.886336691538552657e-01
9.988280674864808972e-01
9.986877717306148483e-01
6.567890331541350601e-01
7.202513606294113080e-01
7.459094798693037820e-01
6.981786631275238575e-01
7.469379625779675180e-01
9.971527044096062387e-01
9.984830185308003481e-01
9.992823712196596819e-01
9.983026093811939727e-01
8.175266080820157155e-01
9.988381337114695668e-01
7.550568715177239376e-01
9.989556567506284734e-01
7.326036189284502731e-01
9.997829930894800432e-01
6.655175842276513931e-01
9.990698418084609234e-01
9.011082653027346900e-01
9.988363145846339552e-01
9.984138043431507459e-01
9.979704875473556225e-01
9.830828617649364221e-01
9.988749527302126507e-01
9.987777226505797357e-01
7.103695903918211263e-01
9.992901749198035422e-01
7.544765563074705694e-01
9.982090903205864674e-01
9.989428000041674638e-01
9.984490128628914496e-01
7.398733224713474055e-01
9.990911357298303264e-01
7.455307794884826755e-01
9.995248875317159776e-01
6.372656310433306714e-01
9.988150593974725044e-01
9.870133972406291978e-01
9.989741249269488144e-01
9.959251148708808676e-01
9.993521725217582308e-01
6.227587965393139857e-01
7.453449596260200982e-01
9.988521751351043809e-01
7.006535032860196077e-01
6.421529067819351511e-01
9.978600745131831484e-01
9.993543916105589453e-01
9.986084092859143224e-01
6.799449231661210957e-01
7.119156349533705130e-01
7.150699319747015892e-01
6.849333962120337516e-01
9.997562513998403677e-01
8.593489362245819718e-01
9.978859605040958369e-01
9.990425837236313056e-01
7.018852319431636566e-01
6.351845024662321482e-01
9.409242559092143576e-01
9.997469956008467884e-01
7.982736809775083930e-01
9.991291996670661479e-01
9.982243297034992802e-01
9.840315024771300045e-01
9.988735599256748365e-01
9.988119208100836310e-01
9.776561414793283333e-01
6.842019875547138419e-01
9.995142527581665215e-01
9.534612620627197499e-01
9.985428086996752661e-01
9.948415306143092440e-01
9.994808997435269404e-01
9.948415306143092440e-01
9.968549944725308976e-01
9.982868018564590162e-01
9.990635323443513016e-01
9.929676511858619437e-01
9.989438124764391524e-01
9.898884574803541447e-01
6.709605410934960101e-01
9.502257806396533502e-01
9.989729945602555672e-01
9.989080126640474955e-01
7.022474477652528302e-01
9.987902261055577879e-01
9.971692219737823271e-01
7.449162993954150380e-01
9.754009282497944078e-01
9.987888874689623275e-01
6.826733526342657621e-01
6.332773491343706151e-01
9.523289624941939646e-01
7.497218472321088845e-01
9.986109457143746981e-01
9.987184254918050064e-01
9.993455145739604806e-01
6.774530946509577101e-01
7.801069520386378908e-01
9.989046326172572599e-01
9.926454375707997047e-01
9.984754459469251664e-01
6.948216900971320165e-01
9.948415306143092440e-01
9.384607592639715445e-01
9.984350678761444442e-01
9.963541076104439620e-01
