9.999849469975068406e-01
9.999797985671324829e-01
9.999922412417640016e-01
9.999856639525921409e-01
9.999795964067642595e-01
9.999790331388170861e-01
9.999839075497106711e-01
9.999796339951438906e-01
9.999820557532785870e-01
9.999550707353107581e-01
9.999951873975525540e-01
9.999619272494690847e-01
9.999880759178197964e-01
9.999741333010470079e-01
9.999893773898109739e-01
9.999797114017565658e-01
9.999688526696222102e-01
9.997231193281859163e-01
9.999891128654516681e-01
9.999756744372948480e-01
9.999826107568854372e-01
9.999724944662591319e-01
9.999833971795676346e-01
9.999807169768570869e-01
9.999780468106831410e-01
9.999630842071334236e-01
9.999281427860502447e-01
9.999781524437811875e-01
9.999839869541204962e-01
9.999771915553066215e-01
9.999906746874640540e-01
9.999419190264600132e-01
9.998397468169804014e-01
9.999907490709243341e-01
9.999889781581805526e-01
9.999808820606400639e-01
9.999829143062254344e-01
9.999846091358965960e-01
9.999872781179117709e-01
9.999928118591043802e-01
9.999918197812098786e-01
9.999811139160503792e-01
9.999674732218826190e-01
9.999771447557186388e-01
9.999784391608744771e-01
9.999388769106933861e-01
9.999842264673683978e-01
9.999900281690281556e-01
9.999804128264015990e-01
9.999844632507434161e-01
9.999838425779379314e-01
9.998159304670352077e-01
9.999913807486637829e-01
9.999874969065477570e-01
9.999879324719528340e-01
9.999508983208329482e-01
9.999562195191896707e-01
9.999757345163330369e-01
9.999928304977397930e-01
9.999837579224348794e-01
