9.999799364835811888e-01
9.999858883973494761e-01
9.999690868756235806e-01
9.999827606516256129e-01
9.999872266688883959e-01
9.998581600762309618e-01
9.999777118589113778e-01
9.999906075234414882e-01
9.999831976052627747e-01
9.999906637495005191e-01
9.999784427964591993e-01
9.999901090779701462e-01
9.999846173495314794e-01
9.999228198182266159e-01
9.999593809736507799e-01
9.999884268262136944e-01
9.999859501859245103e-01
9.999833362290873051e-01
9.999786800668164499e-01
9.999905247395785013e-01
9.999085698885774587e-01
9.999864851431298218e-01
9.999880214880604301e-01
9.999888874854646614e-01
9.999750217566525379e-01
9.999728167800374656e-01
9.999893508194511726e-01
9.999819010063664138e-01
9.999598795746161839e-01
9.999833511770473971e-01
9.999850978100097709e-01
9.999795075039989989e-01
9.999848580268582143e-01
9.999926936708765091e-01
9.999632190779579322e-01
9.999769500550764745e-01
9.999576539151926458e-01
9.999928358104591686e-01
9.999803566522798004e-01
9.999528146250964422e-01
9.999709475229016098e-01
9.999893608201558814e-01
9.999709049864968780e-01
9.999856153495960687e-01
9.999846122548237126e-01
9.999926100625132763e-01
9.999860747613905643e-01
9.999877626918198814e-01
9.999562616835896423e-01
9.999845302643995959e-01
9.999836769450622942e-01
9.999807740038982873e-01
9.999813009967203348e-01
9.999769359945923641e-01
9.999881456954692327e-01
9.999844849862421503e-01
9.999827549349173950e-01
9.999838899158933758e-01
9.999838522872507296e-01
9.999522546670410739e-01
