9.999800134700411736e-01
9.999878426818733512e-01
9.999913481915537750e-01
9.999907923300104251e-01
9.999836496094508531e-01
9.999470411081140542e-01
9.999787619078118750e-01
9.999748813517099766e-01
9.999906395372805124e-01
9.999897064506272359e-01
9.999931764921161648e-01
9.999907957874784037e-01
9.999817174079008719e-01
9.999878135728957895e-01
9.999315223521888507e-01
9.999911557577313426e-01
9.999921703973084774e-01
9.999870105193520153e-01
9.999897018255577974e-01
9.999894722870273922e-01
9.999650006992595319e-01
9.999852839571573559e-01
9.999782118963382871e-01
9.999819256190249916e-01
9.999845755029665995e-01
9.999915570533425280e-01
9.999921217244716054e-01
9.999895220667222029e-01
9.999912939817032775e-01
9.999895779174343691e-01
9.999894526856361043e-01
9.999864814522319012e-01
9.999846160538844453e-01
9.999814316780838430e-01
9.999895427717957475e-01
9.999937876775849555e-01
9.999622891538264557e-01
9.999846956437339340e-01
9.999839867299609164e-01
9.999637901281597241e-01
9.999892850992069260e-01
9.999865631995439319e-01
9.999860602628110051e-01
9.999443319928459362e-01
9.999910601618426931e-01
9.999865334284000484e-01
9.999846151210239897e-01
9.999791469848446912e-01
9.999818344662091407e-01
9.999867307854536369e-01
9.999859689911313465e-01
9.999859398143180478e-01
9.999792923018766544e-01
9.999869949016396697e-01
9.999894219232983161e-01
9.999806501169575812e-01
9.999894444716120878e-01
9.999773915202385677e-01
9.999868035299861457e-01
9.999907747007897862e-01
