2.917472345369107826e-03
1.000000000000000000e+00
1.000000000000000000e+00
6.030487205344789992e-01
1.000000000000000000e+00
1.000000000000000000e+00
1.000000000000000000e+00
1.020860623663279610e-04
9.999996959079183734e-01
1.000000000000000000e+00
1.000000000000000000e+00
7.907416405764298149e-07
1.000000000000000000e+00
9.693702995492788522e-05
1.000000000000000000e+00
9.949268230598895535e-01
1.000000000000000000e+00
9.999999999561819397e-01
1.000000000000000000e+00
3.226982413443230113e-01
1.000000000000000000e+00
9.999999952968572359e-01
3.150070120854842857e-07
1.000000000000000000e+00
1.000000000000000000e+00
1.000000000000000000e+00
1.000000000000000000e+00
2.873733002192085237e-06
1.000000000000000000e+00
5.361003494056134115e-07
9.999999998362529841e-01
1.000000000000000000e+00
1.561445625106130280e-04
9.999989347818936114e-01
9.999999999999684697e-01
1.000000000000000000e+00
1.000000000000000000e+00
9.999875940689043619e-01
9.999886741059101913e-01
6.098342092061544983e-01
5.040003000489353497e-04
9.951415515138719581e-01
3.896328260841315191e-05
9.999998326291410500e-01
1.200948824199022231e-04
9.999944220761277647e-01
6.073461165663504024e-01
1.000000000000000000e+00
1.000000000000000000e+00
1.000000000000000000e+00
9.999971218907329762e-01
1.000000000000000000e+00
2.789790277526801453e-04
1.386238502098880720e-01
7.437523611103880478e-07
9.339704281038155580e-05
8.680874877291250291e-01
6.541949637725847921e-01
1.000000000000000000e+00
1.000000000000000000e+00
