9.999983088560182587e-01
9.999983097202260751e-01
9.999982354795247108e-01
9.999977980628349528e-01
9.999988747912877951e-01
9.999968280798352538e-01
9.999990983109868781e-01
9.999988540081247157e-01
9.999964486030769040e-01
9.999982666052642521e-01
9.999969266490176256e-01
9.999989719521671372e-01
9.999964984236502374e-01
9.999988381443593033e-01
9.999987251905013697e-01
9.999975291540754707e-01
9.999987583331756413e-01
9.999988084020879908e-01
9.999972454503370800e-01
9.999989014442467461e-01
9.999986749651497142e-01
9.999981412933838243e-01
9.999988410931367477e-01
9.999989169455401061e-01
9.999986432960786820e-01
9.999970392773955830e-01
9.999975311812250300e-01
9.999982022140010418e-01
9.999982095657371506e-01
9.999978731567413792e-01
9.999985924832821560e-01
9.999985774757585988e-01
9.999981630033624169e-01
9.999612867785214743e-01
9.999983210240600551e-01
9.999986015667762240e-01
9.999984883088283150e-01
9.999989586998246915e-01
9.999986238196140187e-01
9.999986895711160395e-01
9.999986457512001214e-01
9.999989148037208286e-01
9.999986879826018304e-01
9.999972100985885515e-01
9.999989077773886459e-01
9.999980536107787588e-01
9.999985676643182719e-01
9.999984196529722036e-01
9.999985139304368165e-01
9.999989780883646873e-01
9.999984857332326893e-01
9.999982385256711570e-01
9.999980938706913847e-01
9.999977080819524300e-01
9.999988439885291180e-01
9.999985806062984262e-01
9.999988165517051941e-01
9.999977239014626873e-01
9.999982031255305603e-01
9.999983639884855169e-01
