9.999387360244864631e-01
9.999804074928488884e-01
9.999690535602377972e-01
9.999505323409788593e-01
9.999795060160661109e-01
9.999563220665281804e-01
9.999908911212059826e-01
9.999832320037917999e-01
9.999846937180053574e-01
9.999540634937149619e-01
9.998763367781550171e-01
9.999843279988959166e-01
9.999776469795637057e-01
9.999849634053438185e-01
9.999013787035305745e-01
9.999750418447785894e-01
9.999757780495530657e-01
9.999818109024919410e-01
9.999477748424788759e-01
9.999618617310265245e-01
9.999816458788174378e-01
9.999707823256557271e-01
9.999774107700639680e-01
9.999840690984773683e-01
9.997700021387396774e-01
9.999911605733240449e-01
9.999781105846963225e-01
9.999373693067923341e-01
9.999820840244411091e-01
9.999316973820481236e-01
9.999804736659517745e-01
9.999781040363809881e-01
9.999731561668474544e-01
9.999686826646626558e-01
9.999788018491720942e-01
9.999862643216027580e-01
9.999773685592309169e-01
9.999611401948984568e-01
9.999737029759676599e-01
9.999626952678679626e-01
9.999817629146549036e-01
9.999814049735273880e-01
9.998231348591906098e-01
9.999387911405508422e-01
9.999856719499540247e-01
9.999863239164151762e-01
9.999715388147923933e-01
9.999697044118742717e-01
9.999786043829339555e-01
9.999900210344891960e-01
9.999849006986614164e-01
9.999825552928695016e-01
9.999459058090283126e-01
9.999426837834456405e-01
9.999693029795746479e-01
9.999864505726007158e-01
9.999764072956692784e-01
9.999689291622203546e-01
9.999708950584483835e-01
9.999646295125110829e-01
