9.999828069760218208e-01
9.999766688141390469e-01
9.999839507339969291e-01
9.999633249347216202e-01
9.999847231663053782e-01
9.999866428407456764e-01
9.999826832206336613e-01
9.999813341568586367e-01
9.999819750467557888e-01
9.999892759052803060e-01
9.999844064323063497e-01
9.999507297483570811e-01
9.999834828748964677e-01
9.999868615458711307e-01
9.999050613400235488e-01
9.999855792494319884e-01
9.999705955019249082e-01
9.999855281378560168e-01
9.999868623306908955e-01
9.997477591026383559e-01
9.999824512975572510e-01
9.999184293321312644e-01
9.999748760799079816e-01
9.999353653890338256e-01
9.999867445748861217e-01
9.999762347048020139e-01
9.999515505620883982e-01
9.999843543918245370e-01
9.999685949429493181e-01
9.999030640131888470e-01
9.999855380168789498e-01
9.999901942184844517e-01
9.999886999618519123e-01
9.999882204119439066e-01
9.999601548791360317e-01
9.999646516096212245e-01
9.998909310029446829e-01
9.999884398676259778e-01
9.999699008303206682e-01
9.999737185022448127e-01
9.999656250879742636e-01
9.999850597909614169e-01
9.999796016895174944e-01
9.999868992684903812e-01
9.999849077460434277e-01
9.999901108633439950e-01
9.999822233223927270e-01
9.999855603269276472e-01
9.999876327478112170e-01
9.999386794393327893e-01
9.999737442046442437e-01
9.999363638802470922e-01
9.999900742621249394e-01
9.999748495001661297e-01
9.999721689731494445e-01
9.999869408901117529e-01
9.999893517034975643e-01
9.999649836916407741e-01
9.999720165395474814e-01
9.996952285685518635e-01
