8.642184687707366031e-01
6.360161585026933011e-05
9.999999798141343543e-01
9.999972233052152326e-01
9.999977424646008251e-01
1.000000000000000000e+00
9.999999999999993339e-01
8.040972919598359625e-26
1.000000000000000000e+00
2.141630051785269244e-11
9.999999999755768698e-01
1.000000000000000000e+00
1.000000000000000000e+00
9.999995822432199422e-01
1.000000000000000000e+00
1.000000000000000000e+00
9.999999999999991118e-01
7.738877623665656476e-06
1.000000000000000000e+00
1.000000000000000000e+00
1.000000000000000000e+00
1.000000000000000000e+00
9.999999998051689598e-01
1.000000000000000000e+00
1.000000000000000000e+00
9.999999785602997626e-01
1.000000000000000000e+00
9.999999999948736562e-01
9.999999999999964473e-01
1.482621441066586050e-15
1.000000000000000000e+00
1.000000000000000000e+00
9.999998758433733537e-01
9.999999999933255612e-01
1.000000000000000000e+00
9.790285238703193560e-01
9.999999999999997780e-01
1.000000000000000000e+00
9.999999759507071095e-01
1.000000000000000000e+00
1.000000000000000000e+00
1.000000000000000000e+00
1.000000000000000000e+00
5.481261307889948698e-31
9.999999999992439381e-01
5.555738250790938082e-01
1.000000000000000000e+00
2.488170055090426411e-39
1.000000000000000000e+00
4.743654806293070780e-12
1.000000000000000000e+00
1.000000000000000000e+00
1.000000000000000000e+00
9.999999999999578115e-01
8.443062061369483205e-26
1.000000000000000000e+00
1.000000000000000000e+00
1.000000000000000000e+00
7.953194898836667874e-04
9.999999999999860112e-01
