9.933079454324204027e-01
9.850755559714157172e-01
9.914787804462695808e-01
9.930988060726653188e-01
9.927530982383322433e-01
9.859737815860242227e-01
9.908635180943664578e-01
9.921219094941897687e-01
9.905142980826364685e-01
9.931666363922414531e-01
9.822358641829751491e-01
9.883760671921749674e-01
9.919176605955936088e-01
9.854104378024527433e-01
9.897971521643466053e-01
9.887643436605367819e-01
9.900350249122507051e-01
9.950847407987991611e-01
9.869009309953343800e-01
9.889161532101613528e-01
9.763927643857769345e-01
9.913696269389956628e-01
9.879948745142931310e-01
9.908435767767473923e-01
9.904073255724002989e-01
9.871188341893099016e-01
9.899791296788068573e-01
9.870009956005556528e-01
9.862896963909300041e-01
9.845092772129805381e-01
9.890716883196705167e-01
9.888268332051730614e-01
9.903294677634840726e-01
9.910536336839641525e-01
9.915520997012540194e-01
9.864089676409516505e-01
9.895706517113338485e-01
9.906094582269001636e-01
9.860172294476052812e-01
9.893190394221996753e-01
9.896919512582408318e-01
9.917017248079567082e-01
9.905055592436836642e-01
9.898123510934939695e-01
9.924320589595588826e-01
9.918187796683837210e-01
9.826885711196826634e-01
9.909106877864077845e-01
9.810296675223029172e-01
9.935986946326190727e-01
9.907207072042765184e-01
9.907073162360793273e-01
9.925298298741769276e-01
9.854368962013945188e-01
9.927366037413021260e-01
9.912590042260086554e-01
9.882102998434427743e-01
9.896108320566040506e-01
9.938485997186693455e-01
9.919194374830827554e-01
