1.000000000000000000e+00
1.000000000000000000e+00
1.000000000000000000e+00
1.000000000000000000e+00
9.999999999999462652e-01
9.999999999991431299e-01
9.999999999978705922e-01
9.999999999999702460e-01
1.649576876147949261e-07
9.999999997917528027e-01
1.000000000000000000e+00
2.584167371429428317e-01
1.000000000000000000e+00
2.100335366126619459e-07
1.000000000000000000e+00
1.000000000000000000e+00
9.999999999803683703e-01
2.918790670526563134e-13
3.788689998622265117e-15
1.000000000000000000e+00
1.000000000000000000e+00
1.000000000000000000e+00
1.000000000000000000e+00
1.000000000000000000e+00
1.000000000000000000e+00
9.999999999941864282e-01
9.639940210747986973e-13
9.999999999999984457e-01
1.000000000000000000e+00
3.905171572962059523e-01
9.999999999997555289e-01
1.000000000000000000e+00
9.999999991401062882e-01
1.000000000000000000e+00
1.000000000000000000e+00
1.000000000000000000e+00
1.000000000000000000e+00
1.000000000000000000e+00
1.000000000000000000e+00
1.000000000000000000e+00
9.999999979527349758e-01
1.000000000000000000e+00
1.627378290526976675e-12
1.079502404081107207e-16
1.000000000000000000e+00
1.000000000000000000e+00
9.999999989451009430e-01
1.000000000000000000e+00
1.000000000000000000e+00
1.000000000000000000e+00
1.000000000000000000e+00
9.998502438553434901e-01
1.000000000000000000e+00
1.000000000000000000e+00
1.000000000000000000e+00
7.240756474952914063e-18
1.000000000000000000e+00
1.000000000000000000e+00
1.000000000000000000e+00
1.000000000000000000e+00
