9.999849469975068406e-01
9.999797985671324829e-01
9.999922412417640016e-01
9.999856639525921409e-01
9.999795964067642595e-01
9.999790331388170861e-01
9.999839075497106711e-01
9.999796339951438906e-01
9.999820557532785870e-01
9.999550707353107581e-01
9.999951873975525540e-01
9.999619272494690847e-01
9.999880759178197964e-01
9.999741333010470079e-01
9.999893773898109739e-01
9.999797114017565658e-01
9.999688526696222102e-01
9.997231193281859163e-01
9.999891128654516681e-01
9.999756744372948480e-01
9.999826107568854372e-01
9.999724944662591319e-01
9.999833971795676346e-01
9.999807169768570869e-01
9.999780468106831410e-01
9.999630842071334236e-01
9.999281427860502447e-01
9.999781524437811875e-01
9.999839869541204962e-01
9.999771915553066215e-01
9.999906746874640540e-01
9.999419190264600132e-01
9.998397468169804014e-01
9.999907490709243341e-01
9.999889781581805526e-01
9.999808820606400639e-01
9.999829143062254344e-01
9.999846091358965960e-01
9.999872781179117709e-01
9.999928118591043802e-01
9.999918197812098786e-01
9.999811139160503792e-01
9.999674732218826190e-01
9.999771447557186388e-01
9.999784391608744771e-01
9.999388769106933861e-01
9.999842264673683978e-01
9.999900281690281556e-01
9.999804128264015990e-01
9.999844632507434161e-01
9.999838425779379314e-01
9.998159304670352077e-01
9.999913807486637829e-01
9.999874969065477570e-01
9.999879324719528340e-01
9.999508983208329482e-01
9.999562195191896707e-01
9.999757345163330369e-01
9.999928304977397930e-01
9.999837579224348794e-01
9.999799364835811888e-01
9.999858883973494761e-01
9.999690868756235806e-01
9.999827606516256129e-01
9.999872266688883959e-01
9.998581600762309618e-01
9.999777118589113778e-01
9.999906075234414882e-01
9.999831976052627747e-01
9.999906637495005191e-01
9.999784427964591993e-01
9.999901090779701462e-01
9.999846173495314794e-01
9.999228198182266159e-01
9.999593809736507799e-01
9.999884268262136944e-01
9.999859501859245103e-01
9.999833362290873051e-01
9.999786800668164499e-01
9.999905247395785013e-01
9.999085698885774587e-01
9.999864851431298218e-01
9.999880214880604301e-01
9.999888874854646614e-01
9.999750217566525379e-01
9.999728167800374656e-01
9.999893508194511726e-01
9.999819010063664138e-01
9.999598795746161839e-01
9.999833511770473971e-01
9.999850978100097709e-01
9.999795075039989989e-01
9.999848580268582143e-01
9.999926936708765091e-01
9.999632190779579322e-01
9.999769500550764745e-01
9.999576539151926458e-01
9.999928358104591686e-01
9.999803566522798004e-01
9.999528146250964422e-01
9.999709475229016098e-01
9.999893608201558814e-01
9.999709049864968780e-01
9.999856153495960687e-01
9.999846122548237126e-01
9.999926100625132763e-01
9.999860747613905643e-01
9.999877626918198814e-01
9.999562616835896423e-01
9.999845302643995959e-01
9.999836769450622942e-01
9.999807740038982873e-01
9.999813009967203348e-01
9.999769359945923641e-01
9.999881456954692327e-01
9.999844849862421503e-01
9.999827549349173950e-01
9.999838899158933758e-01
9.999838522872507296e-01
9.999522546670410739e-01
9.999800134700411736e-01
9.999878426818733512e-01
9.999913481915537750e-01
9.999907923300104251e-01
9.999836496094508531e-01
9.999470411081140542e-01
9.999787619078118750e-01
9.999748813517099766e-01
9.999906395372805124e-01
9.999897064506272359e-01
9.999931764921161648e-01
9.999907957874784037e-01
9.999817174079008719e-01
9.999878135728957895e-01
9.999315223521888507e-01
9.999911557577313426e-01
9.999921703973084774e-01
9.999870105193520153e-01
9.999897018255577974e-01
9.999894722870273922e-01
9.999650006992595319e-01
9.999852839571573559e-01
9.999782118963382871e-01
9.999819256190249916e-01
9.999845755029665995e-01
9.999915570533425280e-01
9.999921217244716054e-01
9.999895220667222029e-01
9.999912939817032775e-01
9.999895779174343691e-01
9.999894526856361043e-01
9.999864814522319012e-01
9.999846160538844453e-01
9.999814316780838430e-01
9.999895427717957475e-01
9.999937876775849555e-01
9.999622891538264557e-01
9.999846956437339340e-01
9.999839867299609164e-01
9.999637901281597241e-01
9.999892850992069260e-01
9.999865631995439319e-01
9.999860602628110051e-01
9.999443319928459362e-01
9.999910601618426931e-01
9.999865334284000484e-01
9.999846151210239897e-01
9.999791469848446912e-01
9.999818344662091407e-01
9.999867307854536369e-01
9.999859689911313465e-01
9.999859398143180478e-01
9.999792923018766544e-01
9.999869949016396697e-01
9.999894219232983161e-01
9.999806501169575812e-01
9.999894444716120878e-01
9.999773915202385677e-01
9.999868035299861457e-01
9.999907747007897862e-01
2.917472345369107826e-03
1.000000000000000000e+00
1.000000000000000000e+00
6.030487205344789992e-01
1.000000000000000000e+00
1.000000000000000000e+00
1.000000000000000000e+00
1.020860623663279610e-04
9.999996959079183734e-01
1.000000000000000000e+00
1.000000000000000000e+00
7.907416405764298149e-07
1.000000000000000000e+00
9.693702995492788522e-05
1.000000000000000000e+00
9.949268230598895535e-01
1.000000000000000000e+00
9.999999999561819397e-01
1.000000000000000000e+00
3.226982413443230113e-01
1.000000000000000000e+00
9.999999952968572359e-01
3.150070120854842857e-07
1.000000000000000000e+00
1.000000000000000000e+00
1.000000000000000000e+00
1.000000000000000000e+00
2.873733002192085237e-06
1.000000000000000000e+00
5.361003494056134115e-07
9.999999998362529841e-01
1.000000000000000000e+00
1.561445625106130280e-04
9.999989347818936114e-01
9.999999999999684697e-01
1.000000000000000000e+00
1.000000000000000000e+00
9.999875940689043619e-01
9.999886741059101913e-01
6.098342092061544983e-01
5.040003000489353497e-04
9.951415515138719581e-01
3.896328260841315191e-05
9.999998326291410500e-01
1.200948824199022231e-04
9.999944220761277647e-01
6.073461165663504024e-01
1.000000000000000000e+00
1.000000000000000000e+00
1.000000000000000000e+00
9.999971218907329762e-01
1.000000000000000000e+00
2.789790277526801453e-04
1.386238502098880720e-01
7.437523611103880478e-07
9.339704281038155580e-05
8.680874877291250291e-01
6.541949637725847921e-01
1.000000000000000000e+00
1.000000000000000000e+00
9.999983088560182587e-01
9.999983097202260751e-01
9.999982354795247108e-01
9.999977980628349528e-01
9.999988747912877951e-01
9.999968280798352538e-01
9.999990983109868781e-01
9.999988540081247157e-01
9.999964486030769040e-01
9.999982666052642521e-01
9.999969266490176256e-01
9.999989719521671372e-01
9.999964984236502374e-01
9.999988381443593033e-01
9.999987251905013697e-01
9.999975291540754707e-01
9.999987583331756413e-01
9.999988084020879908e-01
9.999972454503370800e-01
9.999989014442467461e-01
9.999986749651497142e-01
9.999981412933838243e-01
9.999988410931367477e-01
9.999989169455401061e-01
9.999986432960786820e-01
9.999970392773955830e-01
9.999975311812250300e-01
9.999982022140010418e-01
9.999982095657371506e-01
9.999978731567413792e-01
9.999985924832821560e-01
9.999985774757585988e-01
9.999981630033624169e-01
9.999612867785214743e-01
9.999983210240600551e-01
9.999986015667762240e-01
9.999984883088283150e-01
9.999989586998246915e-01
9.999986238196140187e-01
9.999986895711160395e-01
9.999986457512001214e-01
9.999989148037208286e-01
9.999986879826018304e-01
9.999972100985885515e-01
9.999989077773886459e-01
9.999980536107787588e-01
9.999985676643182719e-01
9.999984196529722036e-01
9.999985139304368165e-01
9.999989780883646873e-01
9.999984857332326893e-01
9.999982385256711570e-01
9.999980938706913847e-01
9.999977080819524300e-01
9.999988439885291180e-01
9.999985806062984262e-01
9.999988165517051941e-01
9.999977239014626873e-01
9.999982031255305603e-01
9.999983639884855169e-01
9.999387360244864631e-01
9.999804074928488884e-01
9.999690535602377972e-01
9.999505323409788593e-01
9.999795060160661109e-01
9.999563220665281804e-01
9.999908911212059826e-01
9.999832320037917999e-01
9.999846937180053574e-01
9.999540634937149619e-01
9.998763367781550171e-01
9.999843279988959166e-01
9.999776469795637057e-01
9.999849634053438185e-01
9.999013787035305745e-01
9.999750418447785894e-01
9.999757780495530657e-01
9.999818109024919410e-01
9.999477748424788759e-01
9.999618617310265245e-01
9.999816458788174378e-01
9.999707823256557271e-01
9.999774107700639680e-01
9.999840690984773683e-01
9.997700021387396774e-01
9.999911605733240449e-01
9.999781105846963225e-01
9.999373693067923341e-01
9.999820840244411091e-01
9.999316973820481236e-01
9.999804736659517745e-01
9.999781040363809881e-01
9.999731561668474544e-01
9.999686826646626558e-01
9.999788018491720942e-01
9.999862643216027580e-01
9.999773685592309169e-01
9.999611401948984568e-01
9.999737029759676599e-01
9.999626952678679626e-01
9.999817629146549036e-01
9.999814049735273880e-01
9.998231348591906098e-01
9.999387911405508422e-01
9.999856719499540247e-01
9.999863239164151762e-01
9.999715388147923933e-01
9.999697044118742717e-01
9.999786043829339555e-01
9.999900210344891960e-01
9.999849006986614164e-01
9.999825552928695016e-01
9.999459058090283126e-01
9.999426837834456405e-01
9.999693029795746479e-01
9.999864505726007158e-01
9.999764072956692784e-01
9.999689291622203546e-01
9.999708950584483835e-01
9.999646295125110829e-01
9.999828069760218208e-01
9.999766688141390469e-01
9.999839507339969291e-01
9.999633249347216202e-01
9.999847231663053782e-01
9.999866428407456764e-01
9.999826832206336613e-01
9.999813341568586367e-01
9.999819750467557888e-01
9.999892759052803060e-01
9.999844064323063497e-01
9.999507297483570811e-01
9.999834828748964677e-01
9.999868615458711307e-01
9.999050613400235488e-01
9.999855792494319884e-01
9.999705955019249082e-01
9.999855281378560168e-01
9.999868623306908955e-01
9.997477591026383559e-01
9.999824512975572510e-01
9.999184293321312644e-01
9.999748760799079816e-01
9.999353653890338256e-01
9.999867445748861217e-01
9.999762347048020139e-01
9.999515505620883982e-01
9.999843543918245370e-01
9.999685949429493181e-01
9.999030640131888470e-01
9.999855380168789498e-01
9.999901942184844517e-01
9.999886999618519123e-01
9.999882204119439066e-01
9.999601548791360317e-01
9.999646516096212245e-01
9.998909310029446829e-01
9.999884398676259778e-01
9.999699008303206682e-01
9.999737185022448127e-01
9.999656250879742636e-01
9.999850597909614169e-01
9.999796016895174944e-01
9.999868992684903812e-01
9.999849077460434277e-01
9.999901108633439950e-01
9.999822233223927270e-01
9.999855603269276472e-01
9.999876327478112170e-01
9.999386794393327893e-01
9.999737442046442437e-01
9.999363638802470922e-01
9.999900742621249394e-01
9.999748495001661297e-01
9.999721689731494445e-01
9.999869408901117529e-01
9.999893517034975643e-01
9.999649836916407741e-01
9.999720165395474814e-01
9.996952285685518635e-01
8.642184687707366031e-01
6.360161585026933011e-05
9.999999798141343543e-01
9.999972233052152326e-01
9.999977424646008251e-01
1.000000000000000000e+00
9.999999999999993339e-01
8.040972919598359625e-26
1.000000000000000000e+00
2.141630051785269244e-11
9.999999999755768698e-01
1.000000000000000000e+00
1.000000000000000000e+00
9.999995822432199422e-01
1.000000000000000000e+00
1.000000000000000000e+00
9.999999999999991118e-01
7.738877623665656476e-06
1.000000000000000000e+00
1.000000000000000000e+00
1.000000000000000000e+00
1.000000000000000000e+00
9.999999998051689598e-01
1.000000000000000000e+00
1.000000000000000000e+00
9.999999785602997626e-01
1.000000000000000000e+00
9.999999999948736562e-01
9.999999999999964473e-01
1.482621441066586050e-15
1.000000000000000000e+00
1.000000000000000000e+00
9.999998758433733537e-01
9.999999999933255612e-01
1.000000000000000000e+00
9.790285238703193560e-01
9.999999999999997780e-01
1.000000000000000000e+00
9.999999759507071095e-01
1.000000000000000000e+00
1.000000000000000000e+00
1.000000000000000000e+00
1.000000000000000000e+00
5.481261307889948698e-31
9.999999999992439381e-01
5.555738250790938082e-01
1.000000000000000000e+00
2.488170055090426411e-39
1.000000000000000000e+00
4.743654806293070780e-12
1.000000000000000000e+00
1.000000000000000000e+00
1.000000000000000000e+00
9.999999999999578115e-01
8.443062061369483205e-26
1.000000000000000000e+00
1.000000000000000000e+00
1.000000000000000000e+00
7.953194898836667874e-04
9.999999999999860112e-01
9.933079454324204027e-01
9.850755559714157172e-01
9.914787804462695808e-01
9.930988060726653188e-01
9.927530982383322433e-01
9.859737815860242227e-01
9.908635180943664578e-01
9.921219094941897687e-01
9.905142980826364685e-01
9.931666363922414531e-01
9.822358641829751491e-01
9.883760671921749674e-01
9.919176605955936088e-01
9.854104378024527433e-01
9.897971521643466053e-01
9.887643436605367819e-01
9.900350249122507051e-01
9.950847407987991611e-01
9.869009309953343800e-01
9.889161532101613528e-01
9.763927643857769345e-01
9.913696269389956628e-01
9.879948745142931310e-01
9.908435767767473923e-01
9.904073255724002989e-01
9.871188341893099016e-01
9.899791296788068573e-01
9.870009956005556528e-01
9.862896963909300041e-01
9.845092772129805381e-01
9.890716883196705167e-01
9.888268332051730614e-01
9.903294677634840726e-01
9.910536336839641525e-01
9.915520997012540194e-01
9.864089676409516505e-01
9.895706517113338485e-01
9.906094582269001636e-01
9.860172294476052812e-01
9.893190394221996753e-01
9.896919512582408318e-01
9.917017248079567082e-01
9.905055592436836642e-01
9.898123510934939695e-01
9.924320589595588826e-01
9.918187796683837210e-01
9.826885711196826634e-01
9.909106877864077845e-01
9.810296675223029172e-01
9.935986946326190727e-01
9.907207072042765184e-01
9.907073162360793273e-01
9.925298298741769276e-01
9.854368962013945188e-01
9.927366037413021260e-01
9.912590042260086554e-01
9.882102998434427743e-01
9.896108320566040506e-01
9.938485997186693455e-01
9.919194374830827554e-01
1.000000000000000000e+00
1.000000000000000000e+00
1.000000000000000000e+00
1.000000000000000000e+00
9.999999999999462652e-01
9.999999999991431299e-01
9.999999999978705922e-01
9.999999999999702460e-01
1.649576876147949261e-07
9.999999997917528027e-01
1.000000000000000000e+00
2.584167371429428317e-01
1.000000000000000000e+00
2.100335366126619459e-07
1.000000000000000000e+00
1.000000000000000000e+00
9.999999999803683703e-01
2.918790670526563134e-13
3.788689998622265117e-15
1.000000000000000000e+00
1.000000000000000000e+00
1.000000000000000000e+00
1.000000000000000000e+00
1.000000000000000000e+00
1.000000000000000000e+00
9.999999999941864282e-01
9.639940210747986973e-13
9.999999999999984457e-01
1.000000000000000000e+00
3.905171572962059523e-01
9.999999999997555289e-01
1.000000000000000000e+00
9.999999991401062882e-01
1.000000000000000000e+00
1.000000000000000000e+00
1.000000000000000000e+00
1.000000000000000000e+00
1.000000000000000000e+00
1.000000000000000000e+00
1.000000000000000000e+00
9.999999979527349758e-01
1.000000000000000000e+00
1.627378290526976675e-12
1.079502404081107207e-16
1.000000000000000000e+00
1.000000000000000000e+00
9.999999989451009430e-01
1.000000000000000000e+00
1.000000000000000000e+00
1.000000000000000000e+00
1.000000000000000000e+00
9.998502438553434901e-01
1.000000000000000000e+00
1.000000000000000000e+00
1.000000000000000000e+00
7.240756474952914063e-18
1.000000000000000000e+00
1.000000000000000000e+00
1.000000000000000000e+00
1.000000000000000000e+00
