9.542335976789342866e-02
8.577286682194590339e-02
9.944634874296333360e-02
1.021814890727079095e-01
9.863926878684634025e-02
9.296426328872224587e-02
9.944634874296293114e-02
9.193496273816152697e-02
9.542335976789342866e-02
9.944634874296293114e-02
9.617614660397300064e-02
1.021488223500777448e-01
9.956991954992869265e-02
9.944634874296293114e-02
9.944634874296293114e-02
9.944634874296293114e-02
1.002324207502461595e-01
1.021488223500777448e-01
9.920246088813711172e-02
8.624117831496735942e-02
9.944634874296293114e-02
8.567587299662152156e-02
8.551653986852190970e-02
9.551788589752101266e-02
9.944634874296293114e-02
9.957053414892647059e-02
1.021488223500777448e-01
8.623286402274632501e-02
9.674700210463636763e-02
9.890647089219739563e-02
9.958938268469948174e-02
9.944634874296293114e-02
8.577286682194590339e-02
9.551788641287350945e-02
9.014818277230765564e-02
1.023928397827566644e-01
9.192097129742274331e-02
9.228180330216602389e-02
9.946306861150354395e-02
