9.917031265642854698e-02
8.794490402257235107e-02
1.019044132656973245e-01
9.917029828318076057e-02
9.917029828318076057e-02
8.498686812002820279e-02
1.019044132656973245e-01
9.917029828318076057e-02
1.018965157745365807e-01
9.488294385707339573e-02
9.649777258056162210e-02
9.980411832057742294e-02
8.709884025613576219e-02
8.611110130553989439e-02
9.416632137998963425e-02
9.033131663498573938e-02
8.498686812002820279e-02
9.587243754079503855e-02
9.851200119616568274e-02
9.917029828318076057e-02
9.917029828318076057e-02
9.917029828318076057e-02
8.573556871708255811e-02
8.794490402257242045e-02
1.019044132656973245e-01
9.917029828318076057e-02
9.576000174869131465e-02
8.498686812002820279e-02
1.019044132656973245e-01
9.476327364139865150e-02
9.917029828318076057e-02
9.917029828318076057e-02
9.917029828318076057e-02
9.917029828318076057e-02
1.019044132656973245e-01
1.002447604468104519e-01
8.585001829015367902e-02
1.021352071962680491e-01
9.921088578529248247e-02
