9.957006021077569047e-02
1.023082464253613211e-01
9.957006021077569047e-02
9.957006021077569047e-02
9.957006021078153302e-02
1.001544672526812202e-01
9.408970480699352379e-02
9.957006021077569047e-02
9.957006021077569047e-02
9.957006021077569047e-02
9.957006021077569047e-02
9.957006021077569047e-02
8.011855103750256668e-02
9.957006021077569047e-02
9.957006021077569047e-02
8.685013340621905442e-02
8.929147320555134992e-02
8.765689794250940137e-02
9.957006021077569047e-02
1.023082464253613211e-01
8.685013340621905442e-02
9.513854351903056061e-02
8.436605765428702164e-02
9.957006021077569047e-02
9.957006021077569047e-02
9.957006021077569047e-02
9.957006021077569047e-02
9.957006021077569047e-02
8.440220237752917021e-02
1.023082158664663510e-01
9.438172580782314136e-02
9.957006021077569047e-02
8.520159134718310878e-02
8.440220237752917021e-02
9.239275585066526741e-02
8.440220237752917021e-02
9.957006021077569047e-02
8.685013340621905442e-02
8.685013340621905442e-02
