8.030772515827838687e-02
9.499315173960377889e-02
8.763903858077289055e-02
7.763588409822552716e-02
7.763588409822552716e-02
8.452763192903567369e-02
9.211628536306445958e-02
8.030772515827838687e-02
8.602801821589853293e-02
9.211475184655169846e-02
9.499315173960377889e-02
9.499315173960377889e-02
9.499315173960377889e-02
8.936929986500660728e-02
9.081975365884725759e-02
9.211475184655169846e-02
8.602108976925729178e-02
8.729929211488467178e-02
9.499315173960377889e-02
9.211475184655169846e-02
9.211475184655169846e-02
9.211475184655169846e-02
8.681002675632477905e-02
9.211475184655169846e-02
9.211475184655169846e-02
9.211475184655169846e-02
9.211475184655169846e-02
9.211475197517890456e-02
8.400445001279620294e-02
7.670944066978606368e-02
9.211475184655169846e-02
8.659305135210447479e-02
8.602108976925729178e-02
8.277851274918815450e-02
9.211475184662672178e-02
7.763588409822813619e-02
8.194253407422956437e-02
7.421439446750335844e-02
8.226700751935231426e-02
8.849748280828545477e-02
