8.694944226806303189e-02
8.736250127196210080e-02
8.694835554322902227e-02
8.694835554322902227e-02
8.568380043465134710e-02
9.964516949656032629e-02
9.962020715745539823e-02
9.964516949656032629e-02
8.968004703114881848e-02
9.964516962898571639e-02
8.694823620305228151e-02
9.129238941074412084e-02
9.964516949656032629e-02
9.920719658757973236e-02
9.964516949656032629e-02
9.964516949656032629e-02
9.964516949655152778e-02
9.629357630352694541e-02
1.022850057105952198e-01
1.022850060446098691e-01
8.054038176286926198e-02
8.968004703114881848e-02
1.023764653800386393e-01
8.362121842469176503e-02
8.931758475011979115e-02
9.964516949656032629e-02
8.736250127788397490e-02
9.964516949656032629e-02
9.574682628607107671e-02
8.968004703114881848e-02
9.964516949656032629e-02
8.694835554322902227e-02
8.343338016894184805e-02
8.314608137656673281e-02
9.567014060842202183e-02
8.455127248168219090e-02
9.962020715745539823e-02
8.610700289873393642e-02
1.022850060446098691e-01
