8.442822191326004866e-02
9.850138305008813988e-02
8.640250819915339109e-02
1.013714957382918780e-01
9.977724845397020759e-02
9.151789579102902195e-02
8.361144275467846665e-02
9.488985537660862835e-02
9.850138305008813988e-02
9.850138305008813988e-02
9.850138305008813988e-02
9.850138305008813988e-02
9.850138305008813988e-02
1.013714957382918780e-01
9.850138305008813988e-02
8.640250819915339109e-02
9.850138305008813988e-02
9.850138305008813988e-02
9.850138305008813988e-02
9.850138305008813988e-02
9.850138305008813988e-02
1.013714957382918780e-01
8.640250819915339109e-02
9.305351326514249566e-02
1.013714957382918780e-01
8.657534175956618783e-02
8.877800176387526387e-02
8.717834033616352063e-02
9.776761797138780463e-02
9.850138305008813988e-02
9.582032334782826510e-02
8.640250819915339109e-02
9.850138305008813988e-02
8.810457825028440715e-02
9.247746591516892156e-02
8.518895791353048308e-02
9.850138305590933063e-02
9.499846659448431263e-02
8.361144275702517281e-02
