8.557970804091567796e-02
8.015289997347220530e-02
7.729522546822534257e-02
9.232849743567760059e-02
7.351820672515410604e-02
8.169292553994111916e-02
9.581552599979317741e-02
9.232849743567760059e-02
9.232849743567760059e-02
7.802122090388897979e-02
9.232849743567760059e-02
9.299258744374114261e-02
7.924966069890442000e-02
9.538544355951734943e-02
9.232849743567760059e-02
8.169292553994111916e-02
9.232856122863115911e-02
9.232849743567760059e-02
9.232849743567760059e-02
9.232849743567760059e-02
9.264650373401983607e-02
9.232849743567760059e-02
9.232849743567760059e-02
9.232849743567760059e-02
9.232849743567760059e-02
7.964439616401640387e-02
8.326697523473736151e-02
9.232849743567760059e-02
9.232849743567760059e-02
8.599134712209305365e-02
8.178268830909636578e-02
9.232849743568258272e-02
8.307497583429568344e-02
7.327316894283546211e-02
8.291390711883678266e-02
9.232849743567760059e-02
9.232849743567878020e-02
8.394464028589677940e-02
9.232849743567760059e-02
9.232849743567760059e-02
