9.485779255072968041e-02
9.485779255072968041e-02
8.296342071915689675e-02
9.758996375982337268e-02
9.500997493000599980e-02
9.485779255072968041e-02
8.534930609885413300e-02
9.485779255072968041e-02
9.027521334323454494e-02
9.473215114608254939e-02
9.771624897256139808e-02
9.012813802324552703e-02
9.485779255072968041e-02
9.253725237557507144e-02
9.485779255072968041e-02
9.485779255072968041e-02
8.800063950544458058e-02
9.485811525181676862e-02
9.012813802324552703e-02
9.243123077714621161e-02
8.296335548699507179e-02
9.758996375982337268e-02
9.485779255072968041e-02
8.296342071921926353e-02
9.485779255072968041e-02
9.485779255072968041e-02
9.485779255072968041e-02
9.485779255072968041e-02
9.485779255072968041e-02
8.593686550231317833e-02
8.666444050481962591e-02
9.485779255072968041e-02
9.771624897256139808e-02
9.485779255072968041e-02
9.771624897256139808e-02
9.485779255072968041e-02
9.485779255072968041e-02
9.771624897256139808e-02
9.485779255072968041e-02
