2.198373920968700879e-01
2.033560560009225748e-01
2.194023391458982397e-01
2.222414534533412867e-01
2.196699645299028669e-01
2.196699645299028669e-01
2.196699645299028669e-01
2.119358435705788468e-01
2.196699645299028669e-01
2.222414534533412867e-01
2.097055934301399194e-01
2.033560560009225748e-01
2.033560560009225748e-01
2.196699645299028669e-01
2.196699645299028669e-01
2.151958313333914019e-01
2.075520655426195404e-01
2.196699645299028669e-01
2.041282010647421374e-01
2.130318937454551143e-01
2.222414534533412867e-01
2.033560560009225748e-01
2.020651079405404726e-01
2.140915146955275905e-01
2.066709385571373070e-01
2.196699645299028669e-01
2.096471696554630948e-01
2.196699645299028669e-01
2.153455736764639528e-01
2.196699645299028669e-01
2.033560560009225748e-01
2.165400111597344246e-01
2.129177049788006093e-01
2.124459108554159759e-01
2.196699645299028669e-01
2.153455736764639528e-01
2.196699645299028669e-01
2.006912777396371583e-01
2.119358435705788468e-01
