2.051668702510227316e-01
2.191748148438558697e-01
2.196605566057833192e-01
2.186706009192035394e-01
2.222397800033384385e-01
2.222397800033384385e-01
2.222397800033384385e-01
2.055626546165170154e-01
2.162182104234630919e-01
2.033594247868043270e-01
2.066941154253317536e-01
2.065667836282236158e-01
2.196819151977601192e-01
2.146078411525941532e-01
2.096337115322145506e-01
2.152737038517612833e-01
2.160226036488334389e-01
2.066872472305367192e-01
2.196605566057833192e-01
2.033594247868043270e-01
2.196605566057833192e-01
2.196605566057833192e-01
2.066941154253317536e-01
2.196605566057833192e-01
2.164530378582655568e-01
2.196605566058082437e-01
2.222389356415438721e-01
2.066941154253317536e-01
2.066945965445006750e-01
2.096337115322145506e-01
2.222397800033384385e-01
2.196605566057833192e-01
2.196605566057833192e-01
2.196605566057833192e-01
2.096337115322145506e-01
2.196605566057833192e-01
2.196605566057833192e-01
2.196605566057833192e-01
2.200138753443998951e-01
2.099033678410559822e-01
