9.542335976789342866e-02
8.577286682194590339e-02
9.944634874296333360e-02
1.021814890727079095e-01
9.863926878684634025e-02
9.296426328872224587e-02
9.944634874296293114e-02
9.193496273816152697e-02
9.542335976789342866e-02
9.944634874296293114e-02
9.617614660397300064e-02
1.021488223500777448e-01
9.956991954992869265e-02
9.944634874296293114e-02
9.944634874296293114e-02
9.944634874296293114e-02
1.002324207502461595e-01
1.021488223500777448e-01
9.920246088813711172e-02
8.624117831496735942e-02
9.944634874296293114e-02
8.567587299662152156e-02
8.551653986852190970e-02
9.551788589752101266e-02
9.944634874296293114e-02
9.957053414892647059e-02
1.021488223500777448e-01
8.623286402274632501e-02
9.674700210463636763e-02
9.890647089219739563e-02
9.958938268469948174e-02
9.944634874296293114e-02
8.577286682194590339e-02
9.551788641287350945e-02
9.014818277230765564e-02
1.023928397827566644e-01
9.192097129742274331e-02
9.228180330216602389e-02
9.946306861150354395e-02
9.917031265642854698e-02
8.794490402257235107e-02
1.019044132656973245e-01
9.917029828318076057e-02
9.917029828318076057e-02
8.498686812002820279e-02
1.019044132656973245e-01
9.917029828318076057e-02
1.018965157745365807e-01
9.488294385707339573e-02
9.649777258056162210e-02
9.980411832057742294e-02
8.709884025613576219e-02
8.611110130553989439e-02
9.416632137998963425e-02
9.033131663498573938e-02
8.498686812002820279e-02
9.587243754079503855e-02
9.851200119616568274e-02
9.917029828318076057e-02
9.917029828318076057e-02
9.917029828318076057e-02
8.573556871708255811e-02
8.794490402257242045e-02
1.019044132656973245e-01
9.917029828318076057e-02
9.576000174869131465e-02
8.498686812002820279e-02
1.019044132656973245e-01
9.476327364139865150e-02
9.917029828318076057e-02
9.917029828318076057e-02
9.917029828318076057e-02
9.917029828318076057e-02
1.019044132656973245e-01
1.002447604468104519e-01
8.585001829015367902e-02
1.021352071962680491e-01
9.921088578529248247e-02
9.957006021077569047e-02
1.023082464253613211e-01
9.957006021077569047e-02
9.957006021077569047e-02
9.957006021078153302e-02
1.001544672526812202e-01
9.408970480699352379e-02
9.957006021077569047e-02
9.957006021077569047e-02
9.957006021077569047e-02
9.957006021077569047e-02
9.957006021077569047e-02
8.011855103750256668e-02
9.957006021077569047e-02
9.957006021077569047e-02
8.685013340621905442e-02
8.929147320555134992e-02
8.765689794250940137e-02
9.957006021077569047e-02
1.023082464253613211e-01
8.685013340621905442e-02
9.513854351903056061e-02
8.436605765428702164e-02
9.957006021077569047e-02
9.957006021077569047e-02
9.957006021077569047e-02
9.957006021077569047e-02
9.957006021077569047e-02
8.440220237752917021e-02
1.023082158664663510e-01
9.438172580782314136e-02
9.957006021077569047e-02
8.520159134718310878e-02
8.440220237752917021e-02
9.239275585066526741e-02
8.440220237752917021e-02
9.957006021077569047e-02
8.685013340621905442e-02
8.685013340621905442e-02
8.030772515827838687e-02
9.499315173960377889e-02
8.763903858077289055e-02
7.763588409822552716e-02
7.763588409822552716e-02
8.452763192903567369e-02
9.211628536306445958e-02
8.030772515827838687e-02
8.602801821589853293e-02
9.211475184655169846e-02
9.499315173960377889e-02
9.499315173960377889e-02
9.499315173960377889e-02
8.936929986500660728e-02
9.081975365884725759e-02
9.211475184655169846e-02
8.602108976925729178e-02
8.729929211488467178e-02
9.499315173960377889e-02
9.211475184655169846e-02
9.211475184655169846e-02
9.211475184655169846e-02
8.681002675632477905e-02
9.211475184655169846e-02
9.211475184655169846e-02
9.211475184655169846e-02
9.211475184655169846e-02
9.211475197517890456e-02
8.400445001279620294e-02
7.670944066978606368e-02
9.211475184655169846e-02
8.659305135210447479e-02
8.602108976925729178e-02
8.277851274918815450e-02
9.211475184662672178e-02
7.763588409822813619e-02
8.194253407422956437e-02
7.421439446750335844e-02
8.226700751935231426e-02
8.849748280828545477e-02
8.694944226806303189e-02
8.736250127196210080e-02
8.694835554322902227e-02
8.694835554322902227e-02
8.568380043465134710e-02
9.964516949656032629e-02
9.962020715745539823e-02
9.964516949656032629e-02
8.968004703114881848e-02
9.964516962898571639e-02
8.694823620305228151e-02
9.129238941074412084e-02
9.964516949656032629e-02
9.920719658757973236e-02
9.964516949656032629e-02
9.964516949656032629e-02
9.964516949655152778e-02
9.629357630352694541e-02
1.022850057105952198e-01
1.022850060446098691e-01
8.054038176286926198e-02
8.968004703114881848e-02
1.023764653800386393e-01
8.362121842469176503e-02
8.931758475011979115e-02
9.964516949656032629e-02
8.736250127788397490e-02
9.964516949656032629e-02
9.574682628607107671e-02
8.968004703114881848e-02
9.964516949656032629e-02
8.694835554322902227e-02
8.343338016894184805e-02
8.314608137656673281e-02
9.567014060842202183e-02
8.455127248168219090e-02
9.962020715745539823e-02
8.610700289873393642e-02
1.022850060446098691e-01
8.442822191326004866e-02
9.850138305008813988e-02
8.640250819915339109e-02
1.013714957382918780e-01
9.977724845397020759e-02
9.151789579102902195e-02
8.361144275467846665e-02
9.488985537660862835e-02
9.850138305008813988e-02
9.850138305008813988e-02
9.850138305008813988e-02
9.850138305008813988e-02
9.850138305008813988e-02
1.013714957382918780e-01
9.850138305008813988e-02
8.640250819915339109e-02
9.850138305008813988e-02
9.850138305008813988e-02
9.850138305008813988e-02
9.850138305008813988e-02
9.850138305008813988e-02
1.013714957382918780e-01
8.640250819915339109e-02
9.305351326514249566e-02
1.013714957382918780e-01
8.657534175956618783e-02
8.877800176387526387e-02
8.717834033616352063e-02
9.776761797138780463e-02
9.850138305008813988e-02
9.582032334782826510e-02
8.640250819915339109e-02
9.850138305008813988e-02
8.810457825028440715e-02
9.247746591516892156e-02
8.518895791353048308e-02
9.850138305590933063e-02
9.499846659448431263e-02
8.361144275702517281e-02
8.557970804091567796e-02
8.015289997347220530e-02
7.729522546822534257e-02
9.232849743567760059e-02
7.351820672515410604e-02
8.169292553994111916e-02
9.581552599979317741e-02
9.232849743567760059e-02
9.232849743567760059e-02
7.802122090388897979e-02
9.232849743567760059e-02
9.299258744374114261e-02
7.924966069890442000e-02
9.538544355951734943e-02
9.232849743567760059e-02
8.169292553994111916e-02
9.232856122863115911e-02
9.232849743567760059e-02
9.232849743567760059e-02
9.232849743567760059e-02
9.264650373401983607e-02
9.232849743567760059e-02
9.232849743567760059e-02
9.232849743567760059e-02
9.232849743567760059e-02
7.964439616401640387e-02
8.326697523473736151e-02
9.232849743567760059e-02
9.232849743567760059e-02
8.599134712209305365e-02
8.178268830909636578e-02
9.232849743568258272e-02
8.307497583429568344e-02
7.327316894283546211e-02
8.291390711883678266e-02
9.232849743567760059e-02
9.232849743567878020e-02
8.394464028589677940e-02
9.232849743567760059e-02
9.232849743567760059e-02
9.485779255072968041e-02
9.485779255072968041e-02
8.296342071915689675e-02
9.758996375982337268e-02
9.500997493000599980e-02
9.485779255072968041e-02
8.534930609885413300e-02
9.485779255072968041e-02
9.027521334323454494e-02
9.473215114608254939e-02
9.771624897256139808e-02
9.012813802324552703e-02
9.485779255072968041e-02
9.253725237557507144e-02
9.485779255072968041e-02
9.485779255072968041e-02
8.800063950544458058e-02
9.485811525181676862e-02
9.012813802324552703e-02
9.243123077714621161e-02
8.296335548699507179e-02
9.758996375982337268e-02
9.485779255072968041e-02
8.296342071921926353e-02
9.485779255072968041e-02
9.485779255072968041e-02
9.485779255072968041e-02
9.485779255072968041e-02
9.485779255072968041e-02
8.593686550231317833e-02
8.666444050481962591e-02
9.485779255072968041e-02
9.771624897256139808e-02
9.485779255072968041e-02
9.771624897256139808e-02
9.485779255072968041e-02
9.485779255072968041e-02
9.771624897256139808e-02
9.485779255072968041e-02
2.198373920968700879e-01
2.033560560009225748e-01
2.194023391458982397e-01
2.222414534533412867e-01
2.196699645299028669e-01
2.196699645299028669e-01
2.196699645299028669e-01
2.119358435705788468e-01
2.196699645299028669e-01
2.222414534533412867e-01
2.097055934301399194e-01
2.033560560009225748e-01
2.033560560009225748e-01
2.196699645299028669e-01
2.196699645299028669e-01
2.151958313333914019e-01
2.075520655426195404e-01
2.196699645299028669e-01
2.041282010647421374e-01
2.130318937454551143e-01
2.222414534533412867e-01
2.033560560009225748e-01
2.020651079405404726e-01
2.140915146955275905e-01
2.066709385571373070e-01
2.196699645299028669e-01
2.096471696554630948e-01
2.196699645299028669e-01
2.153455736764639528e-01
2.196699645299028669e-01
2.033560560009225748e-01
2.165400111597344246e-01
2.129177049788006093e-01
2.124459108554159759e-01
2.196699645299028669e-01
2.153455736764639528e-01
2.196699645299028669e-01
2.006912777396371583e-01
2.119358435705788468e-01
2.051668702510227316e-01
2.191748148438558697e-01
2.196605566057833192e-01
2.186706009192035394e-01
2.222397800033384385e-01
2.222397800033384385e-01
2.222397800033384385e-01
2.055626546165170154e-01
2.162182104234630919e-01
2.033594247868043270e-01
2.066941154253317536e-01
2.065667836282236158e-01
2.196819151977601192e-01
2.146078411525941532e-01
2.096337115322145506e-01
2.152737038517612833e-01
2.160226036488334389e-01
2.066872472305367192e-01
2.196605566057833192e-01
2.033594247868043270e-01
2.196605566057833192e-01
2.196605566057833192e-01
2.066941154253317536e-01
2.196605566057833192e-01
2.164530378582655568e-01
2.196605566058082437e-01
2.222389356415438721e-01
2.066941154253317536e-01
2.066945965445006750e-01
2.096337115322145506e-01
2.222397800033384385e-01
2.196605566057833192e-01
2.196605566057833192e-01
2.196605566057833192e-01
2.096337115322145506e-01
2.196605566057833192e-01
2.196605566057833192e-01
2.196605566057833192e-01
2.200138753443998951e-01
2.099033678410559822e-01
