3.322186449767629010e-45
7.823281902209623126e-46
1.000000000000000000e+00
8.799944463231449239e-46
8.814589282623459124e-46
8.814330222012697079e-46
1.000000000000000000e+00
8.811705981008071360e-46
7.997827884848465478e-46
8.046731698882349530e-46
8.814327778556302461e-46
3.267446010514736222e-43
8.814329182316586224e-46
8.814320157584478903e-46
8.814294000025738434e-46
8.814330243040205028e-46
8.650474960934241287e-46
8.814330247393460915e-46
6.680013388210749992e-42
9.104988967401210770e-46
8.814231804161316612e-46
8.814324444005160838e-46
8.814330243040205028e-46
8.811743354156158531e-46
7.688617229380301072e-36
1.002459428822118301e-45
8.814295850003272179e-46
8.814330209779261838e-46
1.000000000000000000e+00
8.769210869912670174e-46
7.492478399374702311e-45
1.370916249679317816e-42
8.812752779334708582e-46
8.809168267211195968e-46
1.000000000000000000e+00
1.000000000000000000e+00
1.878126322287330230e-45
1.000000000000000000e+00
8.814325051381719933e-46
