2.569192330734848736e-40
1.000000000000000000e+00
2.701411267417739488e-40
2.504919852279212626e-40
2.609828265662732390e-40
2.661966630834861355e-40
2.445689732466673776e-40
1.000000000000000000e+00
2.445709484734560325e-40
3.486944512806374886e-38
1.392635595567147037e-39
4.743045527910634065e-40
4.356045930694096090e-39
2.456673607774290370e-40
1.000000000000000000e+00
2.445702001508447790e-40
2.763741334616991150e-40
2.054340509760480113e-38
2.471758199193491773e-40
1.000000000000000000e+00
2.770189875755163096e-40
2.445693353157203234e-40
2.445736278265124564e-40
2.829877165063867179e-40
1.931666570547899564e-39
1.058482014587406543e-39
8.969141783568515351e-40
3.405204684962436630e-39
2.770187063204775060e-40
1.000000000000000000e+00
2.449596913117706822e-40
1.000000000000000000e+00
2.719322896883440425e-40
2.445689628469032673e-40
2.445689630662372660e-40
2.445689628469067339e-40
2.861933821538347848e-40
3.118077857751062279e-40
2.445689628773732581e-40
