1.000000000000000000e+00
4.760855028927936660e-48
4.760965688941960830e-48
1.000000000000000000e+00
4.760965688941960830e-48
4.760965714185542694e-48
4.760965688941283834e-48
4.760965688941960830e-48
4.870133251220974755e-48
1.000000000000000000e+00
5.085495890450990099e-48
1.414661152485369377e-15
4.765542742906538105e-48
9.999999999999977796e-01
2.049204897390759280e-47
4.760965688941960830e-48
4.755791357861082533e-48
4.438312710612419252e-48
1.000000000000000000e+00
4.760962081968644595e-48
3.078050778755015682e-47
9.999846525909105166e-01
4.760965534186639815e-48
3.680593554649418355e-42
4.699851515009856819e-48
4.772201897332649512e-48
4.760965669520635706e-48
4.760965688940742966e-48
4.760965384742768082e-48
4.760965344883027367e-48
4.760965688941960830e-48
4.760965688941960830e-48
4.767472152136340233e-48
4.760965688941960830e-48
5.426860578907793836e-45
1.471974708871946582e-47
7.749528477060732096e-48
4.760965688904343189e-48
4.760965688929241327e-48
