1.117315905134478704e-43
9.849254990780987873e-01
3.005945220647130808e-46
1.000000000000000000e+00
2.563826110193729158e-46
2.740033664294416118e-46
1.673359820849512333e-46
1.783112542650855736e-45
3.012931117800817662e-46
1.692383238567822476e-46
7.180345700725827292e-46
3.012930778091308045e-46
3.526551119635002402e-44
3.011648014102415093e-46
5.514734936608139249e-46
5.160951984159352334e-46
2.887341709507156301e-46
6.681895960141234713e-46
1.672433252619750924e-46
2.966538705437373227e-46
7.031318263792319511e-42
1.000000000000000000e+00
1.000000000000000000e+00
3.010346908817546826e-46
2.781050214176243881e-46
2.035394843958599379e-46
3.117718579456813570e-46
2.846578537967795378e-46
2.838061312295105725e-46
7.549640761524046946e-45
2.723794182975662638e-46
2.626703507626455563e-46
1.000000000000000000e+00
1.688296312746462278e-46
1.000000000000000000e+00
2.935069523907055442e-46
1.000000000000000000e+00
1.000000000000000000e+00
3.219802391783127913e-46
