2.520692454969936831e-23
3.024843340761594509e-23
4.038898365299080897e-23
9.999999999159734365e-01
6.254239663132479967e-22
9.999999999998996358e-01
3.023556009979800052e-23
2.519145775172187032e-23
2.548557005602363559e-23
1.036085760411043375e-05
2.518609075618967948e-23
3.024637916918035665e-23
3.021994599952609171e-23
9.999999989315011550e-01
2.204443717025975100e-23
2.460786713774011918e-23
2.272959452134080068e-23
6.189541036101955365e-22
2.051976376582495106e-23
2.089993706239989843e-23
2.606679218579182107e-23
3.021936862773753927e-23
1.571488764811058271e-23
2.577801652673526453e-23
2.518707545069192459e-23
2.498587668808381659e-23
2.520209760266421198e-23
2.515339892631831660e-23
2.677100930521761984e-23
2.452988266835930178e-23
3.022009584225209416e-23
2.056407165454164454e-23
2.954721137755996017e-23
2.518188680013460604e-23
2.506816543316902658e-23
2.959232699714898493e-23
5.196869388557071289e-12
2.519562731683827158e-23
3.021612206759355544e-23
