2.435637502891651872e-23
3.022449530117852107e-23
2.200301872894395280e-22
2.510058014583819571e-23
2.299215524164715864e-23
2.518813495258571436e-23
9.999999999961244335e-01
2.814180909537110593e-23
2.518722108509371395e-23
3.452927568242819820e-23
6.615835871789032634e-23
2.517316355952445220e-23
1.394067735047219887e-16
2.517032067542286500e-23
2.518664550332328532e-23
2.750079373853418332e-23
3.078148997528513693e-23
2.305604813196530866e-23
2.749107754031395001e-23
2.993460429735546012e-23
3.510224177066961433e-20
2.124722451143712721e-23
2.054261420679232740e-23
2.476300799969299456e-23
2.943335258436791725e-23
3.817039798682627100e-23
9.999999999999149569e-01
5.899655116201962350e-23
2.071977118524702147e-23
2.997250601569470798e-23
2.514640604088964004e-23
2.515084877088278497e-23
2.989937246375762494e-23
2.518519325202550409e-23
2.518987456517038448e-23
2.396274479230802289e-23
9.999999999722515298e-01
1.522348314067948155e-22
5.411891281553789898e-21
9.999999474027762014e-01
