1.388794229283999531e-11
9.610241147517874108e-05
4.378414183075838295e-01
8.485864971156043400e-06
1.388895341865726233e-11
4.378414183075838295e-01
4.378414183075838295e-01
1.018865018702286018e-01
1.388794229283999531e-11
4.378414183075838295e-01
4.378414183075838295e-01
4.378414183075838295e-01
4.378414183075838295e-01
4.378414183075838295e-01
4.378414183075838295e-01
4.378414183075838295e-01
1.388895341865726233e-11
4.378414183075838295e-01
1.388794229283999531e-11
4.378234988356107249e-01
4.378414183075838295e-01
4.378414177531375628e-01
4.378234988356107249e-01
4.378234988356107249e-01
4.378414183075838295e-01
1.783376922086317788e-11
4.378414183075838295e-01
4.378234988356107249e-01
1.012978086133959744e-06
1.388794229286481234e-11
4.378414183075838295e-01
4.378414183075838295e-01
1.388794229283999531e-11
4.378414183075838295e-01
4.378234988356464741e-01
1.388794229283999531e-11
1.388895341865726233e-11
1.783247090961281409e-11
1.388895341865726233e-11
