4.378465879651081694e-01
4.378465879651081694e-01
4.378465879651081694e-01
1.388924513422181622e-11
1.388924513422181622e-11
4.378234988356107249e-01
1.255328013305509194e-01
4.378465879651081694e-01
4.378465879651081694e-01
4.378465879651081694e-01
1.388924513422181622e-11
1.388924513422181622e-11
4.378465879651081694e-01
1.388924513422181622e-11
4.378465879651081694e-01
2.566114717254128336e-09
3.172682767941890219e-03
1.388794229283999531e-11
4.378234988356107249e-01
4.378465879651081694e-01
4.378465879651081694e-01
1.798521381735149888e-02
1.388924513422181622e-11
1.388924513422181622e-11
4.378465879651081694e-01
4.378465879651081694e-01
4.378465879651081694e-01
1.388794229283999531e-11
4.378465879651081694e-01
4.378234988356107249e-01
4.378465879651081694e-01
4.378465879651081694e-01
4.378465879651081694e-01
4.378465879651081694e-01
4.378465879651081694e-01
4.378465879651081694e-01
4.378465879651081694e-01
4.378465879651081694e-01
4.378465879651081694e-01
