1.388815309953030209e-11
4.378272345702264867e-01
4.378272345702264867e-01
4.378272345702264867e-01
4.378272345702264867e-01
1.388815309953030209e-11
4.378272345702264867e-01
4.378272345702264867e-01
5.893443585732137391e-02
4.378272345702264867e-01
4.378272345702264867e-01
4.378272345702264867e-01
4.378234988388886584e-01
1.388815309953030209e-11
4.378272345702264867e-01
1.388794231212715239e-11
1.388815309953030209e-11
4.378234988390290461e-01
4.378272345702264867e-01
4.378272345702264867e-01
2.940122190566872133e-11
1.388794231212715239e-11
1.388794231212715239e-11
4.378272345702264867e-01
4.378272345702264867e-01
4.378272345702264867e-01
1.406992430904081826e-02
4.378272345702264867e-01
1.388794231212715239e-11
4.378272345702264867e-01
1.388794231212715239e-11
4.378272345702264867e-01
1.388794231673352412e-11
1.388794231212715239e-11
1.388794231212715239e-11
1.388794231212715239e-11
4.378272345702264867e-01
1.388794231212715239e-11
1.388794231212715239e-11
