1.388794223497783258e-11
4.378312014306466882e-01
4.378312014284225229e-01
2.689414204470741421e-01
2.509475228416918401e-07
4.587831997017714277e-06
2.618995749600256154e-04
1.388794223497783258e-11
4.378312014306466882e-01
4.378312014306466882e-01
4.378312014306466882e-01
4.378312014306466882e-01
4.378312014306466882e-01
1.388794223497783258e-11
4.378312014306466882e-01
4.378312014306466882e-01
4.378312014306466882e-01
2.940078500738942162e-11
1.388837685501040911e-11
4.378312014306466882e-01
4.378312014306466882e-01
4.378312014306466882e-01
1.388794223497783258e-11
4.378312014306466882e-01
4.378312014306463551e-01
4.378312014306466882e-01
4.378312014306466882e-01
4.378312014306466882e-01
1.388794223497783258e-11
4.378234988253558724e-01
4.378312014306466882e-01
1.388837685501040911e-11
4.378312014306466882e-01
4.378234988253558724e-01
4.378312014306466882e-01
3.775508128940399111e-01
4.378234988253558724e-01
1.388837685501040911e-11
4.378312014306466882e-01
1.388794223497783258e-11
