1.388794229283999531e-11
1.388913713079344405e-11
4.378234988356107249e-01
1.388794229283999531e-11
3.989559993223035153e-11
4.378446739859776504e-01
4.378446739859776504e-01
4.378446739859776504e-01
1.388794229283999531e-11
4.378446739859776504e-01
4.378446739859776504e-01
1.388913707189950114e-11
4.378446739859776504e-01
4.378446739859776504e-01
4.378446739859776504e-01
4.378446739859776504e-01
4.378446739859776504e-01
4.378446739859776504e-01
4.378446739859776504e-01
4.378446739859776504e-01
1.388794229283999531e-11
1.388794229283999531e-11
4.378446643135993077e-01
4.378234988356107249e-01
1.388794229283999531e-11
4.378446739859776504e-01
4.950083126557781703e-03
4.378446739859776504e-01
4.378235062091515584e-01
1.388913713079344405e-11
1.388913713079344405e-11
1.388794229283999531e-11
4.378234988356107249e-01
1.388794229283999531e-11
4.378234988356107249e-01
3.909674062653709938e-04
4.378446739859776504e-01
4.378234988356107249e-01
4.378446739859776504e-01
