1.388794223497783258e-11
1.784570002073096953e-11
1.388794223497783258e-11
4.378442987361141348e-01
4.378222860851455067e-01
4.378234988253558724e-01
4.378234988253558724e-01
1.783247083605927425e-11
4.378442987361141348e-01
4.378442987361141348e-01
4.378442987361141348e-01
4.378442987361141348e-01
4.378442987361141348e-01
4.378442987361141348e-01
4.378442987361141348e-01
1.388794223497783258e-11
4.378442987361141348e-01
4.378442987361141348e-01
4.378442987361141348e-01
4.378442987361141348e-01
4.378442987361141348e-01
3.732756641959365841e-06
4.378234988253558724e-01
4.378234988255874094e-01
4.378442987361141348e-01
1.388911589871474242e-11
4.378442987361141348e-01
4.378234988253558169e-01
1.742601421024018039e-03
4.378442987361141348e-01
1.388794223497783258e-11
1.388794223497783258e-11
4.378442987361141348e-01
1.388794223497783258e-11
4.378442987361141348e-01
4.378442987361141348e-01
4.378442987361141348e-01
4.378442987361141348e-01
1.380797724710770270e-05
