1.388793181652271948e-11
4.378234988321861310e-01
4.384152387461011102e-01
4.384152387461011102e-01
1.392135548061312180e-11
1.388793181652271948e-11
4.384152387371137438e-01
4.384152387461011102e-01
4.384152387461011102e-01
1.388793181652271948e-11
1.922938427768962517e-03
4.384152387461011102e-01
4.378234988321861865e-01
4.384152387461011102e-01
4.384152387461011102e-01
1.389103973479199283e-11
4.384152387461011102e-01
4.384152387461011102e-01
4.384152387461011102e-01
4.384152387461011102e-01
4.384152387461011102e-01
4.384152387461011102e-01
4.384152387461011102e-01
4.384152387461011102e-01
4.384152387454319233e-01
4.378234988321861865e-01
1.392135548061312180e-11
4.384152387461011102e-01
4.384152387461011102e-01
1.388793181652271948e-11
1.388793181652271948e-11
4.384152387461011102e-01
4.380907947897587085e-01
4.378234988321861865e-01
4.378234988321861865e-01
4.384152387461011102e-01
2.130543950848066868e-11
1.392135548061312180e-11
4.384152387461011102e-01
4.384152387461011102e-01
