4.378444399335861825e-01
4.378444399335861825e-01
4.378444399335861825e-01
4.378444399335861825e-01
5.359828224945910444e-11
4.378444399335861825e-01
1.388794225426493958e-11
4.378444399335861825e-01
1.388794225426493958e-11
1.388912327302865933e-11
4.378444399335861825e-01
1.388794225426493958e-11
4.378444399335861825e-01
4.378444399335861825e-01
4.378444399335861825e-01
4.378444399335861825e-01
4.378444290885383783e-01
4.378444399335861825e-01
1.388794225426493958e-11
1.388794225426493958e-11
1.388794225426493958e-11
4.378444399335861825e-01
4.378444399335861825e-01
1.388794225426493958e-11
4.378444399335861825e-01
4.378444399335861825e-01
4.378444399335861825e-01
4.378444399335861825e-01
3.775606624877594908e-01
1.388794225426493958e-11
1.388794225426493958e-11
4.378444399335861825e-01
4.378444399335861825e-01
4.378444399335861825e-01
4.378444399335861825e-01
1.388912388537008133e-11
4.378444399335861825e-01
4.378444399335861825e-01
4.378444399335861825e-01
