1.388947431715133175e-11
1.388794227355244240e-11
4.378506497149600718e-01
4.378506497179459611e-01
4.378506497179459611e-01
4.378506497179459611e-01
4.378506497179459611e-01
1.388794227355244240e-11
4.378506497179459611e-01
4.378506497179459611e-01
4.378234988321924592e-01
1.388794227355244240e-11
1.388794227355244240e-11
4.378506497179459611e-01
4.378506497179459611e-01
4.378234988321924592e-01
1.388794227355244240e-11
4.378506497179459611e-01
1.388947431673026774e-11
4.378235007771060783e-01
1.783443736819360389e-11
1.388794227355244240e-11
1.388947431715133175e-11
4.378234990531212900e-01
1.388794227355244240e-11
4.378506497179459611e-01
4.378234988321924592e-01
3.835927961611972245e-11
1.388924973749021304e-11
4.378506497179459611e-01
1.388794227355244240e-11
4.378234988321924592e-01
1.388947278186468161e-11
4.378506497179459611e-01
1.388947431715133175e-11
1.388794227355244240e-11
4.378506497179459611e-01
1.388947431715133175e-11
1.388794227355244240e-11
