4.378512156458651550e-01
1.388794227355244240e-11
4.378512156458651550e-01
1.388950625235238787e-11
1.388950625235238787e-11
4.378512156458651550e-01
4.378512156458651550e-01
4.378234988321924592e-01
9.419138258366924518e-10
4.377190918739384817e-01
1.388794227355244240e-11
1.388950625235238787e-11
4.378512155920541438e-01
4.378234988321924592e-01
1.388794227355244240e-11
1.388794227355244240e-11
4.378512156458651550e-01
1.388794227355244240e-11
4.378512156458651550e-01
1.388794227355244240e-11
4.378512156458651550e-01
4.378512156458651550e-01
2.289734588492463902e-11
4.378512156458651550e-01
1.388794227355244240e-11
4.378512156458651550e-01
4.378512156458651550e-01
1.388794227355244240e-11
1.388794227355244240e-11
1.388794227355244240e-11
4.378512156458651550e-01
4.378512156458651550e-01
4.378512156458651550e-01
1.388950625235238787e-11
1.388794227355244240e-11
3.209687731588940496e-01
4.378512156458651550e-01
4.378512156458651550e-01
4.378512156458651550e-01
4.377764754190036078e-01
