1.388794229283999531e-11
9.610241147517874108e-05
4.378414183075838295e-01
8.485864971156043400e-06
1.388895341865726233e-11
4.378414183075838295e-01
4.378414183075838295e-01
1.018865018702286018e-01
1.388794229283999531e-11
4.378414183075838295e-01
4.378414183075838295e-01
4.378414183075838295e-01
4.378414183075838295e-01
4.378414183075838295e-01
4.378414183075838295e-01
4.378414183075838295e-01
1.388895341865726233e-11
4.378414183075838295e-01
1.388794229283999531e-11
4.378234988356107249e-01
4.378414183075838295e-01
4.378414177531375628e-01
4.378234988356107249e-01
4.378234988356107249e-01
4.378414183075838295e-01
1.783376922086317788e-11
4.378414183075838295e-01
4.378234988356107249e-01
1.012978086133959744e-06
1.388794229286481234e-11
4.378414183075838295e-01
4.378414183075838295e-01
1.388794229283999531e-11
4.378414183075838295e-01
4.378234988356464741e-01
1.388794229283999531e-11
1.388895341865726233e-11
1.783247090961281409e-11
1.388895341865726233e-11
4.378465879651081694e-01
4.378465879651081694e-01
4.378465879651081694e-01
1.388924513422181622e-11
1.388924513422181622e-11
4.378234988356107249e-01
1.255328013305509194e-01
4.378465879651081694e-01
4.378465879651081694e-01
4.378465879651081694e-01
1.388924513422181622e-11
1.388924513422181622e-11
4.378465879651081694e-01
1.388924513422181622e-11
4.378465879651081694e-01
2.566114717254128336e-09
3.172682767941890219e-03
1.388794229283999531e-11
4.378234988356107249e-01
4.378465879651081694e-01
4.378465879651081694e-01
1.798521381735149888e-02
1.388924513422181622e-11
1.388924513422181622e-11
4.378465879651081694e-01
4.378465879651081694e-01
4.378465879651081694e-01
1.388794229283999531e-11
4.378465879651081694e-01
4.378234988356107249e-01
4.378465879651081694e-01
4.378465879651081694e-01
4.378465879651081694e-01
4.378465879651081694e-01
4.378465879651081694e-01
4.378465879651081694e-01
4.378465879651081694e-01
4.378465879651081694e-01
4.378465879651081694e-01
1.388815309953030209e-11
4.378272345702264867e-01
4.378272345702264867e-01
4.378272345702264867e-01
4.378272345702264867e-01
1.388815309953030209e-11
4.378272345702264867e-01
4.378272345702264867e-01
5.893443585732137391e-02
4.378272345702264867e-01
4.378272345702264867e-01
4.378272345702264867e-01
4.378234988388886584e-01
1.388815309953030209e-11
4.378272345702264867e-01
1.388794231212715239e-11
1.388815309953030209e-11
4.378234988390290461e-01
4.378272345702264867e-01
4.378272345702264867e-01
2.940122190566872133e-11
1.388794231212715239e-11
1.388794231212715239e-11
4.378272345702264867e-01
4.378272345702264867e-01
4.378272345702264867e-01
1.406992430904081826e-02
4.378272345702264867e-01
1.388794231212715239e-11
4.378272345702264867e-01
1.388794231212715239e-11
4.378272345702264867e-01
1.388794231673352412e-11
1.388794231212715239e-11
1.388794231212715239e-11
1.388794231212715239e-11
4.378272345702264867e-01
1.388794231212715239e-11
1.388794231212715239e-11
1.388794223497783258e-11
4.378312014306466882e-01
4.378312014284225229e-01
2.689414204470741421e-01
2.509475228416918401e-07
4.587831997017714277e-06
2.618995749600256154e-04
1.388794223497783258e-11
4.378312014306466882e-01
4.378312014306466882e-01
4.378312014306466882e-01
4.378312014306466882e-01
4.378312014306466882e-01
1.388794223497783258e-11
4.378312014306466882e-01
4.378312014306466882e-01
4.378312014306466882e-01
2.940078500738942162e-11
1.388837685501040911e-11
4.378312014306466882e-01
4.378312014306466882e-01
4.378312014306466882e-01
1.388794223497783258e-11
4.378312014306466882e-01
4.378312014306463551e-01
4.378312014306466882e-01
4.378312014306466882e-01
4.378312014306466882e-01
1.388794223497783258e-11
4.378234988253558724e-01
4.378312014306466882e-01
1.388837685501040911e-11
4.378312014306466882e-01
4.378234988253558724e-01
4.378312014306466882e-01
3.775508128940399111e-01
4.378234988253558724e-01
1.388837685501040911e-11
4.378312014306466882e-01
1.388794223497783258e-11
1.388794229283999531e-11
1.388913713079344405e-11
4.378234988356107249e-01
1.388794229283999531e-11
3.989559993223035153e-11
4.378446739859776504e-01
4.378446739859776504e-01
4.378446739859776504e-01
1.388794229283999531e-11
4.378446739859776504e-01
4.378446739859776504e-01
1.388913707189950114e-11
4.378446739859776504e-01
4.378446739859776504e-01
4.378446739859776504e-01
4.378446739859776504e-01
4.378446739859776504e-01
4.378446739859776504e-01
4.378446739859776504e-01
4.378446739859776504e-01
1.388794229283999531e-11
1.388794229283999531e-11
4.378446643135993077e-01
4.378234988356107249e-01
1.388794229283999531e-11
4.378446739859776504e-01
4.950083126557781703e-03
4.378446739859776504e-01
4.378235062091515584e-01
1.388913713079344405e-11
1.388913713079344405e-11
1.388794229283999531e-11
4.378234988356107249e-01
1.388794229283999531e-11
4.378234988356107249e-01
3.909674062653709938e-04
4.378446739859776504e-01
4.378234988356107249e-01
4.378446739859776504e-01
1.388794223497783258e-11
1.784570002073096953e-11
1.388794223497783258e-11
4.378442987361141348e-01
4.378222860851455067e-01
4.378234988253558724e-01
4.378234988253558724e-01
1.783247083605927425e-11
4.378442987361141348e-01
4.378442987361141348e-01
4.378442987361141348e-01
4.378442987361141348e-01
4.378442987361141348e-01
4.378442987361141348e-01
4.378442987361141348e-01
1.388794223497783258e-11
4.378442987361141348e-01
4.378442987361141348e-01
4.378442987361141348e-01
4.378442987361141348e-01
4.378442987361141348e-01
3.732756641959365841e-06
4.378234988253558724e-01
4.378234988255874094e-01
4.378442987361141348e-01
1.388911589871474242e-11
4.378442987361141348e-01
4.378234988253558169e-01
1.742601421024018039e-03
4.378442987361141348e-01
1.388794223497783258e-11
1.388794223497783258e-11
4.378442987361141348e-01
1.388794223497783258e-11
4.378442987361141348e-01
4.378442987361141348e-01
4.378442987361141348e-01
4.378442987361141348e-01
1.380797724710770270e-05
1.388793181652271948e-11
4.378234988321861310e-01
4.384152387461011102e-01
4.384152387461011102e-01
1.392135548061312180e-11
1.388793181652271948e-11
4.384152387371137438e-01
4.384152387461011102e-01
4.384152387461011102e-01
1.388793181652271948e-11
1.922938427768962517e-03
4.384152387461011102e-01
4.378234988321861865e-01
4.384152387461011102e-01
4.384152387461011102e-01
1.389103973479199283e-11
4.384152387461011102e-01
4.384152387461011102e-01
4.384152387461011102e-01
4.384152387461011102e-01
4.384152387461011102e-01
4.384152387461011102e-01
4.384152387461011102e-01
4.384152387461011102e-01
4.384152387454319233e-01
4.378234988321861865e-01
1.392135548061312180e-11
4.384152387461011102e-01
4.384152387461011102e-01
1.388793181652271948e-11
1.388793181652271948e-11
4.384152387461011102e-01
4.380907947897587085e-01
4.378234988321861865e-01
4.378234988321861865e-01
4.384152387461011102e-01
2.130543950848066868e-11
1.392135548061312180e-11
4.384152387461011102e-01
4.384152387461011102e-01
4.378444399335861825e-01
4.378444399335861825e-01
4.378444399335861825e-01
4.378444399335861825e-01
5.359828224945910444e-11
4.378444399335861825e-01
1.388794225426493958e-11
4.378444399335861825e-01
1.388794225426493958e-11
1.388912327302865933e-11
4.378444399335861825e-01
1.388794225426493958e-11
4.378444399335861825e-01
4.378444399335861825e-01
4.378444399335861825e-01
4.378444399335861825e-01
4.378444290885383783e-01
4.378444399335861825e-01
1.388794225426493958e-11
1.388794225426493958e-11
1.388794225426493958e-11
4.378444399335861825e-01
4.378444399335861825e-01
1.388794225426493958e-11
4.378444399335861825e-01
4.378444399335861825e-01
4.378444399335861825e-01
4.378444399335861825e-01
3.775606624877594908e-01
1.388794225426493958e-11
1.388794225426493958e-11
4.378444399335861825e-01
4.378444399335861825e-01
4.378444399335861825e-01
4.378444399335861825e-01
1.388912388537008133e-11
4.378444399335861825e-01
4.378444399335861825e-01
4.378444399335861825e-01
1.388947431715133175e-11
1.388794227355244240e-11
4.378506497149600718e-01
4.378506497179459611e-01
4.378506497179459611e-01
4.378506497179459611e-01
4.378506497179459611e-01
1.388794227355244240e-11
4.378506497179459611e-01
4.378506497179459611e-01
4.378234988321924592e-01
1.388794227355244240e-11
1.388794227355244240e-11
4.378506497179459611e-01
4.378506497179459611e-01
4.378234988321924592e-01
1.388794227355244240e-11
4.378506497179459611e-01
1.388947431673026774e-11
4.378235007771060783e-01
1.783443736819360389e-11
1.388794227355244240e-11
1.388947431715133175e-11
4.378234990531212900e-01
1.388794227355244240e-11
4.378506497179459611e-01
4.378234988321924592e-01
3.835927961611972245e-11
1.388924973749021304e-11
4.378506497179459611e-01
1.388794227355244240e-11
4.378234988321924592e-01
1.388947278186468161e-11
4.378506497179459611e-01
1.388947431715133175e-11
1.388794227355244240e-11
4.378506497179459611e-01
1.388947431715133175e-11
1.388794227355244240e-11
4.378512156458651550e-01
1.388794227355244240e-11
4.378512156458651550e-01
1.388950625235238787e-11
1.388950625235238787e-11
4.378512156458651550e-01
4.378512156458651550e-01
4.378234988321924592e-01
9.419138258366924518e-10
4.377190918739384817e-01
1.388794227355244240e-11
1.388950625235238787e-11
4.378512155920541438e-01
4.378234988321924592e-01
1.388794227355244240e-11
1.388794227355244240e-11
4.378512156458651550e-01
1.388794227355244240e-11
4.378512156458651550e-01
1.388794227355244240e-11
4.378512156458651550e-01
4.378512156458651550e-01
2.289734588492463902e-11
4.378512156458651550e-01
1.388794227355244240e-11
4.378512156458651550e-01
4.378512156458651550e-01
1.388794227355244240e-11
1.388794227355244240e-11
1.388794227355244240e-11
4.378512156458651550e-01
4.378512156458651550e-01
4.378512156458651550e-01
1.388950625235238787e-11
1.388794227355244240e-11
3.209687731588940496e-01
4.378512156458651550e-01
4.378512156458651550e-01
4.378512156458651550e-01
4.377764754190036078e-01
