0.532199941982
0.532199941982
0.532199941982
0.532199941982
0.532199856312
0.532199941982
0.532199941982
0.532199941982
0.531495200391
0.532199941982
0.53219994198
0.532199941982
0.532199941982
0.532199941982
0.532199870758
0.532199941982
0.532199941982
0.529648413542
0.518301990533
0.532199941982
0.532199941982
0.530612176256
0.532199941982
0.532199935297
0.532199941982
0.532199941982
0.532199941982
0.5
0.532199941982
0.532194598461
0.532199941982
0.532199941982
0.532172330215
0.532199941982
0.532199941982
0.532199934429
0.518656687233
0.532199937047
0.532199938109
0.532199934931
0.532199941982
0.507169664648
0.532199941982
0.532199941982
0.532199941982
0.532199941982
0.532199941982
0.532185027671
0.532199941982
0.532199339378
0.532199941982
0.532199941982
0.53219994198
0.532199941982
0.532199941982
0.532199941982
0.532199941982
0.532199941961
0.532199941982
0.532199941982
0.5
0.532199941982
0.532199941982
0.532199940138
