0.461237249817
0.461237185579
0.461237249817
0.461237249817
0.461237249817
0.461237249817
0.461237244253
0.461237249817
0.461237249817
0.461237249817
0.461237249817
0.461237249817
0.460826368224
0.455841176952
0.461237249817
0.461237249817
0.461237249817
0.461237249817
0.461237249817
0.459837461979
0.461237236506
0.461237249817
0.451609903364
0.461237249817
0.457095086538
0.461237249817
0.461237249817
0.461237249817
0.461237249817
0.440605136719
0.461237249817
0.461237249817
0.461237249817
0.461237249817
0.461237153255
0.461237249817
0.461237249817
0.461237249817
0.453808793221
0.461237249817
0.461237249817
0.461237249817
0.46120393912
0.461237249817
0.461237249817
0.461237249817
0.461237249817
0.461237249817
0.461237249817
0.461237249817
0.461237244793
0.461237249817
0.461237249817
0.461237249404
0.461237249817
0.461229119483
0.461237249817
0.4611988803
0.461237249817
0.46123641137
0.461237249817
0.461237249817
0.461237249817
0.460288792146
0.461237249817
