0.983359054957
0.983359054957
0.983359054957
0.983359054957
0.983359054957
1.0
0.986141359144
0.983359054957
0.983359054957
0.983359054957
0.983362965446
0.983359054957
0.983359054957
0.983359054957
0.983359054957
1.0
0.983359054957
0.983359054957
0.983359054957
1.0
0.983359155098
0.983359054957
0.983359054957
0.983369790461
0.983359054957
0.983359054957
0.983359262644
0.999999431615
0.983359054957
0.983359054957
0.983359054957
0.983359054957
0.983359054957
0.983359054957
0.9999848983
0.992245914586
0.983359054957
0.983359054957
0.983359054957
0.983359054957
0.999999999997
0.999999790686
0.983359054957
0.983359054957
0.999986790779
0.983359054957
0.983359054957
0.983359054957
0.983359054957
0.983359054957
0.983360076361
0.999999999973
0.983361080017
0.983359054957
0.983359057169
0.983359063581
0.983359054957
0.983359054957
0.983649944735
0.983359054957
0.983359054957
0.994735037929
1.0
0.984667256618
