0.524078683462
0.524078683462
0.524078683462
0.520777586925
0.524078683462
0.515544952099
0.524078683462
0.524078683462
0.524078683462
0.524078683462
0.524078683462
0.524078683462
0.524078683462
0.524078683462
0.524078683462
0.5
0.524078683462
0.524078683462
0.524078683462
0.524078683462
0.524078683462
0.524078683462
0.524078683462
0.524078683462
0.524078683462
0.523753862903
0.524078683462
0.524078683462
0.524078683462
0.524078682783
0.524078683462
0.524078683462
0.523939992596
0.524078683462
0.524077851592
0.524078683462
0.490213813136
0.524078683462
0.524078683462
0.524078683462
0.524078683462
0.524078683462
0.524078683462
0.524078683462
0.5218445473
0.524078683101
0.524078683462
0.493512627625
0.524078683462
0.524078683462
0.524078683462
0.524078683462
0.524078683462
0.524078683462
0.524078683462
0.524078683462
0.524078683462
0.524078683462
0.524078683462
0.524078138843
0.524078683462
0.524078683462
0.524078683462
0.524078683462
