0.509656518611
0.509656518611
0.50965651856
0.50942100648
0.509656518607
0.509656518611
0.509656518611
0.509656518611
0.509656518611
0.509656518611
0.509656518611
0.509656518611
0.509656518611
0.509656518611
0.509656518611
0.509656518512
0.509656518611
0.509656518611
0.509656518611
0.509656518611
0.509656518611
0.509656518611
0.483173632944
0.509656518611
0.509656518611
0.509656518611
0.509656518611
0.509656518611
0.483729248566
0.509649153174
0.507714059904
0.509656518611
0.509656518611
0.509656518611
0.509656518611
0.5
0.509656518611
0.509656517105
0.509656518611
0.509642720488
0.509656518611
0.509656518611
0.509656518611
0.509656518611
0.509656518611
0.509656518611
0.509656506454
0.509656518611
0.509656518471
0.509535597371
0.509656518611
0.509656518611
0.509656518611
0.509656518611
0.509656518611
0.509656518611
0.509656518611
0.509656518611
0.490673480845
0.509495695382
0.509656197816
0.509656518611
0.509656518611
0.509656518611
