0.5
0.5
0.5
0.509962092735
0.510694733136
0.510694733136
0.510694733136
0.510694733135
0.510694733136
0.510694733136
0.510694733136
0.510694733136
0.510694733136
0.510694733136
0.510694733136
0.510694733136
0.510694733136
0.510694733136
0.510694733136
0.510694733136
0.510694732238
0.510694733136
0.510694733136
0.5
0.50787042993
0.510694733136
0.510694733136
0.510694733136
0.510694733136
0.510694733136
0.510694733136
0.510694733136
0.510694733136
0.510694733136
0.510694733136
0.510694733136
0.510694733136
0.510694733136
0.510694733136
0.510694733136
0.510694733136
0.510694733136
0.510694733136
0.510694733136
0.510694733136
0.510694732839
0.510694733136
0.510694733136
0.510694733136
0.507759702432
0.510694733136
0.510694733136
0.510694733136
0.510694733136
0.510694733136
0.510694733136
0.510694733136
0.510694733136
0.5
0.510694733136
0.510694708414
0.509093835607
0.510694733136
0.510694733136
0.507879360893
