0.5
0.5
0.5
0.5
0.494965793199
0.5
0.470993718008
0.5
0.5
0.5
0.5
0.5
0.5
0.476018636186
0.5
0.5
0.5
0.5
0.5
0.5
0.454060414423
0.5
0.5
0.5
0.5
0.5
0.5
0.5
0.5
0.455604892344
0.5
0.5
0.5
0.5
0.5
0.5
0.5
0.5
0.458858159024
0.476832350844
0.457389511777
0.5
0.5
0.5
0.5
0.5
0.5
0.5
0.5
0.5
0.5
0.5
0.5
0.5
0.5
0.5
0.5
0.5
0.480709393924
0.5
0.5
0.5
0.5
0.5
0.5
0.5
0.5
0.5
0.5
0.5
0.5
0.5
0.5
0.5
0.5
0.5
0.5
0.5
0.5
0.5
0.5
0.5
0.5
0.5
0.5
0.5
0.5
0.5
0.5
0.5
0.5
0.5
0.5
0.5
0.5
0.5
0.492968762867
0.5
0.5
0.5
0.5
0.490985869553
0.5
0.5
0.5
0.5
0.5
0.5
0.5
0.493595407055
0.5
0.5
0.5
0.5
0.47907296411
0.5
0.5
0.5
0.5
0.5
0.5
0.5
0.5
0.5
0.5
0.5
0.5
0.5
0.5
0.5
0.5
0.5
0.5
0.5
0.5
0.488751605795
0.5
0.494833306739
0.5
0.5
0.5
0.5
0.5
0.5
0.5
0.5
0.5
0.5
0.5
0.5
0.5
0.5
0.5
0.5
0.48996119433
0.5
0.5
0.5
0.5
0.5
0.5
0.5
0.5
0.5
0.5
0.5
0.5
0.492453623268
0.5
0.5
0.5
0.5
0.5
0.5
0.5
0.5
0.5
0.5
0.5
0.5
0.5
0.5
0.5
0.5
0.5
0.5
0.5
0.5
0.5
0.5
0.5
0.5
0.532199941982
0.532199941982
0.532199941982
0.532199941982
0.532199856312
0.532199941982
0.532199941982
0.532199941982
0.531495200391
0.532199941982
0.53219994198
0.532199941982
0.532199941982
0.532199941982
0.532199870758
0.532199941982
0.532199941982
0.529648413542
0.518301990533
0.532199941982
0.532199941982
0.530612176256
0.532199941982
0.532199935297
0.532199941982
0.532199941982
0.532199941982
0.5
0.532199941982
0.532194598461
0.532199941982
0.532199941982
0.532172330215
0.532199941982
0.532199941982
0.532199934429
0.518656687233
0.532199937047
0.532199938109
0.532199934931
0.532199941982
0.507169664648
0.532199941982
0.532199941982
0.532199941982
0.532199941982
0.532199941982
0.532185027671
0.532199941982
0.532199339378
0.532199941982
0.532199941982
0.53219994198
0.532199941982
0.532199941982
0.532199941982
0.532199941982
0.532199941961
0.532199941982
0.532199941982
0.5
0.532199941982
0.532199941982
0.532199940138
0.461237249817
0.461237185579
0.461237249817
0.461237249817
0.461237249817
0.461237249817
0.461237244253
0.461237249817
0.461237249817
0.461237249817
0.461237249817
0.461237249817
0.460826368224
0.455841176952
0.461237249817
0.461237249817
0.461237249817
0.461237249817
0.461237249817
0.459837461979
0.461237236506
0.461237249817
0.451609903364
0.461237249817
0.457095086538
0.461237249817
0.461237249817
0.461237249817
0.461237249817
0.440605136719
0.461237249817
0.461237249817
0.461237249817
0.461237249817
0.461237153255
0.461237249817
0.461237249817
0.461237249817
0.453808793221
0.461237249817
0.461237249817
0.461237249817
0.46120393912
0.461237249817
0.461237249817
0.461237249817
0.461237249817
0.461237249817
0.461237249817
0.461237249817
0.461237244793
0.461237249817
0.461237249817
0.461237249404
0.461237249817
0.461229119483
0.461237249817
0.4611988803
0.461237249817
0.46123641137
0.461237249817
0.461237249817
0.461237249817
0.460288792146
0.461237249817
0.983359054957
0.983359054957
0.983359054957
0.983359054957
0.983359054957
1.0
0.986141359144
0.983359054957
0.983359054957
0.983359054957
0.983362965446
0.983359054957
0.983359054957
0.983359054957
0.983359054957
1.0
0.983359054957
0.983359054957
0.983359054957
1.0
0.983359155098
0.983359054957
0.983359054957
0.983369790461
0.983359054957
0.983359054957
0.983359262644
0.999999431615
0.983359054957
0.983359054957
0.983359054957
0.983359054957
0.983359054957
0.983359054957
0.9999848983
0.992245914586
0.983359054957
0.983359054957
0.983359054957
0.983359054957
0.999999999997
0.999999790686
0.983359054957
0.983359054957
0.999986790779
0.983359054957
0.983359054957
0.983359054957
0.983359054957
0.983359054957
0.983360076361
0.999999999973
0.983361080017
0.983359054957
0.983359057169
0.983359063581
0.983359054957
0.983359054957
0.983649944735
0.983359054957
0.983359054957
0.994735037929
1.0
0.984667256618
0.524078683462
0.524078683462
0.524078683462
0.520777586925
0.524078683462
0.515544952099
0.524078683462
0.524078683462
0.524078683462
0.524078683462
0.524078683462
0.524078683462
0.524078683462
0.524078683462
0.524078683462
0.5
0.524078683462
0.524078683462
0.524078683462
0.524078683462
0.524078683462
0.524078683462
0.524078683462
0.524078683462
0.524078683462
0.523753862903
0.524078683462
0.524078683462
0.524078683462
0.524078682783
0.524078683462
0.524078683462
0.523939992596
0.524078683462
0.524077851592
0.524078683462
0.490213813136
0.524078683462
0.524078683462
0.524078683462
0.524078683462
0.524078683462
0.524078683462
0.524078683462
0.5218445473
0.524078683101
0.524078683462
0.493512627625
0.524078683462
0.524078683462
0.524078683462
0.524078683462
0.524078683462
0.524078683462
0.524078683462
0.524078683462
0.524078683462
0.524078683462
0.524078683462
0.524078138843
0.524078683462
0.524078683462
0.524078683462
0.524078683462
0.509656518611
0.509656518611
0.50965651856
0.50942100648
0.509656518607
0.509656518611
0.509656518611
0.509656518611
0.509656518611
0.509656518611
0.509656518611
0.509656518611
0.509656518611
0.509656518611
0.509656518611
0.509656518512
0.509656518611
0.509656518611
0.509656518611
0.509656518611
0.509656518611
0.509656518611
0.483173632944
0.509656518611
0.509656518611
0.509656518611
0.509656518611
0.509656518611
0.483729248566
0.509649153174
0.507714059904
0.509656518611
0.509656518611
0.509656518611
0.509656518611
0.5
0.509656518611
0.509656517105
0.509656518611
0.509642720488
0.509656518611
0.509656518611
0.509656518611
0.509656518611
0.509656518611
0.509656518611
0.509656506454
0.509656518611
0.509656518471
0.509535597371
0.509656518611
0.509656518611
0.509656518611
0.509656518611
0.509656518611
0.509656518611
0.509656518611
0.509656518611
0.490673480845
0.509495695382
0.509656197816
0.509656518611
0.509656518611
0.509656518611
0.5
0.5
0.5
0.5
0.5
0.5
0.5
0.486068478621
0.480388501832
0.5
0.5
0.5
0.5
0.5
0.5
0.5
0.5
0.5
0.5
0.5
0.5
0.5
0.5
0.5
0.5
0.5
0.5
0.5
0.5
0.5
0.5
0.5
0.5
0.5
0.5
0.5
0.5
0.5
0.5
0.5
0.494566827766
0.5
0.5
0.5
0.5
0.5
0.48789148239
0.5
0.5
0.5
0.5
0.5
0.5
0.5
0.5
0.5
0.5
0.5
0.5
0.5
0.5
0.5
0.5
0.5
0.5
0.5
0.5
0.509962092735
0.510694733136
0.510694733136
0.510694733136
0.510694733135
0.510694733136
0.510694733136
0.510694733136
0.510694733136
0.510694733136
0.510694733136
0.510694733136
0.510694733136
0.510694733136
0.510694733136
0.510694733136
0.510694733136
0.510694732238
0.510694733136
0.510694733136
0.5
0.50787042993
0.510694733136
0.510694733136
0.510694733136
0.510694733136
0.510694733136
0.510694733136
0.510694733136
0.510694733136
0.510694733136
0.510694733136
0.510694733136
0.510694733136
0.510694733136
0.510694733136
0.510694733136
0.510694733136
0.510694733136
0.510694733136
0.510694733136
0.510694733136
0.510694732839
0.510694733136
0.510694733136
0.510694733136
0.507759702432
0.510694733136
0.510694733136
0.510694733136
0.510694733136
0.510694733136
0.510694733136
0.510694733136
0.510694733136
0.5
0.510694733136
0.510694708414
0.509093835607
0.510694733136
0.510694733136
0.507879360893
