1.278199868881967766e-02
4.024737208144434919e-01
4.024737208144434919e-01
4.024737208144434919e-01
4.024737208144434919e-01
1.278199868881967766e-02
1.278199868881967766e-02
4.024737208144434919e-01
4.024737208144434919e-01
4.024737208144434919e-01
4.024737208144434919e-01
4.024737208144434919e-01
1.278199868881967766e-02
4.024737208144434919e-01
4.024737208144434919e-01
1.278199868881967766e-02
4.024737208144434919e-01
4.024737208144434919e-01
4.024737208144434919e-01
4.024737208144434919e-01
1.278199868881967766e-02
1.278199868881967766e-02
1.278199868881967766e-02
4.024737208144434919e-01
4.024737208144434919e-01
4.024737208144434919e-01
4.024737208144434919e-01
4.024737208144434919e-01
1.278199868881967766e-02
4.024737208144434919e-01
1.278199868881967766e-02
4.024737208144434919e-01
1.278199868881967766e-02
1.278199868881967766e-02
1.278199868881967766e-02
1.278199868881967766e-02
4.024737208144434919e-01
4.024737208144434919e-01
1.278199868881967766e-02
