1.192461726770852742e-02
4.009377207727722325e-01
1.130313954430479662e-01
1.192461726770852742e-02
1.192461726770852742e-02
4.009377207727722325e-01
4.009377207727722325e-01
1.192461726770852742e-02
1.192461726770852742e-02
4.009377207727722325e-01
4.009377207727722325e-01
4.009377207727722325e-01
4.009377207727722325e-01
1.192461726770852742e-02
4.009377207727722325e-01
4.009377207727722325e-01
4.009377207727722325e-01
4.009377207727722325e-01
4.009377207727722325e-01
4.009377207727722325e-01
4.009377207727722325e-01
4.009377207727722325e-01
4.009377207727722325e-01
4.009377207727722325e-01
4.009377207727722325e-01
4.009377207727722325e-01
4.009377207727722325e-01
4.009377207727722325e-01
1.192461726770852742e-02
1.192461726770852742e-02
4.009377207727722325e-01
4.009377207727722325e-01
4.009377207727722325e-01
7.802529412927049213e-02
4.009377207727722325e-01
1.192461726770852742e-02
1.192461726770852742e-02
1.192461726770852742e-02
1.192461726770852742e-02
1.192461726770852742e-02
