1.278199868881967766e-02
1.278199868881967766e-02
3.120963307754178184e-01
1.278199868881967766e-02
1.278199868881967766e-02
4.024737208144434919e-01
1.278199868881967766e-02
4.024737208144434919e-01
1.278199868881967766e-02
1.278199868881967766e-02
1.278199868881967766e-02
1.278199868881967766e-02
4.024737208144434919e-01
1.278199868881967766e-02
4.024737208144434919e-01
4.024737208144434919e-01
1.278199868881967766e-02
1.278199868881967766e-02
4.024737208144434919e-01
4.024737208144434919e-01
1.278199868881967766e-02
1.278199868881967766e-02
4.024737208144434919e-01
4.024737208144434919e-01
1.278199868881967766e-02
4.024737208144434919e-01
3.120963307754178184e-01
3.120963307754178184e-01
1.278199868881967766e-02
1.278199868881967766e-02
4.024737208144434919e-01
1.278199868881967766e-02
1.278199868881967766e-02
3.120963293565249819e-01
1.278199868881967766e-02
1.278199868881967766e-02
1.278199868881967766e-02
1.278199868881967766e-02
4.024737208144434919e-01
