4.009377211177886369e-01
1.192461726757720192e-02
3.093587481853106724e-01
4.009377211177886369e-01
1.192461726757720192e-02
4.009377211177886369e-01
1.192461726757720192e-02
4.009377211177886369e-01
4.009377211177886369e-01
1.192461726757720192e-02
4.009377211177886369e-01
1.192461726757720192e-02
1.192461726757720192e-02
4.009377211177886369e-01
4.009377211177886369e-01
1.771282773165692992e-02
4.009377211177886369e-01
4.009377211177886369e-01
4.009377211177886369e-01
4.009377211177886369e-01
1.192461726757720192e-02
4.009377211177886369e-01
4.009377211177886369e-01
4.009377211177886369e-01
4.009377211177886369e-01
4.009377211177886369e-01
4.009377211177886369e-01
4.009377211177886369e-01
4.009377211177886369e-01
1.192461726757720192e-02
4.009377211177886369e-01
4.009377211177886369e-01
1.192461726757720192e-02
4.009377211177886369e-01
1.192461726757720192e-02
4.009377211177886369e-01
1.192461726757720192e-02
1.192461726757720192e-02
4.009377211177886369e-01
1.192461726757720192e-02
