4.024625171399202617e-01
4.024625171399202617e-01
1.277553375613854104e-02
4.024625171399202617e-01
2.773494862494173610e-02
4.024625171399202617e-01
1.277553375613854104e-02
4.024625171399202617e-01
4.024625171399202617e-01
1.277553375613854104e-02
4.024625171399202617e-01
1.277553375613854104e-02
4.024625171399202617e-01
1.277553375613854104e-02
4.024625171399202617e-01
4.024625171399202617e-01
4.063195530236674707e-02
4.024625171399202617e-01
1.277553375613854104e-02
1.277553375613854104e-02
1.277553375613854104e-02
4.024625171399202617e-01
4.024625171399202617e-01
1.277553375613854104e-02
4.024625171399202617e-01
4.024625171399202617e-01
4.024625171399202617e-01
4.024625171399202617e-01
4.024625171399202617e-01
1.885114608716785545e-02
1.277553375613854104e-02
4.024625171399202617e-01
4.024625171399202617e-01
4.024625171399202617e-01
4.024625171399202617e-01
4.024625171399202617e-01
4.024625171399202617e-01
4.024625171399202617e-01
4.024625171399202617e-01
