4.843938303728980571e-02
4.843938303728980571e-02
4.843938303728980571e-02
4.327332410234344118e-01
4.327332410234344118e-01
4.327332410234344118e-01
4.327332410234344118e-01
4.843938303728980571e-02
4.327332410234344118e-01
4.327332410234344118e-01
4.843938303728980571e-02
4.843938303728980571e-02
4.843938303728980571e-02
4.327332410234344118e-01
4.327332410234344118e-01
4.843938303728980571e-02
4.327332410234344118e-01
4.327332410234344118e-01
4.843938303728980571e-02
4.843938303728980571e-02
3.678581526831691817e-01
4.327332410234344118e-01
4.843938303728980571e-02
4.843938303728980571e-02
4.843938303728980571e-02
4.327332410234344118e-01
4.843938303728980571e-02
4.327332410234344118e-01
4.843938303728980571e-02
4.327332410234344118e-01
4.843938303728980571e-02
4.843938303728980571e-02
4.843938303728980571e-02
4.843938303728980571e-02
4.327332410234344118e-01
4.843938303728980571e-02
4.327332410234344118e-01
4.843938303728980571e-02
4.843938303728980571e-02
