4.843938303728980571e-02
6.255675406404759276e-02
4.327332410234344118e-01
4.327332410234344118e-01
4.843938303728980571e-02
4.843938303728980571e-02
4.327332410234344118e-01
4.843938303728980571e-02
4.843938303728980571e-02
4.843938303728980571e-02
1.028763788336219259e-01
4.327332410234344118e-01
4.327332410234344118e-01
4.843938303728980571e-02
4.843938303728980571e-02
4.843938303728980571e-02
4.327332410234344118e-01
4.327332410234344118e-01
4.327332410234344118e-01
4.843938303728980571e-02
4.327332410234344118e-01
4.327332410234344118e-01
4.843938303728980571e-02
4.327332410234344118e-01
4.843938303728980571e-02
4.327332410234344118e-01
4.327332410234344118e-01
4.843938303728980571e-02
4.327332410234344118e-01
4.843938303728980571e-02
4.843938303728980571e-02
4.327332410234344118e-01
4.327332410234344118e-01
4.327332410234344118e-01
4.843938303728980571e-02
4.327332410234344118e-01
4.327332410234344118e-01
4.327332410234344118e-01
4.327332410234344118e-01
4.327332410234344118e-01
