1.278199868881967766e-02
1.278199868881967766e-02
4.024737208144434919e-01
4.024737208144434919e-01
1.278199868881967766e-02
1.278199868881967766e-02
4.024737208144434919e-01
4.024737208144434919e-01
1.278199868881967766e-02
4.024737208144434919e-01
4.024737208144434919e-01
4.024737208144434919e-01
4.024737208144434919e-01
4.024737208144434919e-01
4.024737208144434919e-01
4.024737208144434919e-01
4.024737208144434919e-01
4.024737208144434919e-01
1.278199868881967766e-02
3.120963307754178184e-01
4.024737208144434919e-01
4.024737208144434919e-01
1.278199868881967766e-02
1.278199868881967766e-02
4.024737208144434919e-01
4.024737208144434919e-01
4.024737208144434919e-01
1.278199868881967766e-02
4.024737208144434919e-01
4.024737208144434919e-01
1.278199868881967766e-02
4.024737208144434919e-01
1.278199868881967766e-02
1.278199868881967766e-02
1.278199868881967766e-02
1.278199868881967766e-02
4.024737208144434919e-01
4.024737208144434919e-01
1.278199868881967766e-02
4.024737208144434919e-01
1.278199868881967766e-02
4.024737208144434919e-01
4.024737208144434919e-01
4.024737208144434919e-01
1.278199868881967766e-02
4.024737208144434919e-01
4.024737208144434919e-01
4.024737208144434919e-01
4.024737208144434919e-01
1.278199868881967766e-02
1.278199868881967766e-02
1.278199868881967766e-02
4.024737208144434919e-01
4.024737208144434919e-01
4.024737208144434919e-01
2.340637585768949314e-01
1.278199868881967766e-02
1.278636506342411758e-02
4.024737208144434919e-01
4.024737208144434919e-01
4.024737208144434919e-01
4.024737208144434919e-01
4.024737208144434919e-01
4.024737208144434919e-01
4.024737208144434919e-01
1.278199868881967766e-02
1.278199868881967766e-02
4.024737208144434919e-01
1.278199868881967766e-02
4.024737208144434919e-01
4.024737208144434919e-01
4.024737208144434919e-01
4.024737208144434919e-01
4.024737208144434919e-01
4.024737208144434919e-01
4.024737208144434919e-01
4.024737208144434919e-01
1.278199868881967766e-02
1.278199868881967766e-02
4.024737208144434919e-01
4.024737208144434919e-01
4.024737208144434919e-01
4.024737208144434919e-01
1.278199868881967766e-02
1.278199868881967766e-02
4.024737208144434919e-01
4.024737208144434919e-01
4.024737208144434919e-01
4.024737208144434919e-01
4.024737208144434919e-01
1.278199868881967766e-02
4.024737208144434919e-01
4.024737208144434919e-01
1.278199868881967766e-02
4.024737208144434919e-01
4.024737208144434919e-01
4.024737208144434919e-01
4.024737208144434919e-01
1.278199868881967766e-02
1.278199868881967766e-02
1.278199868881967766e-02
4.024737208144434919e-01
4.024737208144434919e-01
4.024737208144434919e-01
4.024737208144434919e-01
4.024737208144434919e-01
1.278199868881967766e-02
4.024737208144434919e-01
1.278199868881967766e-02
4.024737208144434919e-01
1.278199868881967766e-02
1.278199868881967766e-02
1.278199868881967766e-02
1.278199868881967766e-02
4.024737208144434919e-01
4.024737208144434919e-01
1.278199868881967766e-02
1.192461726770852742e-02
4.009377207727722325e-01
1.130313954430479662e-01
1.192461726770852742e-02
1.192461726770852742e-02
4.009377207727722325e-01
4.009377207727722325e-01
1.192461726770852742e-02
1.192461726770852742e-02
4.009377207727722325e-01
4.009377207727722325e-01
4.009377207727722325e-01
4.009377207727722325e-01
1.192461726770852742e-02
4.009377207727722325e-01
4.009377207727722325e-01
4.009377207727722325e-01
4.009377207727722325e-01
4.009377207727722325e-01
4.009377207727722325e-01
4.009377207727722325e-01
4.009377207727722325e-01
4.009377207727722325e-01
4.009377207727722325e-01
4.009377207727722325e-01
4.009377207727722325e-01
4.009377207727722325e-01
4.009377207727722325e-01
1.192461726770852742e-02
1.192461726770852742e-02
4.009377207727722325e-01
4.009377207727722325e-01
4.009377207727722325e-01
7.802529412927049213e-02
4.009377207727722325e-01
1.192461726770852742e-02
1.192461726770852742e-02
1.192461726770852742e-02
1.192461726770852742e-02
1.192461726770852742e-02
1.278199868881967766e-02
1.278199868881967766e-02
3.120963307754178184e-01
1.278199868881967766e-02
1.278199868881967766e-02
4.024737208144434919e-01
1.278199868881967766e-02
4.024737208144434919e-01
1.278199868881967766e-02
1.278199868881967766e-02
1.278199868881967766e-02
1.278199868881967766e-02
4.024737208144434919e-01
1.278199868881967766e-02
4.024737208144434919e-01
4.024737208144434919e-01
1.278199868881967766e-02
1.278199868881967766e-02
4.024737208144434919e-01
4.024737208144434919e-01
1.278199868881967766e-02
1.278199868881967766e-02
4.024737208144434919e-01
4.024737208144434919e-01
1.278199868881967766e-02
4.024737208144434919e-01
3.120963307754178184e-01
3.120963307754178184e-01
1.278199868881967766e-02
1.278199868881967766e-02
4.024737208144434919e-01
1.278199868881967766e-02
1.278199868881967766e-02
3.120963293565249819e-01
1.278199868881967766e-02
1.278199868881967766e-02
1.278199868881967766e-02
1.278199868881967766e-02
4.024737208144434919e-01
1.278199868881967766e-02
4.024737208144434919e-01
1.278199868881967766e-02
4.024737208144434919e-01
1.278199868881967766e-02
1.278199868881967766e-02
1.707000710640727559e-01
1.278199868881967766e-02
4.024737208144434919e-01
4.024737208144434919e-01
4.024737208144434919e-01
4.024737208144434919e-01
4.024737208144434919e-01
4.024737208144434919e-01
4.024737208144434919e-01
1.278199868881967766e-02
4.024737208144434919e-01
4.024737208144434919e-01
4.024737208144434919e-01
4.024737208144434919e-01
4.024737208144434919e-01
4.024737208144434919e-01
1.278199868881967766e-02
4.024737208144434919e-01
4.024737208144434919e-01
4.024737208144434919e-01
1.885976471107775679e-02
4.024737208144434919e-01
4.024737208144434919e-01
4.024737208144434919e-01
1.278199868881967766e-02
1.278199868881967766e-02
4.024737208144434919e-01
1.278199868881967766e-02
4.024737208144434919e-01
4.024737208144434919e-01
4.024737208144434919e-01
1.885976471107940478e-02
1.278199868881967766e-02
4.009377211177886369e-01
1.192461726757720192e-02
3.093587481853106724e-01
4.009377211177886369e-01
1.192461726757720192e-02
4.009377211177886369e-01
1.192461726757720192e-02
4.009377211177886369e-01
4.009377211177886369e-01
1.192461726757720192e-02
4.009377211177886369e-01
1.192461726757720192e-02
1.192461726757720192e-02
4.009377211177886369e-01
4.009377211177886369e-01
1.771282773165692992e-02
4.009377211177886369e-01
4.009377211177886369e-01
4.009377211177886369e-01
4.009377211177886369e-01
1.192461726757720192e-02
4.009377211177886369e-01
4.009377211177886369e-01
4.009377211177886369e-01
4.009377211177886369e-01
4.009377211177886369e-01
4.009377211177886369e-01
4.009377211177886369e-01
4.009377211177886369e-01
1.192461726757720192e-02
4.009377211177886369e-01
4.009377211177886369e-01
1.192461726757720192e-02
4.009377211177886369e-01
1.192461726757720192e-02
4.009377211177886369e-01
1.192461726757720192e-02
1.192461726757720192e-02
4.009377211177886369e-01
1.192461726757720192e-02
4.024625171399202617e-01
4.024625171399202617e-01
1.277553375613854104e-02
4.024625171399202617e-01
2.773494862494173610e-02
4.024625171399202617e-01
1.277553375613854104e-02
4.024625171399202617e-01
4.024625171399202617e-01
1.277553375613854104e-02
4.024625171399202617e-01
1.277553375613854104e-02
4.024625171399202617e-01
1.277553375613854104e-02
4.024625171399202617e-01
4.024625171399202617e-01
4.063195530236674707e-02
4.024625171399202617e-01
1.277553375613854104e-02
1.277553375613854104e-02
1.277553375613854104e-02
4.024625171399202617e-01
4.024625171399202617e-01
1.277553375613854104e-02
4.024625171399202617e-01
4.024625171399202617e-01
4.024625171399202617e-01
4.024625171399202617e-01
4.024625171399202617e-01
1.885114608716785545e-02
1.277553375613854104e-02
4.024625171399202617e-01
4.024625171399202617e-01
4.024625171399202617e-01
4.024625171399202617e-01
4.024625171399202617e-01
4.024625171399202617e-01
4.024625171399202617e-01
4.024625171399202617e-01
4.843938303728980571e-02
4.843938303728980571e-02
4.843938303728980571e-02
4.327332410234344118e-01
4.327332410234344118e-01
4.327332410234344118e-01
4.327332410234344118e-01
4.843938303728980571e-02
4.327332410234344118e-01
4.327332410234344118e-01
4.843938303728980571e-02
4.843938303728980571e-02
4.843938303728980571e-02
4.327332410234344118e-01
4.327332410234344118e-01
4.843938303728980571e-02
4.327332410234344118e-01
4.327332410234344118e-01
4.843938303728980571e-02
4.843938303728980571e-02
3.678581526831691817e-01
4.327332410234344118e-01
4.843938303728980571e-02
4.843938303728980571e-02
4.843938303728980571e-02
4.327332410234344118e-01
4.843938303728980571e-02
4.327332410234344118e-01
4.843938303728980571e-02
4.327332410234344118e-01
4.843938303728980571e-02
4.843938303728980571e-02
4.843938303728980571e-02
4.843938303728980571e-02
4.327332410234344118e-01
4.843938303728980571e-02
4.327332410234344118e-01
4.843938303728980571e-02
4.843938303728980571e-02
4.843938303728980571e-02
6.255675406404759276e-02
4.327332410234344118e-01
4.327332410234344118e-01
4.843938303728980571e-02
4.843938303728980571e-02
4.327332410234344118e-01
4.843938303728980571e-02
4.843938303728980571e-02
4.843938303728980571e-02
1.028763788336219259e-01
4.327332410234344118e-01
4.327332410234344118e-01
4.843938303728980571e-02
4.843938303728980571e-02
4.843938303728980571e-02
4.327332410234344118e-01
4.327332410234344118e-01
4.327332410234344118e-01
4.843938303728980571e-02
4.327332410234344118e-01
4.327332410234344118e-01
4.843938303728980571e-02
4.327332410234344118e-01
4.843938303728980571e-02
4.327332410234344118e-01
4.327332410234344118e-01
4.843938303728980571e-02
4.327332410234344118e-01
4.843938303728980571e-02
4.843938303728980571e-02
4.327332410234344118e-01
4.327332410234344118e-01
4.327332410234344118e-01
4.843938303728980571e-02
4.327332410234344118e-01
4.327332410234344118e-01
4.327332410234344118e-01
4.327332410234344118e-01
4.327332410234344118e-01
