6.663601819907266700e-28
6.663603911802184323e-28
3.752369396859665113e-02
1.260499085680639057e-27
6.664094538277582145e-28
1.274239840685039464e-27
9.461722865096475638e-28
1.000000000000000000e+00
1.150526800099783816e-27
1.000000000000000000e+00
2.506712771985517962e-03
1.000000000000000000e+00
1.059982503889262398e-27
5.920286676055441961e-28
6.728036984375681843e-28
9.666600731468297275e-28
1.108706151446435394e-27
1.214397539095280979e-27
6.073696325916918903e-27
7.145563460065761641e-28
6.984481551922352602e-28
6.680055506922525574e-28
6.671626925267047767e-28
1.272699788600477423e-27
8.584375845033765204e-28
6.841032393279986657e-28
7.612150445038867708e-24
1.016025545565433411e-27
3.337618384779657463e-27
6.677507515703384433e-28
1.272715789230513567e-27
7.009515140016057371e-28
6.668925332780317339e-28
6.402558571084657539e-27
7.240875975652510284e-28
6.907267618828342974e-28
6.663576004375051304e-28
6.664721805179850581e-28
6.663797481259370194e-28
