9.269741655494473754e-31
5.661732402452917448e-31
1.000000000000000000e+00
4.777296808745703940e-31
2.847288036998506406e-31
3.775688702262532019e-31
1.000000000000000000e+00
3.694187732898341091e-31
5.308721313177142439e-31
5.313577723093798180e-31
2.778455040714959226e-31
3.769370648467165039e-06
2.778336892674678690e-31
2.778435643274263851e-31
3.140835576384446583e-31
1.125609018440430900e-30
2.514311220859202500e-31
2.745848062649881345e-31
1.424727994645073348e-20
3.730133988526988929e-31
2.814202538599528813e-31
2.772918670748115433e-31
2.776457071467905864e-31
2.778343310807204803e-31
1.431963470109365137e-03
5.215654608498726403e-31
2.993450567635715342e-31
2.778358146749128261e-31
1.000000000000000000e+00
4.780460778606042915e-31
1.188598135291754882e-30
3.357717982652483990e-30
3.090521190534505189e-31
3.604051936226813968e-31
1.000000000000000000e+00
1.000000000000000000e+00
5.294975348437283430e-31
1.000000000000000000e+00
2.779095306130182524e-31
