1.061487787863701595e-27
1.000000000000000000e+00
1.330939013669938123e-27
1.226117305698126016e-27
1.323879118847498663e-27
1.500704391311549011e-27
8.027852232763419955e-28
1.000000000000000000e+00
7.644703500783748267e-28
4.383136094739882340e-26
1.505024288631679800e-27
1.462749595539433651e-27
1.501493287273661128e-27
9.308105994531378958e-28
9.562192908396816016e-01
8.088389899340309621e-28
9.082739005899334992e-28
2.876643184536540386e-06
1.221859368675590620e-27
1.000000000000000000e+00
1.501490437373153400e-27
8.074564574234045700e-28
1.501270576497862692e-27
1.197525732065905878e-27
1.656537954058163695e-27
1.512689738445186814e-27
1.583544874465849876e-27
2.573429232475449716e-27
1.501483449032687976e-27
1.000000000000000000e+00
8.233263520546763024e-28
1.000000000000000000e+00
1.489902028436059776e-27
8.072772437993892913e-28
8.092823977764598121e-28
8.648989038804933942e-28
1.473171472335341694e-27
8.067982544477402793e-28
1.501437980268081724e-27
