2.257857998277938008e-28
4.546831211001249769e-03
2.996262942438495258e-28
2.971843504414614722e-28
2.972233858513826329e-28
3.003876636387802719e-28
3.965544301512193004e-02
2.935184405637507667e-28
3.935640526394858729e-28
2.990176183521511455e-28
1.000000000000000000e+00
1.000000000000000000e+00
2.710342100008279048e-02
2.971479043774870471e-28
1.000000000000000000e+00
1.000000000000000000e+00
5.548112582550341333e-28
2.974991257535442955e-28
2.920517693743368321e-28
4.518551549487818689e-28
4.744628416768704536e-28
4.098786884092061757e-28
5.578771764219606353e-28
3.834137538470734286e-28
4.786791438167162260e-28
4.881691240507469864e-28
3.061669845650608878e-28
1.000000000000000000e+00
2.970659295384977899e-28
5.623958046137964654e-28
1.000000000000000000e+00
2.971944185969036407e-28
1.672290317616881444e-24
2.971779471529298670e-28
1.000000000000000000e+00
2.971868011752643319e-28
2.993525955147329685e-28
2.971021536029181226e-28
3.849818216029422362e-28
1.718712373876873235e-28
