6.906852158955691998e-32
8.088234670460293124e-32
3.672703159176218895e-31
5.686446096619764014e-31
8.134515571538467089e-32
1.000000000000000000e+00
9.326407947550203390e-32
2.423429702635342118e-31
7.946908360560146833e-32
2.465179681388251753e-31
1.797761442337087203e-31
7.931881580790776520e-32
9.922533983933807818e-28
1.044042786401322767e-02
3.718910493173809168e-31
1.259637119573194047e-31
1.410145656744927838e-31
1.074238272502603390e-31
1.000000000000000000e+00
1.000000000000000000e+00
2.691393598292194923e-31
7.940675463701345493e-32
1.000000000000000000e+00
2.691420296796405853e-31
7.946590736255784526e-32
1.000000000000000000e+00
2.691393294497640925e-31
1.267322436639259917e-31
2.691446446627556036e-31
7.943878667132084894e-32
8.309108109871087526e-32
7.945204235159102687e-32
7.952750458822575281e-32
1.018288250072084570e-31
7.946568039720322698e-32
5.693960718325593844e-31
1.398070502769065041e-31
1.596787070635380875e-31
3.334949951653076752e-31
