1.000000000000000000e+00
3.116770528665411229e-32
2.196772511708751213e-32
1.000000000000000000e+00
1.283116800713387436e-32
2.241973314403484098e-32
2.154285009425650068e-32
1.194595367530539076e-32
3.881495648200246910e-32
1.000000000000000000e+00
4.990950626956199758e-32
4.660111500190927507e-03
2.241703441245136142e-32
1.000000000000000000e+00
7.630347062766839918e-32
1.641496934787452636e-32
3.986429302051089602e-32
3.786501167117402356e-32
1.000000000000000000e+00
2.172355612068248671e-32
8.927676716233092335e-32
9.834164331514096968e-01
2.214635262545274268e-32
2.791582954700374229e-03
3.963367157359197567e-32
8.294943211718682929e-32
1.322748668262513760e-32
1.847218196394219234e-32
2.178566790928008445e-32
2.231150638426507998e-32
2.196639834593384221e-32
1.241591422895529589e-32
2.206226686080364583e-32
2.214529746221535874e-32
8.682020824038049039e-30
4.121478827388287509e-32
5.558081939355344880e-32
2.207705657868575727e-32
2.218221407759365283e-32
