1.767955733682125385e-32
3.305930651152570622e-32
6.979376835334169275e-32
1.000000000000000000e+00
3.366763313881521841e-32
3.343773573641894707e-32
6.981146936627590042e-32
1.000000000000000000e+00
8.710648861148877709e-32
1.654411862035793729e-32
5.389876847670387401e-32
3.437845834148124722e-32
1.636401132725364884e-31
1.636274932892514913e-31
6.803250957310056304e-32
4.193473486499900366e-32
1.351381454276342007e-31
7.088662482298242474e-32
6.984229245388265385e-32
5.999039817051841878e-32
7.812652901548245584e-32
1.000000000000000000e+00
1.000000000000000000e+00
7.479344044310563321e-32
6.375819201921160777e-32
6.915408404751234075e-32
6.977582930144817242e-32
1.000000000000000000e+00
1.000000000000000000e+00
3.525748657758029648e-32
3.408386181141964103e-32
6.825687600630239769e-32
1.000000000000000000e+00
1.000000000000000000e+00
6.868328677841188622e-32
1.000000000000000000e+00
7.058422023492207662e-32
2.972362801125591401e-32
6.585979108755658201e-32
6.837257774585273249e-32
