9.952365882372669807e-31
9.899607099897737017e-01
1.914803515091217547e-31
1.000000000000000000e+00
1.252617271573624717e-31
1.893277805029893955e-31
1.243491536107739455e-31
5.484983049462003102e-31
3.552962820608729290e-31
2.370679918714941745e-31
5.371147982211892068e-31
6.663509580524112704e-32
1.897681543537972989e-30
7.092851431008995553e-32
4.591807342368649971e-31
4.832167056754575869e-31
6.637063783005903692e-32
5.261529227977739271e-31
2.410858058656167234e-31
1.245637838722002228e-31
1.481682233140702921e-12
9.999988256213638849e-01
1.000000000000000000e+00
8.706043204621893487e-32
1.267052091674838162e-31
2.344778333737206924e-31
3.345418219708891690e-31
1.183750602908160897e-31
2.297835174874254099e-31
1.704035776633944703e-30
2.142287887754170614e-31
1.632281463635423037e-31
1.000000000000000000e+00
2.380695399117156750e-31
1.000000000000000000e+00
1.716386288938558642e-31
1.000000000000000000e+00
1.000000000000000000e+00
2.790863031151330225e-31
