8.268321297522831837e-17
9.670654689529994567e-17
1.090526286931925111e-16
9.999999999999920064e-01
6.000880581172190974e-06
1.000000000000000000e+00
6.101945667758483710e-17
5.273012739508732746e-17
5.410792667165620866e-17
3.787152794211133813e-09
5.273311191633480422e-17
5.272984824108947207e-17
5.273095994781117689e-17
9.999992308785734529e-01
5.707440594644471285e-17
7.161170793270107286e-17
5.273114346506742192e-17
1.047541901796178829e-16
5.272985295087534646e-17
5.272984966415576764e-17
7.081357849038222262e-17
5.276147430934033892e-17
5.273011783265737387e-17
5.331606705275306859e-17
6.165486206826628793e-17
5.622281902152116801e-17
5.272996733333349420e-17
5.421579474636933847e-17
5.302031410224613609e-17
5.385287994601587703e-17
5.272985018006327466e-17
5.274157315176337121e-17
9.850862178693342872e-17
5.302450327396802447e-17
5.390175593611048571e-17
5.273023426673683723e-17
6.087586724877346006e-08
5.275909242533878014e-17
9.365178710504700284e-17
