5.294597774156929382e-17
5.273071280695885935e-17
5.309042829510829562e-17
5.286737292660393654e-17
5.406361977610684032e-17
9.800609808729722036e-17
9.999999999999908962e-01
4.457531306092568250e-16
5.273186917958740553e-17
5.272984800978774477e-17
5.930476525323155639e-11
5.275605110190689145e-17
3.456664386953207517e-16
5.275346271362392713e-17
5.272985016378694180e-17
5.273007227859292565e-17
7.558630945235759657e-17
5.465378676202931940e-17
6.227423842915876994e-17
5.273513303110765742e-17
4.099034350336732096e-14
5.484628140129523646e-17
5.273033394917382371e-17
5.423085637980337211e-17
9.596439269945972866e-17
5.715346993476661985e-17
1.000000000000000000e+00
5.272984800978774477e-17
5.274113268316244662e-17
9.851820032070574355e-17
5.275233820111769273e-17
5.514976474358738718e-17
1.022999719522427808e-16
5.329508323896904837e-17
5.274101266788909804e-17
5.451471727073976922e-17
9.999999495288577345e-01
1.398550909695613188e-16
6.932361889384623665e-02
9.999953788599257321e-01
