6.663601819907266700e-28
6.663603911802184323e-28
3.752369396859665113e-02
1.260499085680639057e-27
6.664094538277582145e-28
1.274239840685039464e-27
9.461722865096475638e-28
1.000000000000000000e+00
1.150526800099783816e-27
1.000000000000000000e+00
2.506712771985517962e-03
1.000000000000000000e+00
1.059982503889262398e-27
5.920286676055441961e-28
6.728036984375681843e-28
9.666600731468297275e-28
1.108706151446435394e-27
1.214397539095280979e-27
6.073696325916918903e-27
7.145563460065761641e-28
6.984481551922352602e-28
6.680055506922525574e-28
6.671626925267047767e-28
1.272699788600477423e-27
8.584375845033765204e-28
6.841032393279986657e-28
7.612150445038867708e-24
1.016025545565433411e-27
3.337618384779657463e-27
6.677507515703384433e-28
1.272715789230513567e-27
7.009515140016057371e-28
6.668925332780317339e-28
6.402558571084657539e-27
7.240875975652510284e-28
6.907267618828342974e-28
6.663576004375051304e-28
6.664721805179850581e-28
6.663797481259370194e-28
9.269741655494473754e-31
5.661732402452917448e-31
1.000000000000000000e+00
4.777296808745703940e-31
2.847288036998506406e-31
3.775688702262532019e-31
1.000000000000000000e+00
3.694187732898341091e-31
5.308721313177142439e-31
5.313577723093798180e-31
2.778455040714959226e-31
3.769370648467165039e-06
2.778336892674678690e-31
2.778435643274263851e-31
3.140835576384446583e-31
1.125609018440430900e-30
2.514311220859202500e-31
2.745848062649881345e-31
1.424727994645073348e-20
3.730133988526988929e-31
2.814202538599528813e-31
2.772918670748115433e-31
2.776457071467905864e-31
2.778343310807204803e-31
1.431963470109365137e-03
5.215654608498726403e-31
2.993450567635715342e-31
2.778358146749128261e-31
1.000000000000000000e+00
4.780460778606042915e-31
1.188598135291754882e-30
3.357717982652483990e-30
3.090521190534505189e-31
3.604051936226813968e-31
1.000000000000000000e+00
1.000000000000000000e+00
5.294975348437283430e-31
1.000000000000000000e+00
2.779095306130182524e-31
1.061487787863701595e-27
1.000000000000000000e+00
1.330939013669938123e-27
1.226117305698126016e-27
1.323879118847498663e-27
1.500704391311549011e-27
8.027852232763419955e-28
1.000000000000000000e+00
7.644703500783748267e-28
4.383136094739882340e-26
1.505024288631679800e-27
1.462749595539433651e-27
1.501493287273661128e-27
9.308105994531378958e-28
9.562192908396816016e-01
8.088389899340309621e-28
9.082739005899334992e-28
2.876643184536540386e-06
1.221859368675590620e-27
1.000000000000000000e+00
1.501490437373153400e-27
8.074564574234045700e-28
1.501270576497862692e-27
1.197525732065905878e-27
1.656537954058163695e-27
1.512689738445186814e-27
1.583544874465849876e-27
2.573429232475449716e-27
1.501483449032687976e-27
1.000000000000000000e+00
8.233263520546763024e-28
1.000000000000000000e+00
1.489902028436059776e-27
8.072772437993892913e-28
8.092823977764598121e-28
8.648989038804933942e-28
1.473171472335341694e-27
8.067982544477402793e-28
1.501437980268081724e-27
2.257857998277938008e-28
4.546831211001249769e-03
2.996262942438495258e-28
2.971843504414614722e-28
2.972233858513826329e-28
3.003876636387802719e-28
3.965544301512193004e-02
2.935184405637507667e-28
3.935640526394858729e-28
2.990176183521511455e-28
1.000000000000000000e+00
1.000000000000000000e+00
2.710342100008279048e-02
2.971479043774870471e-28
1.000000000000000000e+00
1.000000000000000000e+00
5.548112582550341333e-28
2.974991257535442955e-28
2.920517693743368321e-28
4.518551549487818689e-28
4.744628416768704536e-28
4.098786884092061757e-28
5.578771764219606353e-28
3.834137538470734286e-28
4.786791438167162260e-28
4.881691240507469864e-28
3.061669845650608878e-28
1.000000000000000000e+00
2.970659295384977899e-28
5.623958046137964654e-28
1.000000000000000000e+00
2.971944185969036407e-28
1.672290317616881444e-24
2.971779471529298670e-28
1.000000000000000000e+00
2.971868011752643319e-28
2.993525955147329685e-28
2.971021536029181226e-28
3.849818216029422362e-28
1.718712373876873235e-28
6.906852158955691998e-32
8.088234670460293124e-32
3.672703159176218895e-31
5.686446096619764014e-31
8.134515571538467089e-32
1.000000000000000000e+00
9.326407947550203390e-32
2.423429702635342118e-31
7.946908360560146833e-32
2.465179681388251753e-31
1.797761442337087203e-31
7.931881580790776520e-32
9.922533983933807818e-28
1.044042786401322767e-02
3.718910493173809168e-31
1.259637119573194047e-31
1.410145656744927838e-31
1.074238272502603390e-31
1.000000000000000000e+00
1.000000000000000000e+00
2.691393598292194923e-31
7.940675463701345493e-32
1.000000000000000000e+00
2.691420296796405853e-31
7.946590736255784526e-32
1.000000000000000000e+00
2.691393294497640925e-31
1.267322436639259917e-31
2.691446446627556036e-31
7.943878667132084894e-32
8.309108109871087526e-32
7.945204235159102687e-32
7.952750458822575281e-32
1.018288250072084570e-31
7.946568039720322698e-32
5.693960718325593844e-31
1.398070502769065041e-31
1.596787070635380875e-31
3.334949951653076752e-31
1.000000000000000000e+00
3.116770528665411229e-32
2.196772511708751213e-32
1.000000000000000000e+00
1.283116800713387436e-32
2.241973314403484098e-32
2.154285009425650068e-32
1.194595367530539076e-32
3.881495648200246910e-32
1.000000000000000000e+00
4.990950626956199758e-32
4.660111500190927507e-03
2.241703441245136142e-32
1.000000000000000000e+00
7.630347062766839918e-32
1.641496934787452636e-32
3.986429302051089602e-32
3.786501167117402356e-32
1.000000000000000000e+00
2.172355612068248671e-32
8.927676716233092335e-32
9.834164331514096968e-01
2.214635262545274268e-32
2.791582954700374229e-03
3.963367157359197567e-32
8.294943211718682929e-32
1.322748668262513760e-32
1.847218196394219234e-32
2.178566790928008445e-32
2.231150638426507998e-32
2.196639834593384221e-32
1.241591422895529589e-32
2.206226686080364583e-32
2.214529746221535874e-32
8.682020824038049039e-30
4.121478827388287509e-32
5.558081939355344880e-32
2.207705657868575727e-32
2.218221407759365283e-32
1.767955733682125385e-32
3.305930651152570622e-32
6.979376835334169275e-32
1.000000000000000000e+00
3.366763313881521841e-32
3.343773573641894707e-32
6.981146936627590042e-32
1.000000000000000000e+00
8.710648861148877709e-32
1.654411862035793729e-32
5.389876847670387401e-32
3.437845834148124722e-32
1.636401132725364884e-31
1.636274932892514913e-31
6.803250957310056304e-32
4.193473486499900366e-32
1.351381454276342007e-31
7.088662482298242474e-32
6.984229245388265385e-32
5.999039817051841878e-32
7.812652901548245584e-32
1.000000000000000000e+00
1.000000000000000000e+00
7.479344044310563321e-32
6.375819201921160777e-32
6.915408404751234075e-32
6.977582930144817242e-32
1.000000000000000000e+00
1.000000000000000000e+00
3.525748657758029648e-32
3.408386181141964103e-32
6.825687600630239769e-32
1.000000000000000000e+00
1.000000000000000000e+00
6.868328677841188622e-32
1.000000000000000000e+00
7.058422023492207662e-32
2.972362801125591401e-32
6.585979108755658201e-32
6.837257774585273249e-32
9.952365882372669807e-31
9.899607099897737017e-01
1.914803515091217547e-31
1.000000000000000000e+00
1.252617271573624717e-31
1.893277805029893955e-31
1.243491536107739455e-31
5.484983049462003102e-31
3.552962820608729290e-31
2.370679918714941745e-31
5.371147982211892068e-31
6.663509580524112704e-32
1.897681543537972989e-30
7.092851431008995553e-32
4.591807342368649971e-31
4.832167056754575869e-31
6.637063783005903692e-32
5.261529227977739271e-31
2.410858058656167234e-31
1.245637838722002228e-31
1.481682233140702921e-12
9.999988256213638849e-01
1.000000000000000000e+00
8.706043204621893487e-32
1.267052091674838162e-31
2.344778333737206924e-31
3.345418219708891690e-31
1.183750602908160897e-31
2.297835174874254099e-31
1.704035776633944703e-30
2.142287887754170614e-31
1.632281463635423037e-31
1.000000000000000000e+00
2.380695399117156750e-31
1.000000000000000000e+00
1.716386288938558642e-31
1.000000000000000000e+00
1.000000000000000000e+00
2.790863031151330225e-31
8.268321297522831837e-17
9.670654689529994567e-17
1.090526286931925111e-16
9.999999999999920064e-01
6.000880581172190974e-06
1.000000000000000000e+00
6.101945667758483710e-17
5.273012739508732746e-17
5.410792667165620866e-17
3.787152794211133813e-09
5.273311191633480422e-17
5.272984824108947207e-17
5.273095994781117689e-17
9.999992308785734529e-01
5.707440594644471285e-17
7.161170793270107286e-17
5.273114346506742192e-17
1.047541901796178829e-16
5.272985295087534646e-17
5.272984966415576764e-17
7.081357849038222262e-17
5.276147430934033892e-17
5.273011783265737387e-17
5.331606705275306859e-17
6.165486206826628793e-17
5.622281902152116801e-17
5.272996733333349420e-17
5.421579474636933847e-17
5.302031410224613609e-17
5.385287994601587703e-17
5.272985018006327466e-17
5.274157315176337121e-17
9.850862178693342872e-17
5.302450327396802447e-17
5.390175593611048571e-17
5.273023426673683723e-17
6.087586724877346006e-08
5.275909242533878014e-17
9.365178710504700284e-17
5.294597774156929382e-17
5.273071280695885935e-17
5.309042829510829562e-17
5.286737292660393654e-17
5.406361977610684032e-17
9.800609808729722036e-17
9.999999999999908962e-01
4.457531306092568250e-16
5.273186917958740553e-17
5.272984800978774477e-17
5.930476525323155639e-11
5.275605110190689145e-17
3.456664386953207517e-16
5.275346271362392713e-17
5.272985016378694180e-17
5.273007227859292565e-17
7.558630945235759657e-17
5.465378676202931940e-17
6.227423842915876994e-17
5.273513303110765742e-17
4.099034350336732096e-14
5.484628140129523646e-17
5.273033394917382371e-17
5.423085637980337211e-17
9.596439269945972866e-17
5.715346993476661985e-17
1.000000000000000000e+00
5.272984800978774477e-17
5.274113268316244662e-17
9.851820032070574355e-17
5.275233820111769273e-17
5.514976474358738718e-17
1.022999719522427808e-16
5.329508323896904837e-17
5.274101266788909804e-17
5.451471727073976922e-17
9.999999495288577345e-01
1.398550909695613188e-16
6.932361889384623665e-02
9.999953788599257321e-01
