9.916968531298356310e-07
7.719519580454878755e-07
1.086918709254744864e-06
9.999963124069021214e-01
5.568093455300766337e-07
6.356970896017955577e-07
1.699769124674832451e-05
7.927701011740793725e-07
5.568100426810392797e-07
6.119647638901792189e-07
9.999956288795551762e-01
8.163231476756230462e-07
9.983751251805575988e-01
8.215668034510805427e-04
5.232227473109524586e-05
8.000680175911494278e-05
3.634342559756956912e-06
6.280448860679474412e-07
9.999938660253089306e-01
9.988560277882249094e-01
8.236699733946637499e-07
6.214169848990417033e-07
7.982411448148134025e-07
7.901420732435894262e-07
6.536435678844345778e-07
4.363711977872047705e-07
6.212218629402829520e-06
7.005235262142135813e-07
6.058489327332245739e-07
9.999983225075481652e-01
7.434743952822560819e-07
4.721431922090161279e-04
6.000229902345755465e-07
4.248827104200237682e-06
2.319301322701946262e-06
1.220657820894439588e-06
8.884334047257457520e-07
4.157520151710900717e-06
9.999902112785554742e-01
9.999775371513154321e-01
1.230353006788693253e-04
6.400241874416320509e-07
9.999885312951229954e-01
9.676549548773186737e-01
8.500799338564125346e-07
5.622118617133134746e-07
2.656422869005341328e-06
9.999847372448169569e-01
2.856681753293776604e-01
7.881088281045649116e-07
9.821789863019804793e-07
6.064474510982373978e-07
8.001533910211181544e-01
1.435250403463054526e-03
1.190530585984505083e-06
5.640233135126209430e-07
6.063787062400890259e-07
5.721986457732756046e-07
7.156090989743859893e-07
2.528203552618077362e-06
