1.343866105894655991e-05
7.937646444618007280e-01
6.111498814229955037e-07
4.837019687531142141e-07
8.388325106255410319e-07
5.875601428824306004e-07
1.425411654030937317e-06
6.197806793097803135e-01
6.729716429706486155e-07
8.070041874028948292e-07
7.309397085894015290e-07
9.999861654508788167e-01
9.163755721237335493e-07
9.084955255748189334e-07
9.117353551415487563e-07
7.644580085918392625e-07
8.009645813290415832e-07
7.157937568461403850e-07
1.632362157205962869e-04
1.235634576301503214e-06
6.666440895088379459e-07
8.102171741303716361e-07
6.072037841741503440e-07
9.999980122476680444e-01
8.373809862023736161e-07
8.383176046457915732e-07
1.731984102481242127e-01
5.581945024274426532e-07
5.739566369350375119e-07
9.941649141766480208e-06
9.619899032392517091e-01
5.905462942998334710e-07
9.999539292774043409e-01
9.999987567048874704e-01
5.907824579698974246e-07
6.702125317537898533e-07
8.072901272818760034e-07
8.106263389703891598e-01
9.751046259004463536e-07
5.954479523757175943e-07
3.508930939838843495e-06
9.999987430880343808e-01
6.443133828230240794e-07
1.724709870466414241e-06
1.079131423546290858e-06
9.999989325444414989e-01
4.933589330573521226e-01
8.009655855977118999e-07
6.565831853115984139e-07
9.999988073331584904e-01
9.976193666185168007e-01
6.438290011942180286e-07
9.998559596901611668e-01
7.467851841985956944e-07
1.067864845148474957e-06
9.999977874139930334e-01
6.407570842501057860e-07
1.377841091611977753e-06
5.878990472867300237e-07
5.922264052683971979e-07
