9.423988261712466075e-07
7.121527552113552302e-07
1.297541656918943486e-06
8.986453196980707103e-01
1.594201178968894684e-06
9.328823703299634786e-07
1.736751488935416212e-06
1.128648612047846594e-06
8.870001021961956884e-07
1.087099456369548059e-06
2.956191559753856596e-04
9.784799320757109190e-05
8.503983835642758816e-07
8.238781913399762001e-07
9.454616555223222501e-07
9.494898478823324620e-06
7.714799467371721018e-04
9.033283340957193499e-07
1.078347848735852296e-06
9.999972469755707971e-01
9.032576370982202010e-07
2.326901835709090347e-06
9.033302596974192574e-07
8.378044264301548951e-07
8.545402793638887758e-07
1.015641604941648436e-06
1.161248140936942241e-06
8.732503494994940940e-01
1.128744196576650192e-06
7.613981020098160575e-06
9.999956771373823550e-01
1.382289942709793519e-06
1.345181447841540857e-05
9.922034627459298928e-07
9.999949967634335080e-01
9.998901671595629148e-01
5.890495666854806767e-04
5.029251507467603632e-01
9.999893550672036557e-01
1.128643130634682263e-06
2.783321616329526472e-06
1.130449791066754558e-06
1.141114379692757133e-05
8.641878840842319325e-07
7.793963439714427907e-07
1.009286910806800756e-06
1.239721201141429623e-06
9.033302121327302790e-07
8.870849922308844819e-07
8.337342824819683751e-02
2.736891956523768290e-05
2.281734471977755016e-06
9.128367613464854081e-07
1.204924090258724975e-06
9.999973476610813927e-01
5.599981512229706462e-06
9.999988426883037462e-01
1.083625984694390953e-06
1.966972709680511397e-03
2.775571081893120438e-03
