9.999764950681943043e-01
1.573725672322494686e-06
1.927943793501217068e-06
9.999798005461041361e-01
2.014963200542562401e-06
1.514104376083339814e-06
1.938793153802376114e-06
9.991562677966429051e-01
1.529300193510343149e-06
1.645906497765559757e-06
5.245836189504394264e-06
1.281022292751415538e-05
1.942341833685021425e-06
1.423753630537434742e-06
3.262912746733818688e-05
1.516964346032922783e-06
9.999984574807382343e-01
9.999979094671962443e-01
7.062190380485360297e-01
1.494340212263023213e-06
1.772245628494228346e-06
2.131355118719767405e-01
9.970999379740713708e-01
4.162633442164979721e-06
9.999983974625434868e-01
1.955492088178598432e-06
1.610143867008474818e-06
9.995988648288659517e-01
1.603618570311797285e-06
9.363090242329809992e-03
1.993091460044115981e-06
1.864576306357795960e-06
1.571343180734212429e-06
1.773874248543029056e-06
3.004269352316644182e-06
9.999894297679406963e-01
1.529172841301737021e-06
9.999964125303414386e-01
1.488438881274592117e-06
1.447520075539525459e-06
2.107576927989162323e-06
9.999972877697073104e-01
9.993479249356698180e-01
2.553320225741727024e-06
3.206870663796388574e-06
9.999972245169147511e-01
1.565904599327735649e-06
2.387275940583991995e-04
1.507935116841871876e-06
5.260427945998196676e-06
1.475925959708357309e-06
2.277226542005020702e-06
2.301300570637596054e-06
1.563469596247366629e-06
9.998152351272873162e-01
9.996766402763824777e-01
9.989894053379712036e-01
2.184784217519733968e-06
1.904740106938693726e-06
1.942341839899164716e-06
