5.873362158636623728e-07
3.983569730168922783e-07
5.223258737492575029e-07
3.566553668087104061e-05
1.030641451662602580e-06
3.570079624456517317e-07
9.999994058242152040e-01
5.035597464924656131e-07
6.703733253349620158e-07
9.999985655327126022e-01
5.276829874946187024e-07
9.999993621456150228e-01
4.104103843347589057e-07
5.210058298841848068e-07
9.999863403098521175e-01
3.813726007115459391e-07
9.999986262863481690e-01
9.999966351076690074e-01
4.034369474999981036e-07
5.475717594380748530e-07
9.999857146777114680e-01
5.276829876041258747e-07
3.683545701292245580e-07
9.999001318879361389e-01
4.044701583805620685e-07
3.924810909843212265e-07
3.879494677032433359e-07
4.082879103756063321e-07
3.935983199496511154e-07
4.521430001260152630e-07
1.922047713436911948e-04
9.999990809025064431e-01
5.271932603311005383e-07
9.589395162400448092e-01
1.493268223030935200e-05
9.999982024342346509e-01
5.005154416643132403e-07
3.891537136908807188e-05
4.202823821352473524e-07
1.906616244286454917e-05
9.999989506787825277e-01
1.080643510412644150e-02
9.999883664233045755e-01
4.254985447032866428e-07
1.026407975852146669e-05
2.336801183914855896e-03
9.996960344133076770e-01
8.794363148955568286e-05
4.400663672254846696e-07
3.798943354815347153e-05
3.310028604070542924e-05
3.970322407313508800e-07
6.043965330259040763e-07
1.412403806557769523e-05
9.999991987912455471e-01
3.641520434854960396e-04
9.999908123644539737e-01
4.034392342065374356e-07
9.991636761432880487e-01
3.994316797764142485e-07
