9.979855964297292825e-01
3.262741856536807886e-06
6.381562852647741711e-06
1.936781959045438786e-06
3.473701264565031343e-06
6.735409337109370120e-02
9.999853390778459250e-01
9.999513863768607624e-01
3.893121392742436972e-05
2.428324116332153307e-06
2.501122116893151607e-06
2.403769558259457701e-06
2.639805200667938343e-06
5.745783061677475810e-05
2.485782370417840277e-06
2.557597649978979638e-06
3.937635055117216115e-04
6.795105179951499856e-06
2.536227522716048677e-06
2.398131567041152051e-06
3.353121188336545162e-06
2.059394281042113228e-04
5.895056434644637643e-06
3.386680019897594625e-06
9.837101914878240150e-01
9.999946025521341264e-01
2.276319471856109465e-06
3.000354085943027077e-06
8.489180771590092904e-06
4.314157689044893025e-06
3.231852946398991605e-06
9.999894161783270397e-01
1.488192268974614816e-05
2.833390368567518057e-06
9.986524633820944574e-01
6.090144640907191494e-04
9.981359674329225440e-01
9.999230633486874131e-01
9.999725898289471004e-01
2.149425989103149825e-06
2.487759733589111912e-06
9.999945622676617019e-01
1.066239728853160020e-02
2.561948475448324972e-06
1.115539975959222302e-01
3.793305867782974347e-06
9.999550049794602158e-01
2.311599629690028036e-06
2.811954811172059085e-06
9.999705470261830431e-01
4.591759329206021589e-01
7.622371582892728366e-06
2.348718335621744814e-06
2.883410793086521319e-06
3.068956662501723755e-06
9.999965171790679008e-01
3.630403414302896758e-06
9.993670454441698769e-01
2.163004486795840658e-06
2.503582525385722793e-06
