9.999926165426656910e-01
2.280853429879670935e-01
5.502382823923460821e-06
9.590297965435008454e-01
4.855017351782849738e-02
9.585936579062758200e-01
8.023206154688510507e-06
1.165938547727062014e-02
3.822276143728418036e-06
9.999788639989164452e-01
1.056286582967786325e-04
9.975573420959426008e-01
9.895188814586596271e-01
9.998426888392224487e-01
4.073074585842703383e-06
4.076396967491794274e-06
6.371972728901531199e-05
4.071068638131616877e-06
3.232880785146252656e-02
1.076518980537641047e-05
1.432648908999560045e-01
5.116387649923986134e-06
3.737964869120874118e-06
3.823408828928104105e-06
9.999797708015142339e-01
3.782893638464993800e-06
3.975457401423667503e-06
9.998863048606775328e-01
4.715160086783725312e-06
3.755127518585337809e-06
3.572764546364427529e-01
1.047423819663415544e-02
5.575989911321927569e-06
9.999934779717329913e-01
3.521041768526102477e-06
3.311986672968262153e-06
4.076427470946561398e-06
9.999726822802534887e-01
3.822276144797226232e-06
3.863359380788995699e-06
5.041651248343346200e-06
9.962944048787407691e-01
9.721567575361858005e-01
9.549260236581134098e-01
1.316932364085251703e-02
9.999923756545134879e-01
4.331604363570862944e-06
5.575908179339838483e-06
9.999701042760085201e-01
7.007235883101198270e-01
8.444490089709221214e-01
5.118602897871698787e-06
9.999850403626460160e-01
5.878399720436555864e-06
3.298822384603128077e-06
9.999932796499892973e-01
1.083235812938101311e-01
4.623484375899533361e-06
4.090618492073879921e-06
3.521578925885122726e-06
