1.249558744857926979e-06
1.301758422829880449e-06
2.020725387399378937e-05
9.919523688031989250e-01
1.223795562912251342e-06
9.999880453903371436e-01
9.664686937634711095e-01
2.253476813168405991e-06
1.609014768909867298e-06
7.821895864125550453e-07
9.999983503743995472e-01
9.999959682815842132e-01
1.976432015756516916e-06
1.210652303547258876e-06
2.290205260097045123e-06
1.481785807999826487e-06
4.922914598232694949e-01
9.960152681520654250e-01
9.999971372883397214e-01
1.668902001771481395e-06
1.200107207548733722e-06
1.066196027769295167e-06
1.252120775785869251e-06
1.486449410094317492e-06
1.233078432437689668e-06
9.999972780777955927e-01
1.223686368353544063e-06
9.705768481248091938e-07
9.999901790083589592e-01
9.999860754803788776e-01
2.457405697972612981e-06
1.252165441588391809e-06
1.172664506922933459e-06
9.974484352544630283e-01
1.204689072516045974e-06
2.238368336518810589e-06
9.999968133810159809e-01
2.368055644445459568e-06
8.794113180929981572e-07
1.455363797396016635e-06
9.560170083880599190e-01
9.424587219675049088e-01
3.148882511483357042e-06
1.101648013692112276e-06
9.999826796020707675e-01
9.162506623735040545e-01
1.200146184763652067e-06
2.825680398484158682e-06
1.912475068164454927e-06
1.328589329156062617e-05
3.287718908310013595e-04
9.020532762526608517e-01
1.482846459374204425e-06
1.284787741463735785e-06
1.259057851307640076e-06
4.596261203481968015e-06
9.999935920969670322e-01
9.999981804824440434e-01
1.224657772587974935e-06
9.999987446570619554e-01
