9.618839359913499143e-01
9.908113769950847027e-01
9.931742039057229743e-01
9.892133220581359465e-01
9.934619879817301324e-01
9.743562308239155367e-01
9.412075386067078053e-01
9.931412374943406896e-01
9.803644934115256504e-01
9.945539405057044480e-01
9.629576710027714093e-01
9.667981254483474229e-01
9.668331141789107130e-01
9.541152923984342893e-01
9.606448367961364365e-01
9.737340877167743880e-01
9.916136169753969609e-01
9.850515719989745289e-01
9.623300024857666113e-01
9.900748080240492355e-01
9.668022861482243879e-01
9.647239936914402403e-01
9.769022608612794034e-01
9.695162440095860257e-01
9.668331144880168981e-01
9.668331141991283184e-01
9.719726976936468033e-01
9.646947685632916158e-01
9.520052990801620707e-01
9.496106643982743512e-01
9.693931041774749291e-01
9.839704162980023039e-01
9.667045502998483641e-01
9.608624996423400511e-01
9.801275396148920738e-01
9.863792219356789515e-01
9.620503174143821834e-01
9.694418014973902320e-01
9.556192988165426172e-01
9.850667490955956618e-01
9.631156993245638676e-01
9.668331141789107130e-01
9.770404503773891802e-01
9.858371042472281465e-01
9.507801206555244189e-01
9.660622598457824228e-01
9.559098072756877507e-01
9.943236182885960561e-01
9.638779142361172392e-01
9.668331141791324246e-01
9.537175685871888131e-01
9.713131294798404980e-01
9.662526071949545381e-01
9.606723928836836679e-01
9.691505605153204472e-01
9.611494363361937632e-01
9.643596842058844709e-01
9.668331141838668596e-01
9.668331141789107130e-01
9.606953928060112391e-01
