9.999764312923838938e-01
2.119033519335399103e-07
1.430311769272223061e-07
9.999994607237933097e-01
1.401957080034734910e-05
9.951086686999619620e-08
1.940125568631523638e-07
9.999988575297457105e-01
9.673077652556723057e-08
8.659471018201065674e-06
1.748598155595361835e-07
2.868250190349872120e-06
1.750981975283162840e-07
9.971725908647800609e-08
2.073703352817292539e-07
1.602799378846836541e-07
9.796936918408717638e-08
1.620523536537966742e-06
1.045281221721634440e-07
7.125745282331583032e-05
1.422285520011225159e-07
1.422661939095264526e-07
1.758236408864503312e-07
1.332221361768084200e-01
1.107197372221741087e-07
9.851260360073745083e-08
7.686661349098458852e-08
9.999569746487069200e-01
2.611628882645827432e-07
9.870944419393202800e-08
9.578863333377012055e-08
1.172790885096561524e-03
9.999707164878617327e-01
9.797976965558490983e-08
2.357224903420599641e-07
5.738317075371883435e-07
5.036329625804647232e-04
9.999391364705131346e-01
2.277822106069190800e-07
1.430115431551012554e-07
9.999922544729286100e-01
1.128955461485967251e-07
8.807342545533996838e-08
1.737538349278519229e-07
9.999539639165878624e-01
1.643772492121479184e-07
1.020811560481832668e-07
9.850937527035826172e-08
1.923916989822540905e-07
9.999857092711660345e-01
1.613683922434890029e-07
9.850937591421742609e-08
2.342958582339159607e-05
9.871197262821144180e-01
1.251748975498439247e-07
6.563509204688579618e-08
1.104221278994048407e-07
9.996219783941473480e-01
1.234110962048952723e-02
9.852315984270317547e-08
