9.916968531298356310e-07
7.719519580454878755e-07
1.086918709254744864e-06
9.999963124069021214e-01
5.568093455300766337e-07
6.356970896017955577e-07
1.699769124674832451e-05
7.927701011740793725e-07
5.568100426810392797e-07
6.119647638901792189e-07
9.999956288795551762e-01
8.163231476756230462e-07
9.983751251805575988e-01
8.215668034510805427e-04
5.232227473109524586e-05
8.000680175911494278e-05
3.634342559756956912e-06
6.280448860679474412e-07
9.999938660253089306e-01
9.988560277882249094e-01
8.236699733946637499e-07
6.214169848990417033e-07
7.982411448148134025e-07
7.901420732435894262e-07
6.536435678844345778e-07
4.363711977872047705e-07
6.212218629402829520e-06
7.005235262142135813e-07
6.058489327332245739e-07
9.999983225075481652e-01
7.434743952822560819e-07
4.721431922090161279e-04
6.000229902345755465e-07
4.248827104200237682e-06
2.319301322701946262e-06
1.220657820894439588e-06
8.884334047257457520e-07
4.157520151710900717e-06
9.999902112785554742e-01
9.999775371513154321e-01
1.230353006788693253e-04
6.400241874416320509e-07
9.999885312951229954e-01
9.676549548773186737e-01
8.500799338564125346e-07
5.622118617133134746e-07
2.656422869005341328e-06
9.999847372448169569e-01
2.856681753293776604e-01
7.881088281045649116e-07
9.821789863019804793e-07
6.064474510982373978e-07
8.001533910211181544e-01
1.435250403463054526e-03
1.190530585984505083e-06
5.640233135126209430e-07
6.063787062400890259e-07
5.721986457732756046e-07
7.156090989743859893e-07
2.528203552618077362e-06
1.343866105894655991e-05
7.937646444618007280e-01
6.111498814229955037e-07
4.837019687531142141e-07
8.388325106255410319e-07
5.875601428824306004e-07
1.425411654030937317e-06
6.197806793097803135e-01
6.729716429706486155e-07
8.070041874028948292e-07
7.309397085894015290e-07
9.999861654508788167e-01
9.163755721237335493e-07
9.084955255748189334e-07
9.117353551415487563e-07
7.644580085918392625e-07
8.009645813290415832e-07
7.157937568461403850e-07
1.632362157205962869e-04
1.235634576301503214e-06
6.666440895088379459e-07
8.102171741303716361e-07
6.072037841741503440e-07
9.999980122476680444e-01
8.373809862023736161e-07
8.383176046457915732e-07
1.731984102481242127e-01
5.581945024274426532e-07
5.739566369350375119e-07
9.941649141766480208e-06
9.619899032392517091e-01
5.905462942998334710e-07
9.999539292774043409e-01
9.999987567048874704e-01
5.907824579698974246e-07
6.702125317537898533e-07
8.072901272818760034e-07
8.106263389703891598e-01
9.751046259004463536e-07
5.954479523757175943e-07
3.508930939838843495e-06
9.999987430880343808e-01
6.443133828230240794e-07
1.724709870466414241e-06
1.079131423546290858e-06
9.999989325444414989e-01
4.933589330573521226e-01
8.009655855977118999e-07
6.565831853115984139e-07
9.999988073331584904e-01
9.976193666185168007e-01
6.438290011942180286e-07
9.998559596901611668e-01
7.467851841985956944e-07
1.067864845148474957e-06
9.999977874139930334e-01
6.407570842501057860e-07
1.377841091611977753e-06
5.878990472867300237e-07
5.922264052683971979e-07
9.423988261712466075e-07
7.121527552113552302e-07
1.297541656918943486e-06
8.986453196980707103e-01
1.594201178968894684e-06
9.328823703299634786e-07
1.736751488935416212e-06
1.128648612047846594e-06
8.870001021961956884e-07
1.087099456369548059e-06
2.956191559753856596e-04
9.784799320757109190e-05
8.503983835642758816e-07
8.238781913399762001e-07
9.454616555223222501e-07
9.494898478823324620e-06
7.714799467371721018e-04
9.033283340957193499e-07
1.078347848735852296e-06
9.999972469755707971e-01
9.032576370982202010e-07
2.326901835709090347e-06
9.033302596974192574e-07
8.378044264301548951e-07
8.545402793638887758e-07
1.015641604941648436e-06
1.161248140936942241e-06
8.732503494994940940e-01
1.128744196576650192e-06
7.613981020098160575e-06
9.999956771373823550e-01
1.382289942709793519e-06
1.345181447841540857e-05
9.922034627459298928e-07
9.999949967634335080e-01
9.998901671595629148e-01
5.890495666854806767e-04
5.029251507467603632e-01
9.999893550672036557e-01
1.128643130634682263e-06
2.783321616329526472e-06
1.130449791066754558e-06
1.141114379692757133e-05
8.641878840842319325e-07
7.793963439714427907e-07
1.009286910806800756e-06
1.239721201141429623e-06
9.033302121327302790e-07
8.870849922308844819e-07
8.337342824819683751e-02
2.736891956523768290e-05
2.281734471977755016e-06
9.128367613464854081e-07
1.204924090258724975e-06
9.999973476610813927e-01
5.599981512229706462e-06
9.999988426883037462e-01
1.083625984694390953e-06
1.966972709680511397e-03
2.775571081893120438e-03
9.999764950681943043e-01
1.573725672322494686e-06
1.927943793501217068e-06
9.999798005461041361e-01
2.014963200542562401e-06
1.514104376083339814e-06
1.938793153802376114e-06
9.991562677966429051e-01
1.529300193510343149e-06
1.645906497765559757e-06
5.245836189504394264e-06
1.281022292751415538e-05
1.942341833685021425e-06
1.423753630537434742e-06
3.262912746733818688e-05
1.516964346032922783e-06
9.999984574807382343e-01
9.999979094671962443e-01
7.062190380485360297e-01
1.494340212263023213e-06
1.772245628494228346e-06
2.131355118719767405e-01
9.970999379740713708e-01
4.162633442164979721e-06
9.999983974625434868e-01
1.955492088178598432e-06
1.610143867008474818e-06
9.995988648288659517e-01
1.603618570311797285e-06
9.363090242329809992e-03
1.993091460044115981e-06
1.864576306357795960e-06
1.571343180734212429e-06
1.773874248543029056e-06
3.004269352316644182e-06
9.999894297679406963e-01
1.529172841301737021e-06
9.999964125303414386e-01
1.488438881274592117e-06
1.447520075539525459e-06
2.107576927989162323e-06
9.999972877697073104e-01
9.993479249356698180e-01
2.553320225741727024e-06
3.206870663796388574e-06
9.999972245169147511e-01
1.565904599327735649e-06
2.387275940583991995e-04
1.507935116841871876e-06
5.260427945998196676e-06
1.475925959708357309e-06
2.277226542005020702e-06
2.301300570637596054e-06
1.563469596247366629e-06
9.998152351272873162e-01
9.996766402763824777e-01
9.989894053379712036e-01
2.184784217519733968e-06
1.904740106938693726e-06
1.942341839899164716e-06
5.873362158636623728e-07
3.983569730168922783e-07
5.223258737492575029e-07
3.566553668087104061e-05
1.030641451662602580e-06
3.570079624456517317e-07
9.999994058242152040e-01
5.035597464924656131e-07
6.703733253349620158e-07
9.999985655327126022e-01
5.276829874946187024e-07
9.999993621456150228e-01
4.104103843347589057e-07
5.210058298841848068e-07
9.999863403098521175e-01
3.813726007115459391e-07
9.999986262863481690e-01
9.999966351076690074e-01
4.034369474999981036e-07
5.475717594380748530e-07
9.999857146777114680e-01
5.276829876041258747e-07
3.683545701292245580e-07
9.999001318879361389e-01
4.044701583805620685e-07
3.924810909843212265e-07
3.879494677032433359e-07
4.082879103756063321e-07
3.935983199496511154e-07
4.521430001260152630e-07
1.922047713436911948e-04
9.999990809025064431e-01
5.271932603311005383e-07
9.589395162400448092e-01
1.493268223030935200e-05
9.999982024342346509e-01
5.005154416643132403e-07
3.891537136908807188e-05
4.202823821352473524e-07
1.906616244286454917e-05
9.999989506787825277e-01
1.080643510412644150e-02
9.999883664233045755e-01
4.254985447032866428e-07
1.026407975852146669e-05
2.336801183914855896e-03
9.996960344133076770e-01
8.794363148955568286e-05
4.400663672254846696e-07
3.798943354815347153e-05
3.310028604070542924e-05
3.970322407313508800e-07
6.043965330259040763e-07
1.412403806557769523e-05
9.999991987912455471e-01
3.641520434854960396e-04
9.999908123644539737e-01
4.034392342065374356e-07
9.991636761432880487e-01
3.994316797764142485e-07
9.979855964297292825e-01
3.262741856536807886e-06
6.381562852647741711e-06
1.936781959045438786e-06
3.473701264565031343e-06
6.735409337109370120e-02
9.999853390778459250e-01
9.999513863768607624e-01
3.893121392742436972e-05
2.428324116332153307e-06
2.501122116893151607e-06
2.403769558259457701e-06
2.639805200667938343e-06
5.745783061677475810e-05
2.485782370417840277e-06
2.557597649978979638e-06
3.937635055117216115e-04
6.795105179951499856e-06
2.536227522716048677e-06
2.398131567041152051e-06
3.353121188336545162e-06
2.059394281042113228e-04
5.895056434644637643e-06
3.386680019897594625e-06
9.837101914878240150e-01
9.999946025521341264e-01
2.276319471856109465e-06
3.000354085943027077e-06
8.489180771590092904e-06
4.314157689044893025e-06
3.231852946398991605e-06
9.999894161783270397e-01
1.488192268974614816e-05
2.833390368567518057e-06
9.986524633820944574e-01
6.090144640907191494e-04
9.981359674329225440e-01
9.999230633486874131e-01
9.999725898289471004e-01
2.149425989103149825e-06
2.487759733589111912e-06
9.999945622676617019e-01
1.066239728853160020e-02
2.561948475448324972e-06
1.115539975959222302e-01
3.793305867782974347e-06
9.999550049794602158e-01
2.311599629690028036e-06
2.811954811172059085e-06
9.999705470261830431e-01
4.591759329206021589e-01
7.622371582892728366e-06
2.348718335621744814e-06
2.883410793086521319e-06
3.068956662501723755e-06
9.999965171790679008e-01
3.630403414302896758e-06
9.993670454441698769e-01
2.163004486795840658e-06
2.503582525385722793e-06
9.999926165426656910e-01
2.280853429879670935e-01
5.502382823923460821e-06
9.590297965435008454e-01
4.855017351782849738e-02
9.585936579062758200e-01
8.023206154688510507e-06
1.165938547727062014e-02
3.822276143728418036e-06
9.999788639989164452e-01
1.056286582967786325e-04
9.975573420959426008e-01
9.895188814586596271e-01
9.998426888392224487e-01
4.073074585842703383e-06
4.076396967491794274e-06
6.371972728901531199e-05
4.071068638131616877e-06
3.232880785146252656e-02
1.076518980537641047e-05
1.432648908999560045e-01
5.116387649923986134e-06
3.737964869120874118e-06
3.823408828928104105e-06
9.999797708015142339e-01
3.782893638464993800e-06
3.975457401423667503e-06
9.998863048606775328e-01
4.715160086783725312e-06
3.755127518585337809e-06
3.572764546364427529e-01
1.047423819663415544e-02
5.575989911321927569e-06
9.999934779717329913e-01
3.521041768526102477e-06
3.311986672968262153e-06
4.076427470946561398e-06
9.999726822802534887e-01
3.822276144797226232e-06
3.863359380788995699e-06
5.041651248343346200e-06
9.962944048787407691e-01
9.721567575361858005e-01
9.549260236581134098e-01
1.316932364085251703e-02
9.999923756545134879e-01
4.331604363570862944e-06
5.575908179339838483e-06
9.999701042760085201e-01
7.007235883101198270e-01
8.444490089709221214e-01
5.118602897871698787e-06
9.999850403626460160e-01
5.878399720436555864e-06
3.298822384603128077e-06
9.999932796499892973e-01
1.083235812938101311e-01
4.623484375899533361e-06
4.090618492073879921e-06
3.521578925885122726e-06
1.249558744857926979e-06
1.301758422829880449e-06
2.020725387399378937e-05
9.919523688031989250e-01
1.223795562912251342e-06
9.999880453903371436e-01
9.664686937634711095e-01
2.253476813168405991e-06
1.609014768909867298e-06
7.821895864125550453e-07
9.999983503743995472e-01
9.999959682815842132e-01
1.976432015756516916e-06
1.210652303547258876e-06
2.290205260097045123e-06
1.481785807999826487e-06
4.922914598232694949e-01
9.960152681520654250e-01
9.999971372883397214e-01
1.668902001771481395e-06
1.200107207548733722e-06
1.066196027769295167e-06
1.252120775785869251e-06
1.486449410094317492e-06
1.233078432437689668e-06
9.999972780777955927e-01
1.223686368353544063e-06
9.705768481248091938e-07
9.999901790083589592e-01
9.999860754803788776e-01
2.457405697972612981e-06
1.252165441588391809e-06
1.172664506922933459e-06
9.974484352544630283e-01
1.204689072516045974e-06
2.238368336518810589e-06
9.999968133810159809e-01
2.368055644445459568e-06
8.794113180929981572e-07
1.455363797396016635e-06
9.560170083880599190e-01
9.424587219675049088e-01
3.148882511483357042e-06
1.101648013692112276e-06
9.999826796020707675e-01
9.162506623735040545e-01
1.200146184763652067e-06
2.825680398484158682e-06
1.912475068164454927e-06
1.328589329156062617e-05
3.287718908310013595e-04
9.020532762526608517e-01
1.482846459374204425e-06
1.284787741463735785e-06
1.259057851307640076e-06
4.596261203481968015e-06
9.999935920969670322e-01
9.999981804824440434e-01
1.224657772587974935e-06
9.999987446570619554e-01
9.618839359913499143e-01
9.908113769950847027e-01
9.931742039057229743e-01
9.892133220581359465e-01
9.934619879817301324e-01
9.743562308239155367e-01
9.412075386067078053e-01
9.931412374943406896e-01
9.803644934115256504e-01
9.945539405057044480e-01
9.629576710027714093e-01
9.667981254483474229e-01
9.668331141789107130e-01
9.541152923984342893e-01
9.606448367961364365e-01
9.737340877167743880e-01
9.916136169753969609e-01
9.850515719989745289e-01
9.623300024857666113e-01
9.900748080240492355e-01
9.668022861482243879e-01
9.647239936914402403e-01
9.769022608612794034e-01
9.695162440095860257e-01
9.668331144880168981e-01
9.668331141991283184e-01
9.719726976936468033e-01
9.646947685632916158e-01
9.520052990801620707e-01
9.496106643982743512e-01
9.693931041774749291e-01
9.839704162980023039e-01
9.667045502998483641e-01
9.608624996423400511e-01
9.801275396148920738e-01
9.863792219356789515e-01
9.620503174143821834e-01
9.694418014973902320e-01
9.556192988165426172e-01
9.850667490955956618e-01
9.631156993245638676e-01
9.668331141789107130e-01
9.770404503773891802e-01
9.858371042472281465e-01
9.507801206555244189e-01
9.660622598457824228e-01
9.559098072756877507e-01
9.943236182885960561e-01
9.638779142361172392e-01
9.668331141791324246e-01
9.537175685871888131e-01
9.713131294798404980e-01
9.662526071949545381e-01
9.606723928836836679e-01
9.691505605153204472e-01
9.611494363361937632e-01
9.643596842058844709e-01
9.668331141838668596e-01
9.668331141789107130e-01
9.606953928060112391e-01
9.999764312923838938e-01
2.119033519335399103e-07
1.430311769272223061e-07
9.999994607237933097e-01
1.401957080034734910e-05
9.951086686999619620e-08
1.940125568631523638e-07
9.999988575297457105e-01
9.673077652556723057e-08
8.659471018201065674e-06
1.748598155595361835e-07
2.868250190349872120e-06
1.750981975283162840e-07
9.971725908647800609e-08
2.073703352817292539e-07
1.602799378846836541e-07
9.796936918408717638e-08
1.620523536537966742e-06
1.045281221721634440e-07
7.125745282331583032e-05
1.422285520011225159e-07
1.422661939095264526e-07
1.758236408864503312e-07
1.332221361768084200e-01
1.107197372221741087e-07
9.851260360073745083e-08
7.686661349098458852e-08
9.999569746487069200e-01
2.611628882645827432e-07
9.870944419393202800e-08
9.578863333377012055e-08
1.172790885096561524e-03
9.999707164878617327e-01
9.797976965558490983e-08
2.357224903420599641e-07
5.738317075371883435e-07
5.036329625804647232e-04
9.999391364705131346e-01
2.277822106069190800e-07
1.430115431551012554e-07
9.999922544729286100e-01
1.128955461485967251e-07
8.807342545533996838e-08
1.737538349278519229e-07
9.999539639165878624e-01
1.643772492121479184e-07
1.020811560481832668e-07
9.850937527035826172e-08
1.923916989822540905e-07
9.999857092711660345e-01
1.613683922434890029e-07
9.850937591421742609e-08
2.342958582339159607e-05
9.871197262821144180e-01
1.251748975498439247e-07
6.563509204688579618e-08
1.104221278994048407e-07
9.996219783941473480e-01
1.234110962048952723e-02
9.852315984270317547e-08
