7.118705951152454192e-01
6.968004601422133071e-01
7.038385874088818328e-01
7.208905773020821695e-01
7.036917233239929903e-01
7.207356271470792830e-01
7.012926101405283497e-01
6.886375599587502006e-01
6.878866206878102574e-01
7.161298237710617132e-01
7.281204813975465928e-01
6.868066848409564162e-01
7.057636708950525417e-01
7.178692801815199642e-01
7.364538933342070770e-01
7.001050295899277076e-01
7.160173916951476647e-01
6.560220101225947564e-01
7.271405295859427742e-01
7.214563212957177951e-01
7.094382043710607544e-01
7.085346372427178130e-01
6.820181652271669615e-01
6.875011256844909546e-01
6.932833804419777923e-01
7.102031661766378123e-01
6.898012626788431190e-01
7.092751350456399928e-01
7.261775516790190954e-01
7.227482401348065411e-01
7.014578409653334790e-01
6.842794939865022297e-01
7.068375491218729101e-01
7.150929899161670988e-01
7.131684977379434409e-01
7.255845303874911556e-01
7.091234737765621521e-01
7.095743863460077794e-01
7.078044228373585600e-01
7.177083031460309570e-01
7.316279119187810709e-01
7.157344612132742201e-01
7.150835298446382993e-01
7.183225395013218550e-01
7.051898562938139214e-01
6.957206596653237041e-01
7.033459983567487139e-01
7.221319121249331063e-01
7.144601095328536600e-01
7.104894545596639466e-01
7.037323055910327252e-01
7.144320400140253824e-01
7.179846622802144029e-01
7.043114597795272491e-01
7.003060074214598751e-01
7.125537966090863540e-01
7.035938480842401921e-01
7.251282528466888033e-01
6.875602757436013457e-01
7.092256671569269200e-01
7.161529124928515122e-01
7.053067262775384316e-01
7.074548221047350927e-01
7.064477514584924789e-01
