6.121374883846780746e-01
6.099876440776286213e-01
6.200427470350561299e-01
6.299128270990019818e-01
6.185372151731373114e-01
6.221007838105657717e-01
6.302090833125617575e-01
6.359099007194815023e-01
6.306967143106038121e-01
6.285926485661971208e-01
6.419073357782280054e-01
6.470847253832622270e-01
6.286388924555269542e-01
6.199315029865796189e-01
6.302529538510766027e-01
6.151605472727411650e-01
6.281703009134145255e-01
6.367048090720170972e-01
6.279868374873800452e-01
6.174939607246814344e-01
6.109392138865896715e-01
6.222861437501745474e-01
6.298747960934305556e-01
6.121544815548809471e-01
6.355133032852708919e-01
6.120086264808851650e-01
6.500379606340023209e-01
6.260757186403708152e-01
5.947516040231004553e-01
6.544671984059887704e-01
6.249447097074343205e-01
6.163822822670907975e-01
6.180786960067372604e-01
6.414986334599287465e-01
6.256640854647892436e-01
6.043379799292427634e-01
6.252931590105484938e-01
6.270972515275825554e-01
6.351685722548920943e-01
6.128778992146597382e-01
6.034807864792267607e-01
6.253860110613609358e-01
6.212342869184278582e-01
6.080967341390198788e-01
6.168884916078830605e-01
6.516184887343080545e-01
6.273839782810113341e-01
6.216570347442114119e-01
6.330006964488591459e-01
6.436874892508036572e-01
6.410592304212331394e-01
6.173185439888597692e-01
6.287138653363489871e-01
6.229969418903155143e-01
6.241211355429208130e-01
6.582613791193695496e-01
6.336867021439043235e-01
6.178018594587298962e-01
6.385783306075907273e-01
6.246137739342374484e-01
6.252169231797569671e-01
6.247152331992620322e-01
6.188684134332065323e-01
6.089874286921407309e-01
