6.303191632848635928e-01
6.353828710463594875e-01
6.474902188825079064e-01
6.576425418224931541e-01
6.330306660080594616e-01
6.376302551914045935e-01
6.344818025980034637e-01
6.290782874892186793e-01
6.183298311785409007e-01
6.175019872985237912e-01
6.337119477019049762e-01
6.256788847419448851e-01
6.506255082240450793e-01
6.236301699140862631e-01
6.195593110905254219e-01
6.236417414269567194e-01
6.457323867712538856e-01
6.201823716744817583e-01
6.353518750947142468e-01
6.199640043483881646e-01
6.104919525935658120e-01
6.511897361801526340e-01
6.364017754661791537e-01
6.189981986830910277e-01
6.413949843654812577e-01
6.558817199259120434e-01
6.428338872289084405e-01
6.258417060434401380e-01
6.420577621298783066e-01
6.275675000763835110e-01
6.384867967575019732e-01
6.384434737066487786e-01
6.153978028034801095e-01
6.266171599570906636e-01
6.467408394340594668e-01
6.458456852665116488e-01
6.307262679606124856e-01
6.242996237526819980e-01
6.172642606047388236e-01
6.437488666545099214e-01
6.398638618720343674e-01
6.240951960486892380e-01
6.162148148610609999e-01
6.394515369491188261e-01
6.413318526055703517e-01
6.227078193442724396e-01
6.426628302078173371e-01
6.470268038039763692e-01
6.233968719884619425e-01
6.292125596744995164e-01
6.314026668184943292e-01
6.355687323273705447e-01
6.203632928426456861e-01
6.054458239554926235e-01
6.388573025387426219e-01
6.325365345830071817e-01
6.491277595744716633e-01
6.336942311143431983e-01
6.434325337325584870e-01
6.498856607966554400e-01
6.365706921010413355e-01
6.222213950374418934e-01
6.247756705915711306e-01
6.557812173929608024e-01
