6.608434306404541436e-01
6.745099308805555527e-01
6.872809550613405705e-01
6.775462706185874096e-01
7.030368605739495402e-01
6.600517705408598390e-01
6.818515089811033603e-01
6.824146046596405446e-01
6.841614307193832900e-01
6.675726290880795721e-01
6.724893153116894284e-01
6.579666176548139012e-01
6.687114712872301858e-01
6.775897235748128411e-01
6.878285797839063243e-01
7.021530147796676280e-01
6.801763083051186598e-01
6.907831562030725125e-01
7.017708420384747292e-01
6.968202782377714843e-01
6.784471769107937034e-01
6.790325322890125026e-01
6.567545952548630162e-01
6.812646965829689538e-01
6.954820203505324150e-01
7.003428554416891716e-01
6.917891142475879329e-01
6.786572789644556014e-01
6.692197093410527931e-01
6.596611225628166153e-01
6.761360021526043873e-01
6.909553984704952523e-01
6.671360220717856837e-01
6.912063523438337631e-01
6.885330789911806582e-01
6.712722100230090749e-01
6.765211450388652903e-01
6.890314753569822814e-01
6.853282686281533254e-01
6.930378034264524922e-01
6.939371066904544971e-01
6.883282259391079183e-01
6.861517063316765475e-01
6.833870638034965639e-01
6.770258177260183308e-01
6.868820069293659625e-01
6.698006251752136597e-01
6.457840328129861307e-01
6.890519652034484688e-01
6.792878248656589735e-01
6.781484236784640629e-01
6.892002698101387104e-01
6.590073958794336884e-01
6.956524623445722311e-01
6.921708825499247597e-01
6.699534027261939695e-01
6.968421744736029710e-01
6.556593476481590299e-01
7.041865482662890141e-01
6.822093069961248091e-01
6.549983575034943328e-01
6.621546383209125919e-01
6.901161929939091388e-01
6.713924543010760804e-01
