6.620686035050954432e-01
6.481589107044070097e-01
6.538150490943688276e-01
6.386495809480061681e-01
6.562881237262043754e-01
6.596128506377781919e-01
6.811860862837184616e-01
6.695285236074267621e-01
6.671610416858987369e-01
6.840037119328185033e-01
6.567232428578999581e-01
6.854141917710047105e-01
6.271664909277047117e-01
6.528840502748445296e-01
6.400701824951512409e-01
6.473846928398793166e-01
6.535625074965505377e-01
6.691410211760268067e-01
6.366609454596460216e-01
6.582912316079294612e-01
6.729921948618817762e-01
6.448502364007822063e-01
6.350725900043671102e-01
6.611073227028835264e-01
6.569433708307993447e-01
6.514330892679385254e-01
6.581326626694817827e-01
6.510373220369474190e-01
6.374832512063389744e-01
6.542132151864010758e-01
6.608952623915551605e-01
6.698522259942168988e-01
6.621142247078520837e-01
6.407169675825884481e-01
6.546150510487460661e-01
6.563118137021372034e-01
6.626001860866889137e-01
6.684757839621218167e-01
6.460861992484868699e-01
6.472273316395100728e-01
6.740131966837350497e-01
6.682701013087632980e-01
6.616231740876672429e-01
6.532204759447904907e-01
6.570219453308500102e-01
6.734250286905668625e-01
6.367184030133712369e-01
6.747945229731533434e-01
6.505691639989198416e-01
6.675808713451863996e-01
6.543560655700428885e-01
6.400389570412460261e-01
6.626919447951871156e-01
6.549746950268845458e-01
6.785925165972384043e-01
6.669762439122319808e-01
6.880948910636035531e-01
6.516402737058810679e-01
6.547862841739708895e-01
6.415567822102073992e-01
6.485202971634674851e-01
6.832875104874087668e-01
6.627974660954257802e-01
6.624352480971664736e-01
