6.286386921235377345e-01
6.225778317599632850e-01
6.300543770460115267e-01
6.117639539099929413e-01
6.462554627693740672e-01
6.347945048306050664e-01
6.268804551284725690e-01
6.331235773806048739e-01
6.252604629569815664e-01
6.179910406287549840e-01
6.151316890464254561e-01
6.140969189746163792e-01
6.372964956169882011e-01
6.102217694344345134e-01
6.181664192783792311e-01
6.209438897049841533e-01
6.272037720100437364e-01
6.271038162073785394e-01
6.290902135899353320e-01
6.082797153345409491e-01
6.241668384538120451e-01
6.303905015215931495e-01
6.216287552759875989e-01
6.364897941778843160e-01
6.215036662982844629e-01
6.464096075418420684e-01
6.096977396352925016e-01
6.155560052980704189e-01
6.348977150581303075e-01
6.048927224621418741e-01
6.290171982815385698e-01
6.288439389736856233e-01
6.295964400742203315e-01
6.172402037708372147e-01
6.374319344696806056e-01
6.267567218137806151e-01
6.340110149277613516e-01
6.094623616008369993e-01
6.325325350755349740e-01
6.037648697487939531e-01
6.284985286614434008e-01
6.175192203450399209e-01
6.226351055759807851e-01
6.154358292888305604e-01
6.317327964107529725e-01
6.179574387838764338e-01
6.254693887827906806e-01
6.089147218135739781e-01
6.295150448093485007e-01
6.197828016243239757e-01
6.196297665408574407e-01
6.219184237323132081e-01
6.122391869719836510e-01
6.217042702298658519e-01
6.135607676492129681e-01
6.220700904693561295e-01
6.235208032160650671e-01
6.279029067857134772e-01
6.175971797199659719e-01
6.150032296978650281e-01
6.406058708798298973e-01
6.121155632533039626e-01
6.323773653985025334e-01
6.066445625274542452e-01
