6.235590827097285960e-01
6.228717841686615131e-01
6.367447698709884918e-01
6.348924905007895525e-01
6.474114875330482244e-01
6.406204394178618422e-01
6.401824437367390486e-01
6.482993238824663607e-01
6.398495456367319090e-01
6.406121776605313567e-01
6.221259120188566971e-01
6.358178911426756175e-01
6.253805845279237774e-01
6.313531545622216301e-01
6.135489091262601447e-01
6.208607377583913456e-01
6.327059984233401879e-01
6.577919335773769749e-01
6.457034483429126004e-01
6.647315585983510910e-01
6.373718863489133968e-01
6.299328014189284897e-01
6.118520470794054367e-01
6.306322937972048681e-01
6.540357384453702183e-01
6.493030711693835721e-01
6.512107447552821782e-01
6.235559954518641312e-01
6.379245597517805288e-01
6.117151057158749516e-01
6.372632530775416138e-01
6.303428525097477531e-01
6.382705358333516932e-01
6.496440529849156764e-01
6.053760184097657371e-01
6.384978394551077407e-01
6.039002446021812798e-01
6.562561266808174532e-01
6.483817757950564031e-01
6.266314664686153391e-01
6.291235038564968463e-01
6.245705838808699450e-01
6.288845554277033845e-01
6.262608559944460307e-01
6.380469042191923013e-01
6.498678526706722636e-01
6.467795820793896810e-01
6.337245869650640628e-01
6.412511880554709887e-01
6.401948046068877129e-01
6.214542672308487337e-01
6.539163996196561968e-01
6.415914222786802679e-01
6.513119496206156711e-01
6.382658891821975100e-01
6.489611478816376122e-01
6.656498238787339483e-01
6.340328083014200589e-01
6.565421063100951304e-01
6.278877470039511133e-01
6.330511269341818625e-01
6.356206290504563539e-01
6.074530533533066823e-01
6.384145979582580566e-01
