5.992659099466561834e-01
6.180374082363079280e-01
6.151623072752324672e-01
6.097451933672509705e-01
5.955713024846583936e-01
6.173590188370424725e-01
6.176235869972442893e-01
6.088118432633307098e-01
5.934394921951069435e-01
6.088700782027259839e-01
6.233988771259627582e-01
6.245951064077800430e-01
6.142783373695243077e-01
6.084952944592620927e-01
6.275527090762583748e-01
6.135511200736515347e-01
6.170460172687799449e-01
6.103700377714242897e-01
6.107292909036682316e-01
6.053393100697048723e-01
6.237017467485413968e-01
6.027910576061096259e-01
6.041075606128772923e-01
6.219686484232856971e-01
6.063636198833699531e-01
6.091788438253644689e-01
6.084276560720592864e-01
6.029728200037630659e-01
6.148693715567949969e-01
5.977048146687068408e-01
6.036321649729885497e-01
6.204506184395378598e-01
6.166745629691181563e-01
6.006277839635750793e-01
6.135419270683482029e-01
6.108580021792803239e-01
6.244288193386013930e-01
5.994896907850666423e-01
6.041507244643997687e-01
5.989551502732420873e-01
6.040559153534496017e-01
6.055722799675524737e-01
6.176532478887495348e-01
6.081916318357231122e-01
6.011782675926051756e-01
6.131199819615370528e-01
6.154127215498557124e-01
5.923164944702518087e-01
6.103979645945299959e-01
5.922860537024360328e-01
6.222646962985732833e-01
6.211352287103520942e-01
6.133437221639811421e-01
6.069253550017283949e-01
6.112847307085416126e-01
6.113188278211143523e-01
6.051329725993008779e-01
6.193292820456588466e-01
6.150659136586260622e-01
6.178304756378935059e-01
5.935762054968898305e-01
6.095360760788840482e-01
6.129278425806838904e-01
6.093522277654576103e-01
