7.587810802632091178e-01
7.612470092678703670e-01
7.506619827889967622e-01
7.586400324702748943e-01
7.835880363395275605e-01
7.400997185583579885e-01
7.564548010955428614e-01
7.592192719785588739e-01
7.759556053008787035e-01
7.633814936476931434e-01
7.540677860776024977e-01
7.808045787783507441e-01
7.180003893207714816e-01
7.542736609075054721e-01
7.442912260159521010e-01
7.403570863794899370e-01
7.331956077899808299e-01
7.597836338365335784e-01
7.226836238101561616e-01
7.616071219606295184e-01
7.542653282303117823e-01
7.577112507924848028e-01
7.466462658642135652e-01
7.412354820041573422e-01
7.648504400894866606e-01
7.389182692413420739e-01
7.597550650799848038e-01
7.692229202564561108e-01
7.576020029285625013e-01
7.578400821280739663e-01
7.623266254128782116e-01
7.976965921764291867e-01
7.452308510023173405e-01
7.539177492394909530e-01
7.413491938661201930e-01
7.562842603925027385e-01
7.272401314986410847e-01
7.570646380355491312e-01
7.641854356203914289e-01
7.705370079278508477e-01
7.544300378222463799e-01
7.558452424313898410e-01
7.682585802515168316e-01
7.825891705117629105e-01
7.742765284879747911e-01
7.516038267218931868e-01
7.436028033622038569e-01
7.663980889944923547e-01
7.650840932252489512e-01
7.350891043633041022e-01
7.535728144259675743e-01
7.669950701197035814e-01
7.411521432496697148e-01
7.646961388352383482e-01
7.552242165914752059e-01
7.738833281097560191e-01
7.464091879374358252e-01
7.474216729447911156e-01
7.621458535151581781e-01
7.285872858142320441e-01
7.489723996233746961e-01
7.639963715896656016e-01
7.576786144568921078e-01
7.341878640620244090e-01
