7.072137310859158976e-01
7.000612589499983773e-01
6.870493726458318795e-01
7.246150411820788673e-01
6.813827493482660369e-01
7.143861868148414507e-01
7.083253255020089956e-01
7.197404121613018013e-01
7.146002872769796621e-01
7.093225278115311561e-01
7.092947623746077568e-01
7.227254193561516438e-01
6.849536005110015147e-01
7.169934373052802012e-01
6.748871002895671101e-01
6.901334864992487717e-01
6.917714022272846153e-01
7.323107250250269207e-01
7.231770792096932077e-01
7.135624119213278549e-01
7.054264450652383278e-01
7.262945504709988898e-01
7.063828338731977796e-01
7.248944422069417692e-01
6.784221523496596351e-01
7.014273390935710228e-01
7.075910329584396141e-01
7.134311553859523647e-01
6.876120013592682545e-01
7.154025980105461757e-01
6.850062623556298913e-01
7.019800744048925178e-01
6.985810773951557362e-01
7.256447569476166537e-01
7.031322258577122897e-01
6.918646004177283482e-01
7.026310789680751956e-01
6.959793777763374489e-01
7.055559022024753268e-01
6.947837640598126807e-01
7.003587796908289365e-01
6.795280122176526882e-01
7.216316669763500613e-01
7.302530634252620834e-01
7.099314116108127459e-01
6.971551691619914948e-01
6.839528566828598777e-01
7.003718930144580135e-01
7.234810190990639267e-01
7.299489157243542747e-01
7.003736350277848244e-01
7.244894719436388852e-01
7.127729095408085191e-01
7.075706727126860329e-01
6.817918061803891483e-01
7.243084892503939276e-01
6.989606096195084550e-01
7.200979447638576891e-01
7.200422416434820727e-01
6.861785545095253624e-01
7.182272676114693777e-01
6.990047904695172454e-01
7.182946298822729947e-01
7.095734352681838386e-01
6.925219530798844003e-01
