7.118705951152454192e-01
6.968004601422133071e-01
7.038385874088818328e-01
7.208905773020821695e-01
7.036917233239929903e-01
7.207356271470792830e-01
7.012926101405283497e-01
6.886375599587502006e-01
6.878866206878102574e-01
7.161298237710617132e-01
7.281204813975465928e-01
6.868066848409564162e-01
7.057636708950525417e-01
7.178692801815199642e-01
7.364538933342070770e-01
7.001050295899277076e-01
7.160173916951476647e-01
6.560220101225947564e-01
7.271405295859427742e-01
7.214563212957177951e-01
7.094382043710607544e-01
7.085346372427178130e-01
6.820181652271669615e-01
6.875011256844909546e-01
6.932833804419777923e-01
7.102031661766378123e-01
6.898012626788431190e-01
7.092751350456399928e-01
7.261775516790190954e-01
7.227482401348065411e-01
7.014578409653334790e-01
6.842794939865022297e-01
7.068375491218729101e-01
7.150929899161670988e-01
7.131684977379434409e-01
7.255845303874911556e-01
7.091234737765621521e-01
7.095743863460077794e-01
7.078044228373585600e-01
7.177083031460309570e-01
7.316279119187810709e-01
7.157344612132742201e-01
7.150835298446382993e-01
7.183225395013218550e-01
7.051898562938139214e-01
6.957206596653237041e-01
7.033459983567487139e-01
7.221319121249331063e-01
7.144601095328536600e-01
7.104894545596639466e-01
7.037323055910327252e-01
7.144320400140253824e-01
7.179846622802144029e-01
7.043114597795272491e-01
7.003060074214598751e-01
7.125537966090863540e-01
7.035938480842401921e-01
7.251282528466888033e-01
6.875602757436013457e-01
7.092256671569269200e-01
7.161529124928515122e-01
7.053067262775384316e-01
7.074548221047350927e-01
7.064477514584924789e-01
6.121374883846780746e-01
6.099876440776286213e-01
6.200427470350561299e-01
6.299128270990019818e-01
6.185372151731373114e-01
6.221007838105657717e-01
6.302090833125617575e-01
6.359099007194815023e-01
6.306967143106038121e-01
6.285926485661971208e-01
6.419073357782280054e-01
6.470847253832622270e-01
6.286388924555269542e-01
6.199315029865796189e-01
6.302529538510766027e-01
6.151605472727411650e-01
6.281703009134145255e-01
6.367048090720170972e-01
6.279868374873800452e-01
6.174939607246814344e-01
6.109392138865896715e-01
6.222861437501745474e-01
6.298747960934305556e-01
6.121544815548809471e-01
6.355133032852708919e-01
6.120086264808851650e-01
6.500379606340023209e-01
6.260757186403708152e-01
5.947516040231004553e-01
6.544671984059887704e-01
6.249447097074343205e-01
6.163822822670907975e-01
6.180786960067372604e-01
6.414986334599287465e-01
6.256640854647892436e-01
6.043379799292427634e-01
6.252931590105484938e-01
6.270972515275825554e-01
6.351685722548920943e-01
6.128778992146597382e-01
6.034807864792267607e-01
6.253860110613609358e-01
6.212342869184278582e-01
6.080967341390198788e-01
6.168884916078830605e-01
6.516184887343080545e-01
6.273839782810113341e-01
6.216570347442114119e-01
6.330006964488591459e-01
6.436874892508036572e-01
6.410592304212331394e-01
6.173185439888597692e-01
6.287138653363489871e-01
6.229969418903155143e-01
6.241211355429208130e-01
6.582613791193695496e-01
6.336867021439043235e-01
6.178018594587298962e-01
6.385783306075907273e-01
6.246137739342374484e-01
6.252169231797569671e-01
6.247152331992620322e-01
6.188684134332065323e-01
6.089874286921407309e-01
6.303191632848635928e-01
6.353828710463594875e-01
6.474902188825079064e-01
6.576425418224931541e-01
6.330306660080594616e-01
6.376302551914045935e-01
6.344818025980034637e-01
6.290782874892186793e-01
6.183298311785409007e-01
6.175019872985237912e-01
6.337119477019049762e-01
6.256788847419448851e-01
6.506255082240450793e-01
6.236301699140862631e-01
6.195593110905254219e-01
6.236417414269567194e-01
6.457323867712538856e-01
6.201823716744817583e-01
6.353518750947142468e-01
6.199640043483881646e-01
6.104919525935658120e-01
6.511897361801526340e-01
6.364017754661791537e-01
6.189981986830910277e-01
6.413949843654812577e-01
6.558817199259120434e-01
6.428338872289084405e-01
6.258417060434401380e-01
6.420577621298783066e-01
6.275675000763835110e-01
6.384867967575019732e-01
6.384434737066487786e-01
6.153978028034801095e-01
6.266171599570906636e-01
6.467408394340594668e-01
6.458456852665116488e-01
6.307262679606124856e-01
6.242996237526819980e-01
6.172642606047388236e-01
6.437488666545099214e-01
6.398638618720343674e-01
6.240951960486892380e-01
6.162148148610609999e-01
6.394515369491188261e-01
6.413318526055703517e-01
6.227078193442724396e-01
6.426628302078173371e-01
6.470268038039763692e-01
6.233968719884619425e-01
6.292125596744995164e-01
6.314026668184943292e-01
6.355687323273705447e-01
6.203632928426456861e-01
6.054458239554926235e-01
6.388573025387426219e-01
6.325365345830071817e-01
6.491277595744716633e-01
6.336942311143431983e-01
6.434325337325584870e-01
6.498856607966554400e-01
6.365706921010413355e-01
6.222213950374418934e-01
6.247756705915711306e-01
6.557812173929608024e-01
6.608434306404541436e-01
6.745099308805555527e-01
6.872809550613405705e-01
6.775462706185874096e-01
7.030368605739495402e-01
6.600517705408598390e-01
6.818515089811033603e-01
6.824146046596405446e-01
6.841614307193832900e-01
6.675726290880795721e-01
6.724893153116894284e-01
6.579666176548139012e-01
6.687114712872301858e-01
6.775897235748128411e-01
6.878285797839063243e-01
7.021530147796676280e-01
6.801763083051186598e-01
6.907831562030725125e-01
7.017708420384747292e-01
6.968202782377714843e-01
6.784471769107937034e-01
6.790325322890125026e-01
6.567545952548630162e-01
6.812646965829689538e-01
6.954820203505324150e-01
7.003428554416891716e-01
6.917891142475879329e-01
6.786572789644556014e-01
6.692197093410527931e-01
6.596611225628166153e-01
6.761360021526043873e-01
6.909553984704952523e-01
6.671360220717856837e-01
6.912063523438337631e-01
6.885330789911806582e-01
6.712722100230090749e-01
6.765211450388652903e-01
6.890314753569822814e-01
6.853282686281533254e-01
6.930378034264524922e-01
6.939371066904544971e-01
6.883282259391079183e-01
6.861517063316765475e-01
6.833870638034965639e-01
6.770258177260183308e-01
6.868820069293659625e-01
6.698006251752136597e-01
6.457840328129861307e-01
6.890519652034484688e-01
6.792878248656589735e-01
6.781484236784640629e-01
6.892002698101387104e-01
6.590073958794336884e-01
6.956524623445722311e-01
6.921708825499247597e-01
6.699534027261939695e-01
6.968421744736029710e-01
6.556593476481590299e-01
7.041865482662890141e-01
6.822093069961248091e-01
6.549983575034943328e-01
6.621546383209125919e-01
6.901161929939091388e-01
6.713924543010760804e-01
6.620686035050954432e-01
6.481589107044070097e-01
6.538150490943688276e-01
6.386495809480061681e-01
6.562881237262043754e-01
6.596128506377781919e-01
6.811860862837184616e-01
6.695285236074267621e-01
6.671610416858987369e-01
6.840037119328185033e-01
6.567232428578999581e-01
6.854141917710047105e-01
6.271664909277047117e-01
6.528840502748445296e-01
6.400701824951512409e-01
6.473846928398793166e-01
6.535625074965505377e-01
6.691410211760268067e-01
6.366609454596460216e-01
6.582912316079294612e-01
6.729921948618817762e-01
6.448502364007822063e-01
6.350725900043671102e-01
6.611073227028835264e-01
6.569433708307993447e-01
6.514330892679385254e-01
6.581326626694817827e-01
6.510373220369474190e-01
6.374832512063389744e-01
6.542132151864010758e-01
6.608952623915551605e-01
6.698522259942168988e-01
6.621142247078520837e-01
6.407169675825884481e-01
6.546150510487460661e-01
6.563118137021372034e-01
6.626001860866889137e-01
6.684757839621218167e-01
6.460861992484868699e-01
6.472273316395100728e-01
6.740131966837350497e-01
6.682701013087632980e-01
6.616231740876672429e-01
6.532204759447904907e-01
6.570219453308500102e-01
6.734250286905668625e-01
6.367184030133712369e-01
6.747945229731533434e-01
6.505691639989198416e-01
6.675808713451863996e-01
6.543560655700428885e-01
6.400389570412460261e-01
6.626919447951871156e-01
6.549746950268845458e-01
6.785925165972384043e-01
6.669762439122319808e-01
6.880948910636035531e-01
6.516402737058810679e-01
6.547862841739708895e-01
6.415567822102073992e-01
6.485202971634674851e-01
6.832875104874087668e-01
6.627974660954257802e-01
6.624352480971664736e-01
6.286386921235377345e-01
6.225778317599632850e-01
6.300543770460115267e-01
6.117639539099929413e-01
6.462554627693740672e-01
6.347945048306050664e-01
6.268804551284725690e-01
6.331235773806048739e-01
6.252604629569815664e-01
6.179910406287549840e-01
6.151316890464254561e-01
6.140969189746163792e-01
6.372964956169882011e-01
6.102217694344345134e-01
6.181664192783792311e-01
6.209438897049841533e-01
6.272037720100437364e-01
6.271038162073785394e-01
6.290902135899353320e-01
6.082797153345409491e-01
6.241668384538120451e-01
6.303905015215931495e-01
6.216287552759875989e-01
6.364897941778843160e-01
6.215036662982844629e-01
6.464096075418420684e-01
6.096977396352925016e-01
6.155560052980704189e-01
6.348977150581303075e-01
6.048927224621418741e-01
6.290171982815385698e-01
6.288439389736856233e-01
6.295964400742203315e-01
6.172402037708372147e-01
6.374319344696806056e-01
6.267567218137806151e-01
6.340110149277613516e-01
6.094623616008369993e-01
6.325325350755349740e-01
6.037648697487939531e-01
6.284985286614434008e-01
6.175192203450399209e-01
6.226351055759807851e-01
6.154358292888305604e-01
6.317327964107529725e-01
6.179574387838764338e-01
6.254693887827906806e-01
6.089147218135739781e-01
6.295150448093485007e-01
6.197828016243239757e-01
6.196297665408574407e-01
6.219184237323132081e-01
6.122391869719836510e-01
6.217042702298658519e-01
6.135607676492129681e-01
6.220700904693561295e-01
6.235208032160650671e-01
6.279029067857134772e-01
6.175971797199659719e-01
6.150032296978650281e-01
6.406058708798298973e-01
6.121155632533039626e-01
6.323773653985025334e-01
6.066445625274542452e-01
6.235590827097285960e-01
6.228717841686615131e-01
6.367447698709884918e-01
6.348924905007895525e-01
6.474114875330482244e-01
6.406204394178618422e-01
6.401824437367390486e-01
6.482993238824663607e-01
6.398495456367319090e-01
6.406121776605313567e-01
6.221259120188566971e-01
6.358178911426756175e-01
6.253805845279237774e-01
6.313531545622216301e-01
6.135489091262601447e-01
6.208607377583913456e-01
6.327059984233401879e-01
6.577919335773769749e-01
6.457034483429126004e-01
6.647315585983510910e-01
6.373718863489133968e-01
6.299328014189284897e-01
6.118520470794054367e-01
6.306322937972048681e-01
6.540357384453702183e-01
6.493030711693835721e-01
6.512107447552821782e-01
6.235559954518641312e-01
6.379245597517805288e-01
6.117151057158749516e-01
6.372632530775416138e-01
6.303428525097477531e-01
6.382705358333516932e-01
6.496440529849156764e-01
6.053760184097657371e-01
6.384978394551077407e-01
6.039002446021812798e-01
6.562561266808174532e-01
6.483817757950564031e-01
6.266314664686153391e-01
6.291235038564968463e-01
6.245705838808699450e-01
6.288845554277033845e-01
6.262608559944460307e-01
6.380469042191923013e-01
6.498678526706722636e-01
6.467795820793896810e-01
6.337245869650640628e-01
6.412511880554709887e-01
6.401948046068877129e-01
6.214542672308487337e-01
6.539163996196561968e-01
6.415914222786802679e-01
6.513119496206156711e-01
6.382658891821975100e-01
6.489611478816376122e-01
6.656498238787339483e-01
6.340328083014200589e-01
6.565421063100951304e-01
6.278877470039511133e-01
6.330511269341818625e-01
6.356206290504563539e-01
6.074530533533066823e-01
6.384145979582580566e-01
5.992659099466561834e-01
6.180374082363079280e-01
6.151623072752324672e-01
6.097451933672509705e-01
5.955713024846583936e-01
6.173590188370424725e-01
6.176235869972442893e-01
6.088118432633307098e-01
5.934394921951069435e-01
6.088700782027259839e-01
6.233988771259627582e-01
6.245951064077800430e-01
6.142783373695243077e-01
6.084952944592620927e-01
6.275527090762583748e-01
6.135511200736515347e-01
6.170460172687799449e-01
6.103700377714242897e-01
6.107292909036682316e-01
6.053393100697048723e-01
6.237017467485413968e-01
6.027910576061096259e-01
6.041075606128772923e-01
6.219686484232856971e-01
6.063636198833699531e-01
6.091788438253644689e-01
6.084276560720592864e-01
6.029728200037630659e-01
6.148693715567949969e-01
5.977048146687068408e-01
6.036321649729885497e-01
6.204506184395378598e-01
6.166745629691181563e-01
6.006277839635750793e-01
6.135419270683482029e-01
6.108580021792803239e-01
6.244288193386013930e-01
5.994896907850666423e-01
6.041507244643997687e-01
5.989551502732420873e-01
6.040559153534496017e-01
6.055722799675524737e-01
6.176532478887495348e-01
6.081916318357231122e-01
6.011782675926051756e-01
6.131199819615370528e-01
6.154127215498557124e-01
5.923164944702518087e-01
6.103979645945299959e-01
5.922860537024360328e-01
6.222646962985732833e-01
6.211352287103520942e-01
6.133437221639811421e-01
6.069253550017283949e-01
6.112847307085416126e-01
6.113188278211143523e-01
6.051329725993008779e-01
6.193292820456588466e-01
6.150659136586260622e-01
6.178304756378935059e-01
5.935762054968898305e-01
6.095360760788840482e-01
6.129278425806838904e-01
6.093522277654576103e-01
7.587810802632091178e-01
7.612470092678703670e-01
7.506619827889967622e-01
7.586400324702748943e-01
7.835880363395275605e-01
7.400997185583579885e-01
7.564548010955428614e-01
7.592192719785588739e-01
7.759556053008787035e-01
7.633814936476931434e-01
7.540677860776024977e-01
7.808045787783507441e-01
7.180003893207714816e-01
7.542736609075054721e-01
7.442912260159521010e-01
7.403570863794899370e-01
7.331956077899808299e-01
7.597836338365335784e-01
7.226836238101561616e-01
7.616071219606295184e-01
7.542653282303117823e-01
7.577112507924848028e-01
7.466462658642135652e-01
7.412354820041573422e-01
7.648504400894866606e-01
7.389182692413420739e-01
7.597550650799848038e-01
7.692229202564561108e-01
7.576020029285625013e-01
7.578400821280739663e-01
7.623266254128782116e-01
7.976965921764291867e-01
7.452308510023173405e-01
7.539177492394909530e-01
7.413491938661201930e-01
7.562842603925027385e-01
7.272401314986410847e-01
7.570646380355491312e-01
7.641854356203914289e-01
7.705370079278508477e-01
7.544300378222463799e-01
7.558452424313898410e-01
7.682585802515168316e-01
7.825891705117629105e-01
7.742765284879747911e-01
7.516038267218931868e-01
7.436028033622038569e-01
7.663980889944923547e-01
7.650840932252489512e-01
7.350891043633041022e-01
7.535728144259675743e-01
7.669950701197035814e-01
7.411521432496697148e-01
7.646961388352383482e-01
7.552242165914752059e-01
7.738833281097560191e-01
7.464091879374358252e-01
7.474216729447911156e-01
7.621458535151581781e-01
7.285872858142320441e-01
7.489723996233746961e-01
7.639963715896656016e-01
7.576786144568921078e-01
7.341878640620244090e-01
7.072137310859158976e-01
7.000612589499983773e-01
6.870493726458318795e-01
7.246150411820788673e-01
6.813827493482660369e-01
7.143861868148414507e-01
7.083253255020089956e-01
7.197404121613018013e-01
7.146002872769796621e-01
7.093225278115311561e-01
7.092947623746077568e-01
7.227254193561516438e-01
6.849536005110015147e-01
7.169934373052802012e-01
6.748871002895671101e-01
6.901334864992487717e-01
6.917714022272846153e-01
7.323107250250269207e-01
7.231770792096932077e-01
7.135624119213278549e-01
7.054264450652383278e-01
7.262945504709988898e-01
7.063828338731977796e-01
7.248944422069417692e-01
6.784221523496596351e-01
7.014273390935710228e-01
7.075910329584396141e-01
7.134311553859523647e-01
6.876120013592682545e-01
7.154025980105461757e-01
6.850062623556298913e-01
7.019800744048925178e-01
6.985810773951557362e-01
7.256447569476166537e-01
7.031322258577122897e-01
6.918646004177283482e-01
7.026310789680751956e-01
6.959793777763374489e-01
7.055559022024753268e-01
6.947837640598126807e-01
7.003587796908289365e-01
6.795280122176526882e-01
7.216316669763500613e-01
7.302530634252620834e-01
7.099314116108127459e-01
6.971551691619914948e-01
6.839528566828598777e-01
7.003718930144580135e-01
7.234810190990639267e-01
7.299489157243542747e-01
7.003736350277848244e-01
7.244894719436388852e-01
7.127729095408085191e-01
7.075706727126860329e-01
6.817918061803891483e-01
7.243084892503939276e-01
6.989606096195084550e-01
7.200979447638576891e-01
7.200422416434820727e-01
6.861785545095253624e-01
7.182272676114693777e-01
6.990047904695172454e-01
7.182946298822729947e-01
7.095734352681838386e-01
6.925219530798844003e-01
