5.552728271653635250e-01
5.552728271653635250e-01
9.999928617011650811e-01
1.000000000000000000e+00
5.552728271653635250e-01
9.999999999639641590e-01
5.552728271653635250e-01
1.000000000000000000e+00
5.552728271653635250e-01
5.552728271653635250e-01
5.552728271653635250e-01
5.836577144730782374e-01
5.552728271653635250e-01
5.552728271653635250e-01
5.552728271653635250e-01
5.552728271653635250e-01
5.552728271653635250e-01
5.552728271685944961e-01
9.772604202126726758e-01
5.552728271653635250e-01
5.552728271653635250e-01
5.552728271653635250e-01
5.552728271653635250e-01
5.552728271653635250e-01
5.552728271653635250e-01
5.552728271653635250e-01
1.000000000000000000e+00
5.552728271653635250e-01
5.552728271653635250e-01
5.552728271653635250e-01
5.552728271653635250e-01
5.552728271653635250e-01
5.552728271653635250e-01
1.000000000000000000e+00
5.552728271653635250e-01
5.552728271653635250e-01
5.552728271653635250e-01
5.552728271653635250e-01
5.552728271653635250e-01
1.000000000000000000e+00
9.999964372708897153e-01
5.552728271653635250e-01
5.552728271653635250e-01
5.552728271653635250e-01
5.552728271653635250e-01
5.552728271653635250e-01
5.552728271653635250e-01
5.552728271653635250e-01
5.552728271653635250e-01
5.552728271653635250e-01
1.000000000000000000e+00
5.552728271653635250e-01
5.552728271653635250e-01
5.552728271653635250e-01
5.552728271653635250e-01
5.552728271653635250e-01
5.552728271653635250e-01
5.552728271653635250e-01
5.552728271653635250e-01
5.552728271653635250e-01
5.552728271653635250e-01
5.552728271653635250e-01
5.552728271653635250e-01
5.552728271653635250e-01
