5.557410843350883978e-01
5.557410843350883978e-01
5.557410843350883978e-01
5.557413542638700577e-01
5.557410843350883978e-01
1.000000000000000000e+00
1.000000000000000000e+00
5.557410843350883978e-01
5.557410843350883978e-01
1.000000000000000000e+00
7.515872851053212456e-01
1.000000000000000000e+00
1.000000000000000000e+00
5.557410843350883978e-01
5.557410843350883978e-01
5.557660327641804621e-01
5.557410843350883978e-01
5.557410843350883978e-01
5.557410843350883978e-01
5.557410843350883978e-01
5.557410843350883978e-01
5.557410843350883978e-01
5.557410843350883978e-01
5.557410843352763585e-01
5.557410843350883978e-01
9.999999999999429345e-01
1.000000000000000000e+00
5.557410843350883978e-01
5.557410843350883978e-01
5.557410843350883978e-01
5.557410843350883978e-01
5.557410843350883978e-01
5.557410843350883978e-01
5.557410843351149321e-01
5.557410843350883978e-01
5.557410843350883978e-01
5.557410843350883978e-01
5.557410843350883978e-01
5.557411239295663163e-01
9.999999999998356870e-01
1.000000000000000000e+00
5.557410843350883978e-01
5.557410843350883978e-01
9.999974705530941810e-01
5.557410843350883978e-01
5.572270557177396721e-01
5.557410843350883978e-01
5.557410843350883978e-01
5.557410843350883978e-01
5.557410843350883978e-01
5.557410843350883978e-01
5.557410843350883978e-01
5.557410843350883978e-01
5.557410843350883978e-01
5.557410843350883978e-01
5.557410843350883978e-01
5.557410843350883978e-01
5.557410843350883978e-01
5.557410843350883978e-01
1.000000000000000000e+00
5.557410843350883978e-01
5.557410843350883978e-01
5.557410843350883978e-01
5.557410843350883978e-01
