5.553377281759220851e-01
5.553377281759220851e-01
5.553377281759220851e-01
5.553377289355433399e-01
9.999999434187524239e-01
1.000000000000000000e+00
5.553377281759220851e-01
5.553377281759220851e-01
5.553377281759220851e-01
5.553377281759220851e-01
5.553377281759220851e-01
5.553377281759220851e-01
5.553377281759220851e-01
5.553377281759220851e-01
5.553377281759906969e-01
5.553377281759220851e-01
5.553377281759220851e-01
5.553377281759220851e-01
1.000000000000000000e+00
5.553377281759220851e-01
5.553377281759220851e-01
1.000000000000000000e+00
5.553377281759220851e-01
5.553377281759995787e-01
5.553377281759220851e-01
5.553377281759220851e-01
5.553377281759220851e-01
5.553377281759220851e-01
5.553377281759220851e-01
5.553377281759220851e-01
5.553377281759220851e-01
1.000000000000000000e+00
5.553377281759220851e-01
5.553377281759220851e-01
9.999999972290465333e-01
5.553377281759220851e-01
5.553377281759220851e-01
5.553377281759220851e-01
5.553377281759220851e-01
5.553377281759220851e-01
5.553377281759220851e-01
5.553377281759220851e-01
5.553377281759220851e-01
5.553377281759220851e-01
5.553377281759220851e-01
5.553377281759220851e-01
5.553377281759220851e-01
5.553377281759220851e-01
5.553377281759220851e-01
5.553377281759220851e-01
5.553377281759220851e-01
5.553377281759220851e-01
1.000000000000000000e+00
5.553377281759220851e-01
9.999997310135053663e-01
5.553377281759220851e-01
5.553377281759220851e-01
5.553377281759220851e-01
5.553377281759220851e-01
5.553377281759220851e-01
5.553377281759220851e-01
5.553377281759220851e-01
5.553377281759220851e-01
5.553377281759220851e-01
