5.551439493364150879e-01
5.551439493364150879e-01
5.551439493364150879e-01
1.000000000000000000e+00
5.551439493364150879e-01
5.551439493364150879e-01
5.551439493364150879e-01
5.551439493364150879e-01
5.551439493364150879e-01
5.551439493364150879e-01
5.551439493364150879e-01
5.551439493364150879e-01
5.551439493364150879e-01
5.551439493364150879e-01
5.551439493364150879e-01
5.551439493364150879e-01
5.551439493364150879e-01
1.000000000000000000e+00
1.000000000000000000e+00
5.551439493364150879e-01
5.551439493364150879e-01
5.551439493364150879e-01
5.551439493364150879e-01
5.551439493364150879e-01
7.498624721718468722e-01
1.000000000000000000e+00
5.551439493364150879e-01
5.551439493364150879e-01
5.551439493364150879e-01
5.551439493364150879e-01
5.551439493364150879e-01
5.551439493364150879e-01
5.551439493364150879e-01
5.551439493364150879e-01
5.551439493364150879e-01
5.551439493364150879e-01
5.551439493364150879e-01
5.551439493364150879e-01
1.000000000000000000e+00
1.000000000000000000e+00
9.917750665613054295e-01
5.551439493364150879e-01
5.551439493364150879e-01
5.551439493364150879e-01
5.551439493364150879e-01
5.551439493364150879e-01
5.551439493364150879e-01
5.551439493364150879e-01
5.551439493364150879e-01
5.551439493364150879e-01
5.551439493364150879e-01
5.551439493364150879e-01
5.551439493364150879e-01
5.551439493364150879e-01
5.551439493364150879e-01
7.174775854837828204e-01
5.551439493364150879e-01
5.551439493364150879e-01
5.551439493364150879e-01
5.551439537052935691e-01
5.551439493364150879e-01
5.551439493364150879e-01
5.551439493364150879e-01
5.551439493364150879e-01
