5.558139931114762788e-01
1.000000000000000000e+00
5.558139931114762788e-01
5.558139931114762788e-01
5.558139931114762788e-01
5.558139931114762788e-01
5.558139931114762788e-01
5.558139931114762788e-01
5.558139931114762788e-01
5.558139931114762788e-01
5.558139931114762788e-01
5.558139931114762788e-01
9.999999999998883116e-01
5.558139931114762788e-01
5.558139931114762788e-01
5.558139931114762788e-01
5.558139931114762788e-01
5.558139931114762788e-01
5.558139931114762788e-01
5.558142963580771090e-01
1.000000000000000000e+00
5.558139931114762788e-01
5.558139931114762788e-01
5.558139931114762788e-01
5.558139931114762788e-01
5.558139931114762788e-01
9.999999999992068567e-01
5.558139931114762788e-01
5.558139931114762788e-01
5.558139931114762788e-01
5.558139931114762788e-01
6.707731604718008001e-01
5.558139931114762788e-01
8.080610159734916698e-01
9.999999999999775735e-01
5.558139931114762788e-01
1.000000000000000000e+00
5.558139931114762788e-01
5.558139931114762788e-01
5.558139931114762788e-01
1.000000000000000000e+00
5.558139931114762788e-01
5.558139931114762788e-01
5.558139931114762788e-01
5.558139931114762788e-01
5.558139931114762788e-01
5.558139931114762788e-01
5.558139931114762788e-01
5.558139931114762788e-01
5.558139931114762788e-01
5.558139931114762788e-01
5.558139931114762788e-01
5.558139931114762788e-01
1.000000000000000000e+00
5.558139931114762788e-01
5.558139931114762788e-01
9.959310045573335213e-01
5.558139931114762788e-01
5.558139931114762788e-01
5.558139931114762788e-01
8.194319194427034381e-01
5.558139931114762788e-01
5.558139931114762788e-01
5.558139931114762788e-01
