5.546255722619127804e-01
5.546255722619127804e-01
5.546255722619127804e-01
1.000000000000000000e+00
5.546255722619127804e-01
5.546255722619127804e-01
5.546255722619127804e-01
5.546255722619127804e-01
5.546255722619127804e-01
5.546255722619127804e-01
5.546255722619127804e-01
9.999999999972257747e-01
5.546255722619127804e-01
5.546255722619127804e-01
5.546255722619127804e-01
5.546255722619127804e-01
5.546255722619127804e-01
5.546255722619127804e-01
5.546255722619127804e-01
5.546255722619127804e-01
5.546255722619127804e-01
5.546255722619127804e-01
5.546255722619127804e-01
5.546255722619127804e-01
5.546255722619127804e-01
5.546255722619127804e-01
7.171233357739289493e-01
5.546255722619127804e-01
5.546255722619127804e-01
5.546255722619127804e-01
1.000000000000000000e+00
5.546255722619127804e-01
5.546255722619127804e-01
5.546255722619127804e-01
5.546255722619127804e-01
1.000000000000000000e+00
5.546255722619127804e-01
5.546255722619127804e-01
5.546255722619127804e-01
5.553408652342691765e-01
7.163659777242629145e-01
5.546255722619127804e-01
9.959716829582609954e-01
5.546255722619127804e-01
5.546255722619127804e-01
1.000000000000000000e+00
5.546255722619127804e-01
5.546255722619127804e-01
5.546255722619127804e-01
5.546255722619127804e-01
5.546255722619127804e-01
5.546255722619127804e-01
5.546255722619127804e-01
5.546255728834583731e-01
5.546255722619127804e-01
5.546255722619127804e-01
5.546255722619127804e-01
5.546255722619127804e-01
9.999999999999815703e-01
5.546255722619127804e-01
1.000000000000000000e+00
5.546255722619127804e-01
5.546255722619127804e-01
5.546255722619127804e-01
