5.517363267960517792e-01
5.517363267960517792e-01
5.517363267960517792e-01
5.517363267960517792e-01
5.517363267960517792e-01
5.517363267960517792e-01
5.517363267968288243e-01
5.521200492328718346e-01
5.517363267960517792e-01
5.517363267960517792e-01
5.517363267960517792e-01
1.000000000000000000e+00
5.517363267960517792e-01
5.517363267960517792e-01
5.517363267960517792e-01
1.000000000000000000e+00
5.517363267960517792e-01
5.517363267960517792e-01
5.517363267960517792e-01
5.517363267960517792e-01
5.517363267960517792e-01
1.000000000000000000e+00
1.000000000000000000e+00
1.000000000000000000e+00
9.948154299760235686e-01
1.000000000000000000e+00
5.517363267960517792e-01
5.517363267960517792e-01
9.999999999953526064e-01
5.517363267960517792e-01
5.517363267960517792e-01
1.000000000000000000e+00
5.517363267960517792e-01
1.000000000000000000e+00
5.517363267960517792e-01
5.517363267960517792e-01
5.517363267960517792e-01
5.517363267960517792e-01
5.517363267960517792e-01
5.517363267960517792e-01
1.000000000000000000e+00
5.517363267960517792e-01
5.517363267960517792e-01
1.000000000000000000e+00
1.000000000000000000e+00
5.517363267960517792e-01
1.000000000000000000e+00
1.000000000000000000e+00
5.517363267960517792e-01
5.517363267960517792e-01
5.517363267960517792e-01
5.517363267960517792e-01
5.517363267960517792e-01
5.517363267960517792e-01
5.517363267960517792e-01
5.517363267960517792e-01
9.999999999999853451e-01
5.517363267960517792e-01
5.517363267960517792e-01
5.517363267960517792e-01
5.517363267960517792e-01
5.517363267960517792e-01
1.000000000000000000e+00
1.000000000000000000e+00
