5.571187083898110348e-01
1.000000000000000000e+00
1.000000000000000000e+00
5.571187083898110348e-01
5.571187083898110348e-01
5.571187083898110348e-01
1.000000000000000000e+00
5.571187083898110348e-01
5.571187083898110348e-01
5.571187083898110348e-01
5.571187083898110348e-01
5.571187083898110348e-01
1.000000000000000000e+00
5.571187083898110348e-01
5.571187083898110348e-01
5.571187083898110348e-01
1.000000000000000000e+00
5.571187083898110348e-01
5.571187083898110348e-01
5.571187083898110348e-01
5.571187083898110348e-01
5.571187083898110348e-01
5.571187083898110348e-01
5.571187083898110348e-01
9.995770179221088458e-01
5.571187083898110348e-01
5.571187083898110348e-01
5.571187083898110348e-01
5.571187083898110348e-01
5.571187083898110348e-01
1.000000000000000000e+00
1.000000000000000000e+00
1.000000000000000000e+00
5.571187083898110348e-01
5.571187083898110348e-01
1.000000000000000000e+00
5.571187083898110348e-01
1.000000000000000000e+00
5.571187083898110348e-01
5.571187083898110348e-01
5.571187083898110348e-01
5.571187083898110348e-01
5.571187084128340627e-01
1.000000000000000000e+00
1.000000000000000000e+00
5.571187083898563319e-01
1.000000000000000000e+00
6.678642962336139854e-01
5.571187083898110348e-01
1.000000000000000000e+00
1.000000000000000000e+00
5.571187083898110348e-01
5.571187083898110348e-01
5.571187083898212489e-01
5.571187083898110348e-01
5.571187083898110348e-01
5.571187083898110348e-01
1.000000000000000000e+00
5.571187083898110348e-01
1.000000000000000000e+00
1.000000000000000000e+00
5.571187083898110348e-01
5.571187083898110348e-01
5.739828634089613191e-01
