5.562855846183251129e-01
5.562855846183251129e-01
1.000000000000000000e+00
1.000000000000000000e+00
1.000000000000000000e+00
1.000000000000000000e+00
1.000000000000000000e+00
5.562855846183251129e-01
1.000000000000000000e+00
1.000000000000000000e+00
1.000000000000000000e+00
1.000000000000000000e+00
5.562855846183251129e-01
1.000000000000000000e+00
1.000000000000000000e+00
1.000000000000000000e+00
1.000000000000000000e+00
9.999998410746958610e-01
5.562855846183251129e-01
5.562855846183251129e-01
1.000000000000000000e+00
1.000000000000000000e+00
5.562855846183251129e-01
5.562855846183251129e-01
5.562855846183251129e-01
5.562855846183251129e-01
5.562855846183251129e-01
1.000000000000000000e+00
1.000000000000000000e+00
1.000000000000000000e+00
1.000000000000000000e+00
9.999999976846787320e-01
1.000000000000000000e+00
5.562855846183251129e-01
1.000000000000000000e+00
5.562855846183251129e-01
5.562855846183251129e-01
5.562855846183251129e-01
1.000000000000000000e+00
9.999999994890589328e-01
1.000000000000000000e+00
1.000000000000000000e+00
1.000000000000000000e+00
9.999999999982596144e-01
1.000000000000000000e+00
1.000000000000000000e+00
5.562855846183251129e-01
1.000000000000000000e+00
5.562855846183251129e-01
1.000000000000000000e+00
1.000000000000000000e+00
1.000000000000000000e+00
5.562855846183251129e-01
1.000000000000000000e+00
5.562855846183251129e-01
1.000000000000000000e+00
5.562855846183251129e-01
1.000000000000000000e+00
1.000000000000000000e+00
1.000000000000000000e+00
1.000000000000000000e+00
1.000000000000000000e+00
5.562855846183251129e-01
5.562855846183251129e-01
