1.000000000000000000e+00
5.573485765202523812e-01
5.573485765202523812e-01
1.000000000000000000e+00
5.573485765202523812e-01
5.573485765202523812e-01
5.573485765202523812e-01
5.573485765202523812e-01
5.573485765202523812e-01
5.573485765202523812e-01
5.573485765202523812e-01
9.652794189519671164e-01
9.999999999999997780e-01
1.000000000000000000e+00
5.573485765202523812e-01
5.573485765202523812e-01
1.000000000000000000e+00
5.573485765202523812e-01
9.654603901497300633e-01
1.000000000000000000e+00
1.000000000000000000e+00
1.000000000000000000e+00
1.000000000000000000e+00
9.999779609278192094e-01
7.280721013768415295e-01
5.573485765202523812e-01
5.573485765202523812e-01
1.000000000000000000e+00
1.000000000000000000e+00
1.000000000000000000e+00
1.000000000000000000e+00
1.000000000000000000e+00
1.000000000000000000e+00
9.943031533995259075e-01
5.573485765202523812e-01
1.000000000000000000e+00
5.573485765202523812e-01
1.000000000000000000e+00
5.573485765202523812e-01
5.573485765202523812e-01
1.000000000000000000e+00
1.000000000000000000e+00
5.573485765202523812e-01
5.573485765202523812e-01
1.000000000000000000e+00
5.573485765202523812e-01
1.000000000000000000e+00
1.000000000000000000e+00
5.573485765202523812e-01
5.573485765202523812e-01
1.000000000000000000e+00
5.573485765202523812e-01
1.000000000000000000e+00
1.000000000000000000e+00
1.000000000000000000e+00
5.573485765202523812e-01
5.573485765202523812e-01
1.000000000000000000e+00
1.000000000000000000e+00
1.000000000000000000e+00
5.573489944830496423e-01
1.000000000000000000e+00
1.000000000000000000e+00
1.000000000000000000e+00
1.000000000000000000e+00
