5.552728271653635250e-01
5.552728271653635250e-01
9.999928617011650811e-01
1.000000000000000000e+00
5.552728271653635250e-01
9.999999999639641590e-01
5.552728271653635250e-01
1.000000000000000000e+00
5.552728271653635250e-01
5.552728271653635250e-01
5.552728271653635250e-01
5.836577144730782374e-01
5.552728271653635250e-01
5.552728271653635250e-01
5.552728271653635250e-01
5.552728271653635250e-01
5.552728271653635250e-01
5.552728271685944961e-01
9.772604202126726758e-01
5.552728271653635250e-01
5.552728271653635250e-01
5.552728271653635250e-01
5.552728271653635250e-01
5.552728271653635250e-01
5.552728271653635250e-01
5.552728271653635250e-01
1.000000000000000000e+00
5.552728271653635250e-01
5.552728271653635250e-01
5.552728271653635250e-01
5.552728271653635250e-01
5.552728271653635250e-01
5.552728271653635250e-01
1.000000000000000000e+00
5.552728271653635250e-01
5.552728271653635250e-01
5.552728271653635250e-01
5.552728271653635250e-01
5.552728271653635250e-01
1.000000000000000000e+00
9.999964372708897153e-01
5.552728271653635250e-01
5.552728271653635250e-01
5.552728271653635250e-01
5.552728271653635250e-01
5.552728271653635250e-01
5.552728271653635250e-01
5.552728271653635250e-01
5.552728271653635250e-01
5.552728271653635250e-01
1.000000000000000000e+00
5.552728271653635250e-01
5.552728271653635250e-01
5.552728271653635250e-01
5.552728271653635250e-01
5.552728271653635250e-01
5.552728271653635250e-01
5.552728271653635250e-01
5.552728271653635250e-01
5.552728271653635250e-01
5.552728271653635250e-01
5.552728271653635250e-01
5.552728271653635250e-01
5.552728271653635250e-01
5.557410843350883978e-01
5.557410843350883978e-01
5.557410843350883978e-01
5.557413542638700577e-01
5.557410843350883978e-01
1.000000000000000000e+00
1.000000000000000000e+00
5.557410843350883978e-01
5.557410843350883978e-01
1.000000000000000000e+00
7.515872851053212456e-01
1.000000000000000000e+00
1.000000000000000000e+00
5.557410843350883978e-01
5.557410843350883978e-01
5.557660327641804621e-01
5.557410843350883978e-01
5.557410843350883978e-01
5.557410843350883978e-01
5.557410843350883978e-01
5.557410843350883978e-01
5.557410843350883978e-01
5.557410843350883978e-01
5.557410843352763585e-01
5.557410843350883978e-01
9.999999999999429345e-01
1.000000000000000000e+00
5.557410843350883978e-01
5.557410843350883978e-01
5.557410843350883978e-01
5.557410843350883978e-01
5.557410843350883978e-01
5.557410843350883978e-01
5.557410843351149321e-01
5.557410843350883978e-01
5.557410843350883978e-01
5.557410843350883978e-01
5.557410843350883978e-01
5.557411239295663163e-01
9.999999999998356870e-01
1.000000000000000000e+00
5.557410843350883978e-01
5.557410843350883978e-01
9.999974705530941810e-01
5.557410843350883978e-01
5.572270557177396721e-01
5.557410843350883978e-01
5.557410843350883978e-01
5.557410843350883978e-01
5.557410843350883978e-01
5.557410843350883978e-01
5.557410843350883978e-01
5.557410843350883978e-01
5.557410843350883978e-01
5.557410843350883978e-01
5.557410843350883978e-01
5.557410843350883978e-01
5.557410843350883978e-01
5.557410843350883978e-01
1.000000000000000000e+00
5.557410843350883978e-01
5.557410843350883978e-01
5.557410843350883978e-01
5.557410843350883978e-01
5.553377281759220851e-01
5.553377281759220851e-01
5.553377281759220851e-01
5.553377289355433399e-01
9.999999434187524239e-01
1.000000000000000000e+00
5.553377281759220851e-01
5.553377281759220851e-01
5.553377281759220851e-01
5.553377281759220851e-01
5.553377281759220851e-01
5.553377281759220851e-01
5.553377281759220851e-01
5.553377281759220851e-01
5.553377281759906969e-01
5.553377281759220851e-01
5.553377281759220851e-01
5.553377281759220851e-01
1.000000000000000000e+00
5.553377281759220851e-01
5.553377281759220851e-01
1.000000000000000000e+00
5.553377281759220851e-01
5.553377281759995787e-01
5.553377281759220851e-01
5.553377281759220851e-01
5.553377281759220851e-01
5.553377281759220851e-01
5.553377281759220851e-01
5.553377281759220851e-01
5.553377281759220851e-01
1.000000000000000000e+00
5.553377281759220851e-01
5.553377281759220851e-01
9.999999972290465333e-01
5.553377281759220851e-01
5.553377281759220851e-01
5.553377281759220851e-01
5.553377281759220851e-01
5.553377281759220851e-01
5.553377281759220851e-01
5.553377281759220851e-01
5.553377281759220851e-01
5.553377281759220851e-01
5.553377281759220851e-01
5.553377281759220851e-01
5.553377281759220851e-01
5.553377281759220851e-01
5.553377281759220851e-01
5.553377281759220851e-01
5.553377281759220851e-01
5.553377281759220851e-01
1.000000000000000000e+00
5.553377281759220851e-01
9.999997310135053663e-01
5.553377281759220851e-01
5.553377281759220851e-01
5.553377281759220851e-01
5.553377281759220851e-01
5.553377281759220851e-01
5.553377281759220851e-01
5.553377281759220851e-01
5.553377281759220851e-01
5.553377281759220851e-01
5.551439493364150879e-01
5.551439493364150879e-01
5.551439493364150879e-01
1.000000000000000000e+00
5.551439493364150879e-01
5.551439493364150879e-01
5.551439493364150879e-01
5.551439493364150879e-01
5.551439493364150879e-01
5.551439493364150879e-01
5.551439493364150879e-01
5.551439493364150879e-01
5.551439493364150879e-01
5.551439493364150879e-01
5.551439493364150879e-01
5.551439493364150879e-01
5.551439493364150879e-01
1.000000000000000000e+00
1.000000000000000000e+00
5.551439493364150879e-01
5.551439493364150879e-01
5.551439493364150879e-01
5.551439493364150879e-01
5.551439493364150879e-01
7.498624721718468722e-01
1.000000000000000000e+00
5.551439493364150879e-01
5.551439493364150879e-01
5.551439493364150879e-01
5.551439493364150879e-01
5.551439493364150879e-01
5.551439493364150879e-01
5.551439493364150879e-01
5.551439493364150879e-01
5.551439493364150879e-01
5.551439493364150879e-01
5.551439493364150879e-01
5.551439493364150879e-01
1.000000000000000000e+00
1.000000000000000000e+00
9.917750665613054295e-01
5.551439493364150879e-01
5.551439493364150879e-01
5.551439493364150879e-01
5.551439493364150879e-01
5.551439493364150879e-01
5.551439493364150879e-01
5.551439493364150879e-01
5.551439493364150879e-01
5.551439493364150879e-01
5.551439493364150879e-01
5.551439493364150879e-01
5.551439493364150879e-01
5.551439493364150879e-01
5.551439493364150879e-01
7.174775854837828204e-01
5.551439493364150879e-01
5.551439493364150879e-01
5.551439493364150879e-01
5.551439537052935691e-01
5.551439493364150879e-01
5.551439493364150879e-01
5.551439493364150879e-01
5.551439493364150879e-01
5.558139931114762788e-01
1.000000000000000000e+00
5.558139931114762788e-01
5.558139931114762788e-01
5.558139931114762788e-01
5.558139931114762788e-01
5.558139931114762788e-01
5.558139931114762788e-01
5.558139931114762788e-01
5.558139931114762788e-01
5.558139931114762788e-01
5.558139931114762788e-01
9.999999999998883116e-01
5.558139931114762788e-01
5.558139931114762788e-01
5.558139931114762788e-01
5.558139931114762788e-01
5.558139931114762788e-01
5.558139931114762788e-01
5.558142963580771090e-01
1.000000000000000000e+00
5.558139931114762788e-01
5.558139931114762788e-01
5.558139931114762788e-01
5.558139931114762788e-01
5.558139931114762788e-01
9.999999999992068567e-01
5.558139931114762788e-01
5.558139931114762788e-01
5.558139931114762788e-01
5.558139931114762788e-01
6.707731604718008001e-01
5.558139931114762788e-01
8.080610159734916698e-01
9.999999999999775735e-01
5.558139931114762788e-01
1.000000000000000000e+00
5.558139931114762788e-01
5.558139931114762788e-01
5.558139931114762788e-01
1.000000000000000000e+00
5.558139931114762788e-01
5.558139931114762788e-01
5.558139931114762788e-01
5.558139931114762788e-01
5.558139931114762788e-01
5.558139931114762788e-01
5.558139931114762788e-01
5.558139931114762788e-01
5.558139931114762788e-01
5.558139931114762788e-01
5.558139931114762788e-01
5.558139931114762788e-01
1.000000000000000000e+00
5.558139931114762788e-01
5.558139931114762788e-01
9.959310045573335213e-01
5.558139931114762788e-01
5.558139931114762788e-01
5.558139931114762788e-01
8.194319194427034381e-01
5.558139931114762788e-01
5.558139931114762788e-01
5.558139931114762788e-01
5.546255722619127804e-01
5.546255722619127804e-01
5.546255722619127804e-01
1.000000000000000000e+00
5.546255722619127804e-01
5.546255722619127804e-01
5.546255722619127804e-01
5.546255722619127804e-01
5.546255722619127804e-01
5.546255722619127804e-01
5.546255722619127804e-01
9.999999999972257747e-01
5.546255722619127804e-01
5.546255722619127804e-01
5.546255722619127804e-01
5.546255722619127804e-01
5.546255722619127804e-01
5.546255722619127804e-01
5.546255722619127804e-01
5.546255722619127804e-01
5.546255722619127804e-01
5.546255722619127804e-01
5.546255722619127804e-01
5.546255722619127804e-01
5.546255722619127804e-01
5.546255722619127804e-01
7.171233357739289493e-01
5.546255722619127804e-01
5.546255722619127804e-01
5.546255722619127804e-01
1.000000000000000000e+00
5.546255722619127804e-01
5.546255722619127804e-01
5.546255722619127804e-01
5.546255722619127804e-01
1.000000000000000000e+00
5.546255722619127804e-01
5.546255722619127804e-01
5.546255722619127804e-01
5.553408652342691765e-01
7.163659777242629145e-01
5.546255722619127804e-01
9.959716829582609954e-01
5.546255722619127804e-01
5.546255722619127804e-01
1.000000000000000000e+00
5.546255722619127804e-01
5.546255722619127804e-01
5.546255722619127804e-01
5.546255722619127804e-01
5.546255722619127804e-01
5.546255722619127804e-01
5.546255722619127804e-01
5.546255728834583731e-01
5.546255722619127804e-01
5.546255722619127804e-01
5.546255722619127804e-01
5.546255722619127804e-01
9.999999999999815703e-01
5.546255722619127804e-01
1.000000000000000000e+00
5.546255722619127804e-01
5.546255722619127804e-01
5.546255722619127804e-01
5.517363267960517792e-01
5.517363267960517792e-01
5.517363267960517792e-01
5.517363267960517792e-01
5.517363267960517792e-01
5.517363267960517792e-01
5.517363267968288243e-01
5.521200492328718346e-01
5.517363267960517792e-01
5.517363267960517792e-01
5.517363267960517792e-01
1.000000000000000000e+00
5.517363267960517792e-01
5.517363267960517792e-01
5.517363267960517792e-01
1.000000000000000000e+00
5.517363267960517792e-01
5.517363267960517792e-01
5.517363267960517792e-01
5.517363267960517792e-01
5.517363267960517792e-01
1.000000000000000000e+00
1.000000000000000000e+00
1.000000000000000000e+00
9.948154299760235686e-01
1.000000000000000000e+00
5.517363267960517792e-01
5.517363267960517792e-01
9.999999999953526064e-01
5.517363267960517792e-01
5.517363267960517792e-01
1.000000000000000000e+00
5.517363267960517792e-01
1.000000000000000000e+00
5.517363267960517792e-01
5.517363267960517792e-01
5.517363267960517792e-01
5.517363267960517792e-01
5.517363267960517792e-01
5.517363267960517792e-01
1.000000000000000000e+00
5.517363267960517792e-01
5.517363267960517792e-01
1.000000000000000000e+00
1.000000000000000000e+00
5.517363267960517792e-01
1.000000000000000000e+00
1.000000000000000000e+00
5.517363267960517792e-01
5.517363267960517792e-01
5.517363267960517792e-01
5.517363267960517792e-01
5.517363267960517792e-01
5.517363267960517792e-01
5.517363267960517792e-01
5.517363267960517792e-01
9.999999999999853451e-01
5.517363267960517792e-01
5.517363267960517792e-01
5.517363267960517792e-01
5.517363267960517792e-01
5.517363267960517792e-01
1.000000000000000000e+00
1.000000000000000000e+00
5.571187083898110348e-01
1.000000000000000000e+00
1.000000000000000000e+00
5.571187083898110348e-01
5.571187083898110348e-01
5.571187083898110348e-01
1.000000000000000000e+00
5.571187083898110348e-01
5.571187083898110348e-01
5.571187083898110348e-01
5.571187083898110348e-01
5.571187083898110348e-01
1.000000000000000000e+00
5.571187083898110348e-01
5.571187083898110348e-01
5.571187083898110348e-01
1.000000000000000000e+00
5.571187083898110348e-01
5.571187083898110348e-01
5.571187083898110348e-01
5.571187083898110348e-01
5.571187083898110348e-01
5.571187083898110348e-01
5.571187083898110348e-01
9.995770179221088458e-01
5.571187083898110348e-01
5.571187083898110348e-01
5.571187083898110348e-01
5.571187083898110348e-01
5.571187083898110348e-01
1.000000000000000000e+00
1.000000000000000000e+00
1.000000000000000000e+00
5.571187083898110348e-01
5.571187083898110348e-01
1.000000000000000000e+00
5.571187083898110348e-01
1.000000000000000000e+00
5.571187083898110348e-01
5.571187083898110348e-01
5.571187083898110348e-01
5.571187083898110348e-01
5.571187084128340627e-01
1.000000000000000000e+00
1.000000000000000000e+00
5.571187083898563319e-01
1.000000000000000000e+00
6.678642962336139854e-01
5.571187083898110348e-01
1.000000000000000000e+00
1.000000000000000000e+00
5.571187083898110348e-01
5.571187083898110348e-01
5.571187083898212489e-01
5.571187083898110348e-01
5.571187083898110348e-01
5.571187083898110348e-01
1.000000000000000000e+00
5.571187083898110348e-01
1.000000000000000000e+00
1.000000000000000000e+00
5.571187083898110348e-01
5.571187083898110348e-01
5.739828634089613191e-01
5.562855846183251129e-01
5.562855846183251129e-01
1.000000000000000000e+00
1.000000000000000000e+00
1.000000000000000000e+00
1.000000000000000000e+00
1.000000000000000000e+00
5.562855846183251129e-01
1.000000000000000000e+00
1.000000000000000000e+00
1.000000000000000000e+00
1.000000000000000000e+00
5.562855846183251129e-01
1.000000000000000000e+00
1.000000000000000000e+00
1.000000000000000000e+00
1.000000000000000000e+00
9.999998410746958610e-01
5.562855846183251129e-01
5.562855846183251129e-01
1.000000000000000000e+00
1.000000000000000000e+00
5.562855846183251129e-01
5.562855846183251129e-01
5.562855846183251129e-01
5.562855846183251129e-01
5.562855846183251129e-01
1.000000000000000000e+00
1.000000000000000000e+00
1.000000000000000000e+00
1.000000000000000000e+00
9.999999976846787320e-01
1.000000000000000000e+00
5.562855846183251129e-01
1.000000000000000000e+00
5.562855846183251129e-01
5.562855846183251129e-01
5.562855846183251129e-01
1.000000000000000000e+00
9.999999994890589328e-01
1.000000000000000000e+00
1.000000000000000000e+00
1.000000000000000000e+00
9.999999999982596144e-01
1.000000000000000000e+00
1.000000000000000000e+00
5.562855846183251129e-01
1.000000000000000000e+00
5.562855846183251129e-01
1.000000000000000000e+00
1.000000000000000000e+00
1.000000000000000000e+00
5.562855846183251129e-01
1.000000000000000000e+00
5.562855846183251129e-01
1.000000000000000000e+00
5.562855846183251129e-01
1.000000000000000000e+00
1.000000000000000000e+00
1.000000000000000000e+00
1.000000000000000000e+00
1.000000000000000000e+00
5.562855846183251129e-01
5.562855846183251129e-01
1.000000000000000000e+00
5.573485765202523812e-01
5.573485765202523812e-01
1.000000000000000000e+00
5.573485765202523812e-01
5.573485765202523812e-01
5.573485765202523812e-01
5.573485765202523812e-01
5.573485765202523812e-01
5.573485765202523812e-01
5.573485765202523812e-01
9.652794189519671164e-01
9.999999999999997780e-01
1.000000000000000000e+00
5.573485765202523812e-01
5.573485765202523812e-01
1.000000000000000000e+00
5.573485765202523812e-01
9.654603901497300633e-01
1.000000000000000000e+00
1.000000000000000000e+00
1.000000000000000000e+00
1.000000000000000000e+00
9.999779609278192094e-01
7.280721013768415295e-01
5.573485765202523812e-01
5.573485765202523812e-01
1.000000000000000000e+00
1.000000000000000000e+00
1.000000000000000000e+00
1.000000000000000000e+00
1.000000000000000000e+00
1.000000000000000000e+00
9.943031533995259075e-01
5.573485765202523812e-01
1.000000000000000000e+00
5.573485765202523812e-01
1.000000000000000000e+00
5.573485765202523812e-01
5.573485765202523812e-01
1.000000000000000000e+00
1.000000000000000000e+00
5.573485765202523812e-01
5.573485765202523812e-01
1.000000000000000000e+00
5.573485765202523812e-01
1.000000000000000000e+00
1.000000000000000000e+00
5.573485765202523812e-01
5.573485765202523812e-01
1.000000000000000000e+00
5.573485765202523812e-01
1.000000000000000000e+00
1.000000000000000000e+00
1.000000000000000000e+00
5.573485765202523812e-01
5.573485765202523812e-01
1.000000000000000000e+00
1.000000000000000000e+00
1.000000000000000000e+00
5.573489944830496423e-01
1.000000000000000000e+00
1.000000000000000000e+00
1.000000000000000000e+00
1.000000000000000000e+00
