1.000000000000000000e+00
1.000000000000000000e+00
9.814472960919065061e-56
3.736884378816331749e-48
1.000000000000000000e+00
4.038322156024116086e-65
1.000000000000000000e+00
1.000000000000000000e+00
1.000000000000000000e+00
1.000000000000000000e+00
1.000000000000000000e+00
1.297827588814948169e-29
1.000000000000000000e+00
1.000000000000000000e+00
9.999995504876781904e-01
8.534414943386106192e-68
1.347034363017736901e-58
6.741106279781044395e-35
1.000000000000000000e+00
3.287800702956145181e-61
4.975464961714431754e-52
1.000000000000000000e+00
9.999999999999993339e-01
3.637791479936639594e-61
5.285751596841945510e-01
6.608744960762927953e-60
1.000000000000000000e+00
2.225484282353286458e-66
1.000000000000000000e+00
1.000000000000000000e+00
9.999935974413589612e-01
1.000000000000000000e+00
9.642652511677954255e-56
1.603370246774852888e-12
9.999999992179511299e-01
9.999999999918589566e-01
6.887591875158688426e-01
1.000000000000000000e+00
9.999998940852014018e-01
1.000000000000000000e+00
8.406680361294447830e-68
1.000000000000000000e+00
9.871138810029169550e-62
5.569323934601721450e-51
2.077884711314125535e-29
1.833584319180478267e-52
1.231645982359831908e-63
1.000000000000000000e+00
9.999999999975885956e-01
9.858143727773982512e-01
2.702756267370789995e-10
2.571802458742679088e-62
7.273427081784765774e-53
7.775936815812986728e-69
1.951197634181366484e-13
1.000000000000000000e+00
4.533625263136276103e-67
7.098356991853996777e-05
3.548866743580216488e-06
1.000000000000000000e+00
1.000000000000000000e+00
7.125664962086200038e-01
3.910051571752794244e-63
1.000000000000000000e+00
