6.365321722347504900e-17
1.000000000000000000e+00
1.460851953488247509e-63
1.370715927024099921e-39
1.033661128287388104e-66
1.000000000000000000e+00
1.000000000000000000e+00
1.320187056276798889e-62
2.413361452253964446e-56
1.000000000000000000e+00
1.040343655497185492e-60
3.633554220575232521e-65
1.000000000000000000e+00
2.115138674027581371e-56
1.000000000000000000e+00
1.000000000000000000e+00
6.327999231981430075e-62
2.221651852204631681e-56
1.000000000000000000e+00
8.837295614889810054e-57
1.000000000000000000e+00
1.023752087591858711e-62
3.183987623021652727e-57
7.952980119570897535e-41
2.343290368018358944e-58
1.000000000000000000e+00
1.000000000000000000e+00
1.837359729288260266e-61
1.000000000000000000e+00
1.000000000000000000e+00
4.553995282397638392e-63
1.000000000000000000e+00
1.905630153772218144e-38
3.335376289312522177e-60
5.184056904629192849e-64
3.890226643745299589e-57
1.000000000000000000e+00
1.000000000000000000e+00
1.092178577693013791e-57
7.551677086694491229e-56
1.000000000000000000e+00
1.000000000000000000e+00
7.526134103224308902e-63
2.280562860062848319e-56
1.000000000000000000e+00
5.312664548549951342e-63
1.000000000000000000e+00
9.999999999999200639e-01
1.000000000000000000e+00
8.727728800718521141e-58
4.270494554938152293e-04
3.575293156613811671e-58
1.000000000000000000e+00
5.441119458074351792e-61
7.342655620918135901e-50
3.536640839127426137e-58
1.151774906394845535e-50
1.000000000000000000e+00
5.803682117091527527e-60
1.000000000000000000e+00
1.000000000000000000e+00
1.000000000000000000e+00
5.244137588529998247e-57
1.000000000000000000e+00
