1.000000000000000000e+00
3.093495147522823826e-46
4.154382288123237385e-38
6.851050201434308359e-38
2.995380705193071459e-50
1.000000000000000000e+00
9.999999999999997780e-01
1.000000000000000000e+00
1.000000000000000000e+00
1.000000000000000000e+00
1.000000000000000000e+00
1.775402585774491515e-46
9.999999999996762590e-01
1.419521937556927758e-29
1.341419660378161554e-46
9.980704337233999857e-01
1.000000000000000000e+00
4.712160752772698938e-35
2.861538072675591072e-17
6.282746881110986262e-36
3.439449065485673305e-35
8.844078198136253260e-50
7.218110510781304538e-35
1.384998638870526872e-45
7.419779033196333013e-30
2.613863992859947900e-45
1.000000000000000000e+00
4.482443352690688032e-35
1.000000000000000000e+00
1.000000000000000000e+00
1.000000000000000000e+00
9.999999999998603339e-01
9.999999999999487077e-01
1.000000000000000000e+00
9.999999997869639667e-01
4.747754383215718568e-27
6.469175574129250288e-50
1.000000000000000000e+00
1.078270089033418326e-22
1.000000000000000000e+00
2.340854585348465342e-29
1.000000000000000000e+00
7.833859063219731833e-28
9.624705968847477211e-50
1.000000000000000000e+00
2.135847188629540883e-38
2.633401308913694127e-42
9.999999999999891198e-01
9.145720775299543775e-37
4.532480503689790361e-43
3.068895662958592638e-43
2.177463478298070257e-28
1.000000000000000000e+00
1.000000000000000000e+00
9.403186181276152284e-50
7.994149619659846390e-31
5.399643134444090907e-23
1.000000000000000000e+00
9.999999999998900879e-01
1.222260062006380409e-43
9.999999999610695856e-01
1.000000000000000000e+00
2.793426674417023216e-21
1.441985646613830338e-38
