1.000000000000000000e+00
5.904306215276184043e-45
1.000000000000000000e+00
5.528443946900279874e-40
1.000000000000000000e+00
1.647046568327122704e-41
2.312521477806497337e-42
9.786467373062117511e-51
1.000000000000000000e+00
1.981067915537168199e-44
3.325899703615646740e-39
2.355464786197619271e-51
1.771306741423024556e-47
1.309733766620916281e-15
9.999999999998852029e-01
5.959618018378872641e-49
7.057698907422630794e-31
9.999999911955600451e-01
9.999999999999953371e-01
1.000000000000000000e+00
2.578758834882271627e-45
1.000000000000000000e+00
1.000000000000000000e+00
1.000000000000000000e+00
1.000000000000000000e+00
9.560664299619894252e-49
2.210819217296504134e-44
1.000000000000000000e+00
1.139868974913222662e-26
2.556942790358625866e-46
9.999999997481410219e-01
1.137169480755793404e-51
2.369947294738363880e-17
1.629507013838475725e-42
1.000000000000000000e+00
5.658452790791603243e-47
9.999999994034034501e-01
1.000000000000000000e+00
9.999999976075035768e-01
1.000000000000000000e+00
2.121277049813634567e-41
2.888482507962044596e-47
1.353108161934975985e-51
9.999864181587727607e-01
1.000000000000000000e+00
9.999999999998858691e-01
3.616679380919965533e-50
1.000000000000000000e+00
1.006683872526569647e-47
1.000000000000000000e+00
1.347105398036056399e-23
9.999999999999988898e-01
1.931559576060026271e-51
1.000000000000000000e+00
3.211875445114546889e-43
1.000000000000000000e+00
1.595325690612099251e-49
5.914072443869563346e-24
2.471166077998927125e-48
9.999999996529991275e-01
9.999999999999997780e-01
1.319028381395781181e-46
1.000000000000000000e+00
1.000000000000000000e+00
