1.214754594140051868e-46
1.000000000000000000e+00
5.630415280233437540e-54
4.587308378647939734e-50
9.997788164082980211e-01
1.000000000000000000e+00
6.806045148187670157e-60
1.823067706166770927e-61
1.470830610187183196e-01
1.000000000000000000e+00
9.285047771051228006e-55
9.997783347794140241e-01
9.999999999417559238e-01
1.000000000000000000e+00
9.999999999998672173e-01
5.848410696057943230e-54
9.519743668643178552e-49
9.665499542249740804e-59
1.278834262722593629e-59
1.000000000000000000e+00
9.999999999999837907e-01
9.999999999923745442e-01
9.999999967634491949e-01
1.000000000000000000e+00
1.000000000000000000e+00
1.386174157191353054e-61
1.000000000000000000e+00
3.321808339661983114e-11
9.999999995580304279e-01
1.000000000000000000e+00
9.124298730379528254e-62
2.948142054568287325e-54
8.390352984285039849e-60
1.000000000000000000e+00
3.048618108236434530e-20
9.999999999532311890e-01
3.850554485899211898e-01
9.819449179595629573e-01
9.999872582204225591e-01
1.000000000000000000e+00
4.523848076620986808e-18
9.999999999969664266e-01
9.999999999999986677e-01
1.000000000000000000e+00
6.338289259841419753e-52
6.410735645394679376e-48
1.000000000000000000e+00
4.216319725609326175e-43
2.712869081055260060e-55
4.128141933435327532e-49
1.000000000000000000e+00
1.104339529753189834e-58
4.681496253532729598e-38
1.349450874547428128e-61
9.996278564971544656e-01
1.000000000000000000e+00
1.000000000000000000e+00
1.000000000000000000e+00
1.000000000000000000e+00
1.000000000000000000e+00
8.294284252488788760e-55
1.000000000000000000e+00
7.571552162581048201e-48
6.029167353608566593e-01
