1.035098318560222913e-02
1.017737796985888695e-30
4.144469051656439688e-29
2.675102541157191045e-30
1.668494139709319819e-32
1.528898365573943524e-26
1.096779538870566551e-30
9.999952795983398923e-01
5.846273306663870334e-32
9.999999999999997780e-01
1.953672219095876598e-09
8.986364292346825062e-30
9.999999683641546122e-01
5.293222812827811786e-32
9.294251721112925966e-26
9.999999999691238095e-01
3.710312941126569412e-32
1.264171735853142707e-17
1.464127048159373582e-31
9.999999973086768357e-01
9.999999227841509519e-01
7.852850960340420204e-30
1.994692241282766623e-28
1.804529365383278115e-24
1.319636896909807365e-29
8.388180489049490813e-32
5.321962905369052382e-28
1.392472003275511819e-04
2.976036801866661707e-29
4.350785883904215151e-17
4.096445912086335524e-31
1.499261297098733295e-33
9.999999994102641843e-01
4.118092811502415771e-06
9.999999999999997780e-01
9.999999999973605558e-01
9.999999999824944474e-01
9.999999992034631635e-01
1.895780151598476804e-32
7.309658892546137589e-29
3.189719049144972431e-32
3.594398355678296139e-26
2.965307561557642671e-29
6.863552441927660398e-30
9.999999937973178543e-01
3.980931310613992014e-30
1.164424222598978879e-32
2.655121998648330479e-32
4.783381638693647099e-31
5.606354372718128087e-04
1.000000000000000000e+00
1.733991250567162105e-31
7.175630618297776930e-01
6.726143269290464357e-23
9.772228290338020873e-01
7.248010434135285229e-02
6.089564745685255308e-30
1.683716552273703187e-31
1.681288105020134205e-01
4.186417876378072653e-08
4.596806519983310659e-30
9.955709980816795923e-01
9.974962553447340730e-01
8.859824050918863305e-27
