2.246840029667552330e-56
8.355960505126294555e-56
1.000000000000000000e+00
1.000000000000000000e+00
9.999999999999977796e-01
2.698145971609334396e-58
1.000000000000000000e+00
1.830295135140291604e-57
1.000000000000000000e+00
1.477459400704719486e-56
2.116325528736251715e-53
1.729117076869358933e-52
1.000000000000000000e+00
1.000000000000000000e+00
1.000000000000000000e+00
1.000000000000000000e+00
7.012129427954498344e-52
1.000000000000000000e+00
1.000000000000000000e+00
1.000000000000000000e+00
3.377765111288355112e-46
2.661886234457305599e-59
1.000000000000000000e+00
7.888324371422713201e-56
1.000000000000000000e+00
1.000000000000000000e+00
1.000000000000000000e+00
1.000000000000000000e+00
1.827780935850378088e-60
1.000000000000000000e+00
9.999999574103557443e-01
5.783080588018793116e-58
1.000000000000000000e+00
1.000000000000000000e+00
2.818974911092287444e-57
1.000000000000000000e+00
1.000000000000000000e+00
5.040906953950294171e-60
6.629818466848282460e-55
1.000000000000000000e+00
2.433785948307581260e-59
2.732307485934093654e-57
2.775630906177276615e-27
1.554286813361075372e-53
3.797416010896444509e-50
1.000000000000000000e+00
1.217807547612828548e-55
1.000000000000000000e+00
1.360065122056443041e-54
5.883698257385899404e-56
1.354344923362715400e-42
3.646035505602383620e-09
8.001057294254081655e-60
1.000000000000000000e+00
8.833801685974895002e-38
2.596495011817474130e-39
5.382019643108385028e-50
1.000000000000000000e+00
1.000000000000000000e+00
1.000000000000000000e+00
4.835591854623923934e-58
1.521865358671601388e-57
1.000000000000000000e+00
4.920725932426025641e-60
