1.962043840799044871e-34
1.000000000000000000e+00
1.000000000000000000e+00
1.000000000000000000e+00
1.000000000000000000e+00
1.892181788583559925e-45
9.923804238450870674e-01
6.468930827191548943e-57
7.356766898342161997e-52
9.999999999999993339e-01
1.000000000000000000e+00
1.000000000000000000e+00
1.603425052776094408e-40
1.000000000000000000e+00
8.635569700503123429e-39
1.000000000000000000e+00
1.000000000000000000e+00
1.000000000000000000e+00
1.000000000000000000e+00
1.000000000000000000e+00
6.991760300267070913e-54
4.945116845502224839e-60
1.000000000000000000e+00
1.000000000000000000e+00
1.000000000000000000e+00
3.509127554491483392e-59
3.340530401446836279e-46
1.000000000000000000e+00
9.999999999999322764e-01
1.000000000000000000e+00
1.000000000000000000e+00
3.959853620225459482e-63
1.409940391424600681e-21
1.000000000000000000e+00
2.557378010402587488e-11
1.000000000000000000e+00
1.000000000000000000e+00
1.802985615845913025e-42
2.415772368856220644e-26
1.210889927815457122e-37
6.650791752410978599e-64
8.461809368847144670e-50
8.471069451055989238e-57
7.376975373544930224e-14
7.763348808886158543e-60
1.000000000000000000e+00
1.000000000000000000e+00
1.000000000000000000e+00
3.928952898963605987e-58
1.288442625911511974e-43
1.661093371491938492e-58
1.270538886622693247e-24
1.000000000000000000e+00
1.000000000000000000e+00
3.534751963379098461e-41
2.641410643930562077e-40
2.333591217296010217e-36
9.999999967835637715e-01
3.555471503686914490e-51
1.019534719127282598e-04
2.245525059664263759e-02
1.846007670287303104e-40
4.151009554120679431e-60
4.600429964141783212e-40
