7.641501845451200637e-52
2.173177232794925433e-52
1.000000000000000000e+00
1.000000000000000000e+00
1.000000000000000000e+00
1.000000000000000000e+00
9.999988031794400101e-01
1.000000000000000000e+00
1.000000000000000000e+00
1.000000000000000000e+00
8.447967002990758284e-59
1.314672185120872815e-51
1.490676480669012381e-43
9.999999999998607780e-01
3.642875273660333646e-59
1.000000000000000000e+00
9.999999999999991118e-01
1.228989325664701511e-49
1.000000000000000000e+00
1.352845222742941746e-59
1.942046141456002621e-56
1.000000000000000000e+00
9.317770754970856526e-57
1.000000000000000000e+00
2.086891333092976568e-56
7.607317272531467356e-58
1.000000000000000000e+00
9.999998079341532176e-01
2.397331612201609422e-53
1.000000000000000000e+00
1.000000000000000000e+00
1.000000000000000000e+00
1.000000000000000000e+00
3.295474011530418607e-03
9.999999999999948930e-01
1.843041531334592836e-55
1.000000000000000000e+00
1.250710950923630370e-50
9.999993190111337027e-01
1.000000000000000000e+00
9.999999997841069188e-01
1.000000000000000000e+00
1.000000000000000000e+00
1.000000000000000000e+00
1.000000000000000000e+00
4.383143592802626796e-48
1.000000000000000000e+00
2.787310848388830282e-57
3.306414947861142967e-39
1.000000000000000000e+00
1.000000000000000000e+00
1.741414330686979198e-24
1.000000000000000000e+00
9.999999997679887009e-01
1.000000000000000000e+00
2.998493230168126934e-52
9.999999999999851230e-01
7.849138641356642409e-54
9.999999999999871214e-01
5.506500709242317385e-58
1.000000000000000000e+00
2.108809851818453500e-52
1.000000000000000000e+00
5.679678008023479608e-43
