1.000000000000000000e+00
1.000000000000000000e+00
9.999999862996424849e-01
5.186779899515407892e-11
6.217372100349405945e-52
1.058972943552246066e-44
4.220223977138162427e-52
1.000000000000000000e+00
3.781554845241282311e-53
5.330593190655995467e-53
1.000000000000000000e+00
9.995009199689056656e-01
1.000000000000000000e+00
6.296264966875006138e-49
1.000000000000000000e+00
1.246947005272794200e-55
4.394686433447694377e-53
1.000000000000000000e+00
1.150237016055630954e-54
3.279886717980824782e-53
1.993872088695166691e-39
1.000000000000000000e+00
9.569567807339787134e-53
1.000000000000000000e+00
9.999908683216897076e-01
1.000000000000000000e+00
9.999997901446434634e-01
3.451552594168972594e-54
8.471766684057042665e-47
1.808337478762331278e-51
6.237197829762770198e-53
1.000000000000000000e+00
1.000000000000000000e+00
1.229192031779853439e-49
9.999999999999995559e-01
3.660716298746598201e-51
1.272352206677504226e-49
1.000000000000000000e+00
1.000000000000000000e+00
1.000000000000000000e+00
7.185166695357596586e-54
1.000000000000000000e+00
7.281467293965364811e-53
1.802428641092119803e-51
9.999944480390090540e-01
1.000000000000000000e+00
9.999999999997020161e-01
7.097145089659117139e-54
4.877043910738269084e-51
7.218653302302146872e-42
1.000000000000000000e+00
3.755295202464033239e-52
1.252999331014408112e-49
7.978446856657198980e-53
1.510074984654737357e-44
6.130105819224868080e-01
6.166183459633032224e-54
4.232825811182602960e-52
1.395187914357604689e-50
1.000000000000000000e+00
1.000000000000000000e+00
1.000000000000000000e+00
1.000000000000000000e+00
9.999999887982718993e-01
