1.000000000000000000e+00
1.000000000000000000e+00
9.814472960919065061e-56
3.736884378816331749e-48
1.000000000000000000e+00
4.038322156024116086e-65
1.000000000000000000e+00
1.000000000000000000e+00
1.000000000000000000e+00
1.000000000000000000e+00
1.000000000000000000e+00
1.297827588814948169e-29
1.000000000000000000e+00
1.000000000000000000e+00
9.999995504876781904e-01
8.534414943386106192e-68
1.347034363017736901e-58
6.741106279781044395e-35
1.000000000000000000e+00
3.287800702956145181e-61
4.975464961714431754e-52
1.000000000000000000e+00
9.999999999999993339e-01
3.637791479936639594e-61
5.285751596841945510e-01
6.608744960762927953e-60
1.000000000000000000e+00
2.225484282353286458e-66
1.000000000000000000e+00
1.000000000000000000e+00
9.999935974413589612e-01
1.000000000000000000e+00
9.642652511677954255e-56
1.603370246774852888e-12
9.999999992179511299e-01
9.999999999918589566e-01
6.887591875158688426e-01
1.000000000000000000e+00
9.999998940852014018e-01
1.000000000000000000e+00
8.406680361294447830e-68
1.000000000000000000e+00
9.871138810029169550e-62
5.569323934601721450e-51
2.077884711314125535e-29
1.833584319180478267e-52
1.231645982359831908e-63
1.000000000000000000e+00
9.999999999975885956e-01
9.858143727773982512e-01
2.702756267370789995e-10
2.571802458742679088e-62
7.273427081784765774e-53
7.775936815812986728e-69
1.951197634181366484e-13
1.000000000000000000e+00
4.533625263136276103e-67
7.098356991853996777e-05
3.548866743580216488e-06
1.000000000000000000e+00
1.000000000000000000e+00
7.125664962086200038e-01
3.910051571752794244e-63
1.000000000000000000e+00
6.365321722347504900e-17
1.000000000000000000e+00
1.460851953488247509e-63
1.370715927024099921e-39
1.033661128287388104e-66
1.000000000000000000e+00
1.000000000000000000e+00
1.320187056276798889e-62
2.413361452253964446e-56
1.000000000000000000e+00
1.040343655497185492e-60
3.633554220575232521e-65
1.000000000000000000e+00
2.115138674027581371e-56
1.000000000000000000e+00
1.000000000000000000e+00
6.327999231981430075e-62
2.221651852204631681e-56
1.000000000000000000e+00
8.837295614889810054e-57
1.000000000000000000e+00
1.023752087591858711e-62
3.183987623021652727e-57
7.952980119570897535e-41
2.343290368018358944e-58
1.000000000000000000e+00
1.000000000000000000e+00
1.837359729288260266e-61
1.000000000000000000e+00
1.000000000000000000e+00
4.553995282397638392e-63
1.000000000000000000e+00
1.905630153772218144e-38
3.335376289312522177e-60
5.184056904629192849e-64
3.890226643745299589e-57
1.000000000000000000e+00
1.000000000000000000e+00
1.092178577693013791e-57
7.551677086694491229e-56
1.000000000000000000e+00
1.000000000000000000e+00
7.526134103224308902e-63
2.280562860062848319e-56
1.000000000000000000e+00
5.312664548549951342e-63
1.000000000000000000e+00
9.999999999999200639e-01
1.000000000000000000e+00
8.727728800718521141e-58
4.270494554938152293e-04
3.575293156613811671e-58
1.000000000000000000e+00
5.441119458074351792e-61
7.342655620918135901e-50
3.536640839127426137e-58
1.151774906394845535e-50
1.000000000000000000e+00
5.803682117091527527e-60
1.000000000000000000e+00
1.000000000000000000e+00
1.000000000000000000e+00
5.244137588529998247e-57
1.000000000000000000e+00
1.000000000000000000e+00
3.093495147522823826e-46
4.154382288123237385e-38
6.851050201434308359e-38
2.995380705193071459e-50
1.000000000000000000e+00
9.999999999999997780e-01
1.000000000000000000e+00
1.000000000000000000e+00
1.000000000000000000e+00
1.000000000000000000e+00
1.775402585774491515e-46
9.999999999996762590e-01
1.419521937556927758e-29
1.341419660378161554e-46
9.980704337233999857e-01
1.000000000000000000e+00
4.712160752772698938e-35
2.861538072675591072e-17
6.282746881110986262e-36
3.439449065485673305e-35
8.844078198136253260e-50
7.218110510781304538e-35
1.384998638870526872e-45
7.419779033196333013e-30
2.613863992859947900e-45
1.000000000000000000e+00
4.482443352690688032e-35
1.000000000000000000e+00
1.000000000000000000e+00
1.000000000000000000e+00
9.999999999998603339e-01
9.999999999999487077e-01
1.000000000000000000e+00
9.999999997869639667e-01
4.747754383215718568e-27
6.469175574129250288e-50
1.000000000000000000e+00
1.078270089033418326e-22
1.000000000000000000e+00
2.340854585348465342e-29
1.000000000000000000e+00
7.833859063219731833e-28
9.624705968847477211e-50
1.000000000000000000e+00
2.135847188629540883e-38
2.633401308913694127e-42
9.999999999999891198e-01
9.145720775299543775e-37
4.532480503689790361e-43
3.068895662958592638e-43
2.177463478298070257e-28
1.000000000000000000e+00
1.000000000000000000e+00
9.403186181276152284e-50
7.994149619659846390e-31
5.399643134444090907e-23
1.000000000000000000e+00
9.999999999998900879e-01
1.222260062006380409e-43
9.999999999610695856e-01
1.000000000000000000e+00
2.793426674417023216e-21
1.441985646613830338e-38
1.000000000000000000e+00
5.904306215276184043e-45
1.000000000000000000e+00
5.528443946900279874e-40
1.000000000000000000e+00
1.647046568327122704e-41
2.312521477806497337e-42
9.786467373062117511e-51
1.000000000000000000e+00
1.981067915537168199e-44
3.325899703615646740e-39
2.355464786197619271e-51
1.771306741423024556e-47
1.309733766620916281e-15
9.999999999998852029e-01
5.959618018378872641e-49
7.057698907422630794e-31
9.999999911955600451e-01
9.999999999999953371e-01
1.000000000000000000e+00
2.578758834882271627e-45
1.000000000000000000e+00
1.000000000000000000e+00
1.000000000000000000e+00
1.000000000000000000e+00
9.560664299619894252e-49
2.210819217296504134e-44
1.000000000000000000e+00
1.139868974913222662e-26
2.556942790358625866e-46
9.999999997481410219e-01
1.137169480755793404e-51
2.369947294738363880e-17
1.629507013838475725e-42
1.000000000000000000e+00
5.658452790791603243e-47
9.999999994034034501e-01
1.000000000000000000e+00
9.999999976075035768e-01
1.000000000000000000e+00
2.121277049813634567e-41
2.888482507962044596e-47
1.353108161934975985e-51
9.999864181587727607e-01
1.000000000000000000e+00
9.999999999998858691e-01
3.616679380919965533e-50
1.000000000000000000e+00
1.006683872526569647e-47
1.000000000000000000e+00
1.347105398036056399e-23
9.999999999999988898e-01
1.931559576060026271e-51
1.000000000000000000e+00
3.211875445114546889e-43
1.000000000000000000e+00
1.595325690612099251e-49
5.914072443869563346e-24
2.471166077998927125e-48
9.999999996529991275e-01
9.999999999999997780e-01
1.319028381395781181e-46
1.000000000000000000e+00
1.000000000000000000e+00
1.214754594140051868e-46
1.000000000000000000e+00
5.630415280233437540e-54
4.587308378647939734e-50
9.997788164082980211e-01
1.000000000000000000e+00
6.806045148187670157e-60
1.823067706166770927e-61
1.470830610187183196e-01
1.000000000000000000e+00
9.285047771051228006e-55
9.997783347794140241e-01
9.999999999417559238e-01
1.000000000000000000e+00
9.999999999998672173e-01
5.848410696057943230e-54
9.519743668643178552e-49
9.665499542249740804e-59
1.278834262722593629e-59
1.000000000000000000e+00
9.999999999999837907e-01
9.999999999923745442e-01
9.999999967634491949e-01
1.000000000000000000e+00
1.000000000000000000e+00
1.386174157191353054e-61
1.000000000000000000e+00
3.321808339661983114e-11
9.999999995580304279e-01
1.000000000000000000e+00
9.124298730379528254e-62
2.948142054568287325e-54
8.390352984285039849e-60
1.000000000000000000e+00
3.048618108236434530e-20
9.999999999532311890e-01
3.850554485899211898e-01
9.819449179595629573e-01
9.999872582204225591e-01
1.000000000000000000e+00
4.523848076620986808e-18
9.999999999969664266e-01
9.999999999999986677e-01
1.000000000000000000e+00
6.338289259841419753e-52
6.410735645394679376e-48
1.000000000000000000e+00
4.216319725609326175e-43
2.712869081055260060e-55
4.128141933435327532e-49
1.000000000000000000e+00
1.104339529753189834e-58
4.681496253532729598e-38
1.349450874547428128e-61
9.996278564971544656e-01
1.000000000000000000e+00
1.000000000000000000e+00
1.000000000000000000e+00
1.000000000000000000e+00
1.000000000000000000e+00
8.294284252488788760e-55
1.000000000000000000e+00
7.571552162581048201e-48
6.029167353608566593e-01
1.035098318560222913e-02
1.017737796985888695e-30
4.144469051656439688e-29
2.675102541157191045e-30
1.668494139709319819e-32
1.528898365573943524e-26
1.096779538870566551e-30
9.999952795983398923e-01
5.846273306663870334e-32
9.999999999999997780e-01
1.953672219095876598e-09
8.986364292346825062e-30
9.999999683641546122e-01
5.293222812827811786e-32
9.294251721112925966e-26
9.999999999691238095e-01
3.710312941126569412e-32
1.264171735853142707e-17
1.464127048159373582e-31
9.999999973086768357e-01
9.999999227841509519e-01
7.852850960340420204e-30
1.994692241282766623e-28
1.804529365383278115e-24
1.319636896909807365e-29
8.388180489049490813e-32
5.321962905369052382e-28
1.392472003275511819e-04
2.976036801866661707e-29
4.350785883904215151e-17
4.096445912086335524e-31
1.499261297098733295e-33
9.999999994102641843e-01
4.118092811502415771e-06
9.999999999999997780e-01
9.999999999973605558e-01
9.999999999824944474e-01
9.999999992034631635e-01
1.895780151598476804e-32
7.309658892546137589e-29
3.189719049144972431e-32
3.594398355678296139e-26
2.965307561557642671e-29
6.863552441927660398e-30
9.999999937973178543e-01
3.980931310613992014e-30
1.164424222598978879e-32
2.655121998648330479e-32
4.783381638693647099e-31
5.606354372718128087e-04
1.000000000000000000e+00
1.733991250567162105e-31
7.175630618297776930e-01
6.726143269290464357e-23
9.772228290338020873e-01
7.248010434135285229e-02
6.089564745685255308e-30
1.683716552273703187e-31
1.681288105020134205e-01
4.186417876378072653e-08
4.596806519983310659e-30
9.955709980816795923e-01
9.974962553447340730e-01
8.859824050918863305e-27
2.246840029667552330e-56
8.355960505126294555e-56
1.000000000000000000e+00
1.000000000000000000e+00
9.999999999999977796e-01
2.698145971609334396e-58
1.000000000000000000e+00
1.830295135140291604e-57
1.000000000000000000e+00
1.477459400704719486e-56
2.116325528736251715e-53
1.729117076869358933e-52
1.000000000000000000e+00
1.000000000000000000e+00
1.000000000000000000e+00
1.000000000000000000e+00
7.012129427954498344e-52
1.000000000000000000e+00
1.000000000000000000e+00
1.000000000000000000e+00
3.377765111288355112e-46
2.661886234457305599e-59
1.000000000000000000e+00
7.888324371422713201e-56
1.000000000000000000e+00
1.000000000000000000e+00
1.000000000000000000e+00
1.000000000000000000e+00
1.827780935850378088e-60
1.000000000000000000e+00
9.999999574103557443e-01
5.783080588018793116e-58
1.000000000000000000e+00
1.000000000000000000e+00
2.818974911092287444e-57
1.000000000000000000e+00
1.000000000000000000e+00
5.040906953950294171e-60
6.629818466848282460e-55
1.000000000000000000e+00
2.433785948307581260e-59
2.732307485934093654e-57
2.775630906177276615e-27
1.554286813361075372e-53
3.797416010896444509e-50
1.000000000000000000e+00
1.217807547612828548e-55
1.000000000000000000e+00
1.360065122056443041e-54
5.883698257385899404e-56
1.354344923362715400e-42
3.646035505602383620e-09
8.001057294254081655e-60
1.000000000000000000e+00
8.833801685974895002e-38
2.596495011817474130e-39
5.382019643108385028e-50
1.000000000000000000e+00
1.000000000000000000e+00
1.000000000000000000e+00
4.835591854623923934e-58
1.521865358671601388e-57
1.000000000000000000e+00
4.920725932426025641e-60
1.962043840799044871e-34
1.000000000000000000e+00
1.000000000000000000e+00
1.000000000000000000e+00
1.000000000000000000e+00
1.892181788583559925e-45
9.923804238450870674e-01
6.468930827191548943e-57
7.356766898342161997e-52
9.999999999999993339e-01
1.000000000000000000e+00
1.000000000000000000e+00
1.603425052776094408e-40
1.000000000000000000e+00
8.635569700503123429e-39
1.000000000000000000e+00
1.000000000000000000e+00
1.000000000000000000e+00
1.000000000000000000e+00
1.000000000000000000e+00
6.991760300267070913e-54
4.945116845502224839e-60
1.000000000000000000e+00
1.000000000000000000e+00
1.000000000000000000e+00
3.509127554491483392e-59
3.340530401446836279e-46
1.000000000000000000e+00
9.999999999999322764e-01
1.000000000000000000e+00
1.000000000000000000e+00
3.959853620225459482e-63
1.409940391424600681e-21
1.000000000000000000e+00
2.557378010402587488e-11
1.000000000000000000e+00
1.000000000000000000e+00
1.802985615845913025e-42
2.415772368856220644e-26
1.210889927815457122e-37
6.650791752410978599e-64
8.461809368847144670e-50
8.471069451055989238e-57
7.376975373544930224e-14
7.763348808886158543e-60
1.000000000000000000e+00
1.000000000000000000e+00
1.000000000000000000e+00
3.928952898963605987e-58
1.288442625911511974e-43
1.661093371491938492e-58
1.270538886622693247e-24
1.000000000000000000e+00
1.000000000000000000e+00
3.534751963379098461e-41
2.641410643930562077e-40
2.333591217296010217e-36
9.999999967835637715e-01
3.555471503686914490e-51
1.019534719127282598e-04
2.245525059664263759e-02
1.846007670287303104e-40
4.151009554120679431e-60
4.600429964141783212e-40
7.641501845451200637e-52
2.173177232794925433e-52
1.000000000000000000e+00
1.000000000000000000e+00
1.000000000000000000e+00
1.000000000000000000e+00
9.999988031794400101e-01
1.000000000000000000e+00
1.000000000000000000e+00
1.000000000000000000e+00
8.447967002990758284e-59
1.314672185120872815e-51
1.490676480669012381e-43
9.999999999998607780e-01
3.642875273660333646e-59
1.000000000000000000e+00
9.999999999999991118e-01
1.228989325664701511e-49
1.000000000000000000e+00
1.352845222742941746e-59
1.942046141456002621e-56
1.000000000000000000e+00
9.317770754970856526e-57
1.000000000000000000e+00
2.086891333092976568e-56
7.607317272531467356e-58
1.000000000000000000e+00
9.999998079341532176e-01
2.397331612201609422e-53
1.000000000000000000e+00
1.000000000000000000e+00
1.000000000000000000e+00
1.000000000000000000e+00
3.295474011530418607e-03
9.999999999999948930e-01
1.843041531334592836e-55
1.000000000000000000e+00
1.250710950923630370e-50
9.999993190111337027e-01
1.000000000000000000e+00
9.999999997841069188e-01
1.000000000000000000e+00
1.000000000000000000e+00
1.000000000000000000e+00
1.000000000000000000e+00
4.383143592802626796e-48
1.000000000000000000e+00
2.787310848388830282e-57
3.306414947861142967e-39
1.000000000000000000e+00
1.000000000000000000e+00
1.741414330686979198e-24
1.000000000000000000e+00
9.999999997679887009e-01
1.000000000000000000e+00
2.998493230168126934e-52
9.999999999999851230e-01
7.849138641356642409e-54
9.999999999999871214e-01
5.506500709242317385e-58
1.000000000000000000e+00
2.108809851818453500e-52
1.000000000000000000e+00
5.679678008023479608e-43
1.000000000000000000e+00
1.000000000000000000e+00
9.999999862996424849e-01
5.186779899515407892e-11
6.217372100349405945e-52
1.058972943552246066e-44
4.220223977138162427e-52
1.000000000000000000e+00
3.781554845241282311e-53
5.330593190655995467e-53
1.000000000000000000e+00
9.995009199689056656e-01
1.000000000000000000e+00
6.296264966875006138e-49
1.000000000000000000e+00
1.246947005272794200e-55
4.394686433447694377e-53
1.000000000000000000e+00
1.150237016055630954e-54
3.279886717980824782e-53
1.993872088695166691e-39
1.000000000000000000e+00
9.569567807339787134e-53
1.000000000000000000e+00
9.999908683216897076e-01
1.000000000000000000e+00
9.999997901446434634e-01
3.451552594168972594e-54
8.471766684057042665e-47
1.808337478762331278e-51
6.237197829762770198e-53
1.000000000000000000e+00
1.000000000000000000e+00
1.229192031779853439e-49
9.999999999999995559e-01
3.660716298746598201e-51
1.272352206677504226e-49
1.000000000000000000e+00
1.000000000000000000e+00
1.000000000000000000e+00
7.185166695357596586e-54
1.000000000000000000e+00
7.281467293965364811e-53
1.802428641092119803e-51
9.999944480390090540e-01
1.000000000000000000e+00
9.999999999997020161e-01
7.097145089659117139e-54
4.877043910738269084e-51
7.218653302302146872e-42
1.000000000000000000e+00
3.755295202464033239e-52
1.252999331014408112e-49
7.978446856657198980e-53
1.510074984654737357e-44
6.130105819224868080e-01
6.166183459633032224e-54
4.232825811182602960e-52
1.395187914357604689e-50
1.000000000000000000e+00
1.000000000000000000e+00
1.000000000000000000e+00
1.000000000000000000e+00
9.999999887982718993e-01
