1.178942822089520254e-01
1.178942822089520254e-01
1.180512641607219110e-01
1.180512641607219110e-01
1.178942822089520254e-01
1.180512641607219110e-01
1.180512641607219110e-01
1.178942822089520254e-01
1.178942822089520254e-01
1.180512641607219110e-01
1.180512641607219110e-01
1.180512641607219110e-01
1.180512641607219110e-01
1.180512641607219110e-01
1.180512641607219110e-01
1.180512641607219110e-01
1.181479018471133235e-01
1.180512641607219110e-01
1.178942822089520254e-01
1.178942822089520254e-01
1.180512641607219110e-01
1.180835540925008753e-01
1.178942822089520254e-01
1.178808560855301307e-01
1.180512641607219110e-01
1.180512641607219110e-01
1.180512641607219110e-01
1.178942822089520254e-01
1.180512641607219110e-01
1.179770592242298799e-01
1.180575941909063620e-01
1.180512641607219110e-01
1.178942822089520254e-01
1.178942822089520254e-01
1.178942822089520254e-01
1.179040781145546390e-01
1.178942822089520254e-01
1.180512641607219110e-01
1.180512641607219110e-01
