1.180241101903786866e-01
1.178766678004716517e-01
1.180241101903786866e-01
1.180241101903786866e-01
1.180241101903786866e-01
1.178766678004716517e-01
1.180241101903786866e-01
1.180241101903786866e-01
1.180241101903786866e-01
1.180261159555612283e-01
1.178766678004716517e-01
1.180241101903786866e-01
1.178766678004716517e-01
1.178766678004716517e-01
1.180241101903786866e-01
1.178766678004716517e-01
1.177823611659859493e-01
1.178766678004716517e-01
1.179132162057349026e-01
1.180241101903786866e-01
1.180241101903786866e-01
1.180241101903786866e-01
1.178766678004716517e-01
1.178766678004716517e-01
1.180241101903786866e-01
1.180241101903786866e-01
1.178766678004716517e-01
1.178766678004716517e-01
1.180241101903786866e-01
1.178766678004716517e-01
1.180241101903786866e-01
1.180241101903786866e-01
1.180241101903786866e-01
1.180241101903786866e-01
1.180241101903786866e-01
1.180241101903786866e-01
1.180241101903786866e-01
1.180241101903786866e-01
1.180596645784188908e-01
