1.179376098181861426e-01
1.179580596634802470e-01
1.179580596634802470e-01
1.179580596634802470e-01
1.179580596634802470e-01
1.181066220740282086e-01
1.177996052145647010e-01
1.179580596634802470e-01
1.179580596634802470e-01
1.179580596634802470e-01
1.179580596634802470e-01
1.179580596634802470e-01
1.177071017497114958e-01
1.179937131134155270e-01
1.179580596634802470e-01
1.177996052145647010e-01
1.177996052145647010e-01
1.178059094774871057e-01
1.179580596634802470e-01
1.179580596634802470e-01
1.177996052145647010e-01
1.177996052145647010e-01
1.177996052145647010e-01
1.179580596634802470e-01
1.179580596634802470e-01
1.179580596634802470e-01
1.179580596634802470e-01
1.179580596634802470e-01
1.177996052145647010e-01
1.179580596634802470e-01
1.177996052145647010e-01
1.179580596634802470e-01
1.177996052145647010e-01
1.177996052145647010e-01
1.177996052145647010e-01
1.177996052145647010e-01
1.179580596634802470e-01
1.177830417903951848e-01
1.177996052145647010e-01
