1.110059145367930655e-01
1.111608505968955246e-01
1.110059145367930655e-01
1.110059145367930655e-01
1.110059145367930655e-01
1.111433362095819444e-01
1.111608505968955246e-01
1.110059145367930655e-01
1.111608505968955246e-01
1.111608505968955246e-01
1.111608505968955246e-01
1.111608505968955246e-01
1.111608505968955246e-01
1.110059145367930655e-01
1.111608505968955246e-01
1.111608505968955246e-01
1.111608505968955246e-01
1.110059145367930655e-01
1.111608505968955246e-01
1.111608505968955246e-01
1.111608505968955246e-01
1.111608505968955246e-01
1.111608505968955246e-01
1.111608505968955246e-01
1.111608505968955246e-01
1.111608505968955246e-01
1.111608505968955246e-01
1.111608505968955246e-01
1.110059145367930655e-01
1.111562734609413683e-01
1.111608505968955246e-01
1.110642817586257602e-01
1.111608505968955246e-01
1.111433362134373048e-01
1.111608505968955246e-01
1.110059145367930655e-01
1.109100992351400028e-01
1.110059145367930655e-01
1.110059145367930655e-01
1.110059145367930655e-01
