1.177691925065930678e-01
1.177691925181656718e-01
1.177691925065930678e-01
1.177691925065930678e-01
1.177691925065930678e-01
1.179229591721626114e-01
1.180570971133860780e-01
1.179229591721626114e-01
1.177691925065930678e-01
1.179229591721626114e-01
1.177691925065930678e-01
1.177691925065930678e-01
1.179229591721626114e-01
1.179243193653249783e-01
1.179229591721626114e-01
1.179229591721626114e-01
1.179229591721626114e-01
1.181405070563578824e-01
1.179229591721626114e-01
1.179229591721626114e-01
1.179229591721626114e-01
1.177691925065930678e-01
1.179229591721626114e-01
1.177884744733940642e-01
1.177691925065930678e-01
1.179229591721626114e-01
1.179229591721626114e-01
1.179229591721626114e-01
1.177691925065930678e-01
1.177691925065930678e-01
1.179229591721626114e-01
1.177691925065930678e-01
1.177691925065930678e-01
1.177775432605160655e-01
1.177691925065930678e-01
1.177691925065930678e-01
1.179581264358233739e-01
1.179229591721626114e-01
1.179229591721626114e-01
