1.176359696396471199e-01
1.177919228042848959e-01
1.176359696396471199e-01
1.177919228042848959e-01
1.176359696396471199e-01
1.176359696396471199e-01
1.176359696396471199e-01
1.176359696396471199e-01
1.177919228042848959e-01
1.177919228042848959e-01
1.177919228042848959e-01
1.177919228042848959e-01
1.177919228042848959e-01
1.177919228042848959e-01
1.177919228042848959e-01
1.176359696396471199e-01
1.177919228042848959e-01
1.177919228042848959e-01
1.177919228042848959e-01
1.177919228042848959e-01
1.177919228042848959e-01
1.177919228042848959e-01
1.176359696396471199e-01
1.177919228042848959e-01
1.177919228042848959e-01
1.177919228042848959e-01
1.176444852121558415e-01
1.176359696396471199e-01
1.177919228042848959e-01
1.177919228042848959e-01
1.176359696396471199e-01
1.176359696396471199e-01
1.177919228042848959e-01
1.176359696396471199e-01
1.177919228042848959e-01
1.177919228042848959e-01
1.177919228042848959e-01
1.173889504261197841e-01
1.176359696396471199e-01
