1.111353630746967913e-01
1.109810526482077758e-01
1.109810526482077758e-01
1.111353630746967913e-01
1.109810526482077758e-01
1.109810526482077758e-01
1.111413354672702442e-01
1.111353630746967913e-01
1.111353630746967913e-01
1.108852626673167835e-01
1.111353630746967913e-01
1.113568720032069304e-01
1.109789131540015739e-01
1.111353630746967913e-01
1.111353630746967913e-01
1.109810526482077758e-01
1.111353630746967913e-01
1.111353630746967913e-01
1.111353630746967913e-01
1.111353630746967913e-01
1.116004578269690212e-01
1.111353630746967913e-01
1.111353630746967913e-01
1.111353630746967913e-01
1.111353630746967913e-01
1.109810526482077758e-01
1.109810526422385646e-01
1.111353630746967913e-01
1.111353630746967913e-01
1.109810526482077758e-01
1.109810526482077758e-01
1.111353630746967913e-01
1.111353632559136523e-01
1.111353630746967913e-01
1.109810526482077758e-01
1.111353630746967913e-01
1.111712578682854669e-01
1.109810526482077758e-01
1.111353630746967913e-01
1.111712578682854669e-01
