1.109367248138455470e-01
1.109367248138455470e-01
1.107825821575298131e-01
1.109367248138455470e-01
1.109367248138455470e-01
1.109367248138455470e-01
1.107825821575298131e-01
1.109367248138455470e-01
1.109367248138455470e-01
1.107825821575298131e-01
1.109367248138455470e-01
1.107825821575298131e-01
1.109367248138455470e-01
1.107825821575298131e-01
1.109367248138455470e-01
1.109367248138455470e-01
1.109367248138455470e-01
1.109367248138455470e-01
1.107825821575298131e-01
1.107825821575298131e-01
1.107825821575298131e-01
1.109367248138455470e-01
1.109367248138455470e-01
1.107825821575298131e-01
1.109729451111775567e-01
1.109367248138455470e-01
1.109367248138455470e-01
1.109367248138455470e-01
1.109367248138455470e-01
1.107825821575298131e-01
1.109390894246861381e-01
1.109367248138455470e-01
1.109367248138455470e-01
1.109367248138455470e-01
1.109367248138455470e-01
1.109367248138455470e-01
1.109367248138455470e-01
1.109367248138455470e-01
1.109367248138455470e-01
