2.101582686766260699e-01
2.099130252610671432e-01
2.100517956695663047e-01
2.100517956695663047e-01
2.100517956695663047e-01
2.100517956695663047e-01
2.100517956695663047e-01
2.099130252610671432e-01
2.100517956695663047e-01
2.100517956695663047e-01
2.099130252610671432e-01
2.099130252610671432e-01
2.099130252610671432e-01
2.100517956695663047e-01
2.100517956695663047e-01
2.100990672625061562e-01
2.099130252610671432e-01
2.100517956695663047e-01
2.099030136084312770e-01
2.099130252610671432e-01
2.100517956695663047e-01
2.099130252610671432e-01
2.100631812779367447e-01
2.099130252610671432e-01
2.099130252610671432e-01
2.100517956695663047e-01
2.099130252610671432e-01
2.100517956695663047e-01
2.099450929449187542e-01
2.100517956695663047e-01
2.099130252610671432e-01
2.101319968286983753e-01
2.100517956695663047e-01
2.099130252610671432e-01
2.100517956695663047e-01
2.099130252610671432e-01
2.100517956695663047e-01
2.099130252610671432e-01
2.099130252610671432e-01
