2.100517969987090450e-01
2.100315638873034851e-01
2.100517969987090450e-01
2.100517969987090450e-01
2.100517969987090450e-01
2.100517969987090450e-01
2.100517969987090450e-01
2.099130265212322544e-01
2.099130265212322544e-01
2.099130265212322544e-01
2.099130265212322544e-01
2.099130265212322544e-01
2.100517969987090450e-01
2.098754144949641631e-01
2.099130265212322544e-01
2.099130265212322544e-01
2.099130265212322544e-01
2.099130265212322544e-01
2.100517969987090450e-01
2.099130265212322544e-01
2.100517969987090450e-01
2.100517969987090450e-01
2.099130265212322544e-01
2.100517969987090450e-01
2.100341470066306448e-01
2.100517969987090450e-01
2.100517969987090450e-01
2.099130265212322544e-01
2.099130265212322544e-01
2.099130265212322544e-01
2.100517969987090450e-01
2.100517969987090450e-01
2.100517969987090450e-01
2.100517969987090450e-01
2.099130265212322544e-01
2.100517969987090450e-01
2.100517969987090450e-01
2.100517969987090450e-01
2.100517969987090450e-01
2.100636662069471361e-01
