1.178942822089520254e-01
1.178942822089520254e-01
1.180512641607219110e-01
1.180512641607219110e-01
1.178942822089520254e-01
1.180512641607219110e-01
1.180512641607219110e-01
1.178942822089520254e-01
1.178942822089520254e-01
1.180512641607219110e-01
1.180512641607219110e-01
1.180512641607219110e-01
1.180512641607219110e-01
1.180512641607219110e-01
1.180512641607219110e-01
1.180512641607219110e-01
1.181479018471133235e-01
1.180512641607219110e-01
1.178942822089520254e-01
1.178942822089520254e-01
1.180512641607219110e-01
1.180835540925008753e-01
1.178942822089520254e-01
1.178808560855301307e-01
1.180512641607219110e-01
1.180512641607219110e-01
1.180512641607219110e-01
1.178942822089520254e-01
1.180512641607219110e-01
1.179770592242298799e-01
1.180575941909063620e-01
1.180512641607219110e-01
1.178942822089520254e-01
1.178942822089520254e-01
1.178942822089520254e-01
1.179040781145546390e-01
1.178942822089520254e-01
1.180512641607219110e-01
1.180512641607219110e-01
1.180241101903786866e-01
1.178766678004716517e-01
1.180241101903786866e-01
1.180241101903786866e-01
1.180241101903786866e-01
1.178766678004716517e-01
1.180241101903786866e-01
1.180241101903786866e-01
1.180241101903786866e-01
1.180261159555612283e-01
1.178766678004716517e-01
1.180241101903786866e-01
1.178766678004716517e-01
1.178766678004716517e-01
1.180241101903786866e-01
1.178766678004716517e-01
1.177823611659859493e-01
1.178766678004716517e-01
1.179132162057349026e-01
1.180241101903786866e-01
1.180241101903786866e-01
1.180241101903786866e-01
1.178766678004716517e-01
1.178766678004716517e-01
1.180241101903786866e-01
1.180241101903786866e-01
1.178766678004716517e-01
1.178766678004716517e-01
1.180241101903786866e-01
1.178766678004716517e-01
1.180241101903786866e-01
1.180241101903786866e-01
1.180241101903786866e-01
1.180241101903786866e-01
1.180241101903786866e-01
1.180241101903786866e-01
1.180241101903786866e-01
1.180241101903786866e-01
1.180596645784188908e-01
1.179376098181861426e-01
1.179580596634802470e-01
1.179580596634802470e-01
1.179580596634802470e-01
1.179580596634802470e-01
1.181066220740282086e-01
1.177996052145647010e-01
1.179580596634802470e-01
1.179580596634802470e-01
1.179580596634802470e-01
1.179580596634802470e-01
1.179580596634802470e-01
1.177071017497114958e-01
1.179937131134155270e-01
1.179580596634802470e-01
1.177996052145647010e-01
1.177996052145647010e-01
1.178059094774871057e-01
1.179580596634802470e-01
1.179580596634802470e-01
1.177996052145647010e-01
1.177996052145647010e-01
1.177996052145647010e-01
1.179580596634802470e-01
1.179580596634802470e-01
1.179580596634802470e-01
1.179580596634802470e-01
1.179580596634802470e-01
1.177996052145647010e-01
1.179580596634802470e-01
1.177996052145647010e-01
1.179580596634802470e-01
1.177996052145647010e-01
1.177996052145647010e-01
1.177996052145647010e-01
1.177996052145647010e-01
1.179580596634802470e-01
1.177830417903951848e-01
1.177996052145647010e-01
1.110059145367930655e-01
1.111608505968955246e-01
1.110059145367930655e-01
1.110059145367930655e-01
1.110059145367930655e-01
1.111433362095819444e-01
1.111608505968955246e-01
1.110059145367930655e-01
1.111608505968955246e-01
1.111608505968955246e-01
1.111608505968955246e-01
1.111608505968955246e-01
1.111608505968955246e-01
1.110059145367930655e-01
1.111608505968955246e-01
1.111608505968955246e-01
1.111608505968955246e-01
1.110059145367930655e-01
1.111608505968955246e-01
1.111608505968955246e-01
1.111608505968955246e-01
1.111608505968955246e-01
1.111608505968955246e-01
1.111608505968955246e-01
1.111608505968955246e-01
1.111608505968955246e-01
1.111608505968955246e-01
1.111608505968955246e-01
1.110059145367930655e-01
1.111562734609413683e-01
1.111608505968955246e-01
1.110642817586257602e-01
1.111608505968955246e-01
1.111433362134373048e-01
1.111608505968955246e-01
1.110059145367930655e-01
1.109100992351400028e-01
1.110059145367930655e-01
1.110059145367930655e-01
1.110059145367930655e-01
1.177691925065930678e-01
1.177691925181656718e-01
1.177691925065930678e-01
1.177691925065930678e-01
1.177691925065930678e-01
1.179229591721626114e-01
1.180570971133860780e-01
1.179229591721626114e-01
1.177691925065930678e-01
1.179229591721626114e-01
1.177691925065930678e-01
1.177691925065930678e-01
1.179229591721626114e-01
1.179243193653249783e-01
1.179229591721626114e-01
1.179229591721626114e-01
1.179229591721626114e-01
1.181405070563578824e-01
1.179229591721626114e-01
1.179229591721626114e-01
1.179229591721626114e-01
1.177691925065930678e-01
1.179229591721626114e-01
1.177884744733940642e-01
1.177691925065930678e-01
1.179229591721626114e-01
1.179229591721626114e-01
1.179229591721626114e-01
1.177691925065930678e-01
1.177691925065930678e-01
1.179229591721626114e-01
1.177691925065930678e-01
1.177691925065930678e-01
1.177775432605160655e-01
1.177691925065930678e-01
1.177691925065930678e-01
1.179581264358233739e-01
1.179229591721626114e-01
1.179229591721626114e-01
1.176359696396471199e-01
1.177919228042848959e-01
1.176359696396471199e-01
1.177919228042848959e-01
1.176359696396471199e-01
1.176359696396471199e-01
1.176359696396471199e-01
1.176359696396471199e-01
1.177919228042848959e-01
1.177919228042848959e-01
1.177919228042848959e-01
1.177919228042848959e-01
1.177919228042848959e-01
1.177919228042848959e-01
1.177919228042848959e-01
1.176359696396471199e-01
1.177919228042848959e-01
1.177919228042848959e-01
1.177919228042848959e-01
1.177919228042848959e-01
1.177919228042848959e-01
1.177919228042848959e-01
1.176359696396471199e-01
1.177919228042848959e-01
1.177919228042848959e-01
1.177919228042848959e-01
1.176444852121558415e-01
1.176359696396471199e-01
1.177919228042848959e-01
1.177919228042848959e-01
1.176359696396471199e-01
1.176359696396471199e-01
1.177919228042848959e-01
1.176359696396471199e-01
1.177919228042848959e-01
1.177919228042848959e-01
1.177919228042848959e-01
1.173889504261197841e-01
1.176359696396471199e-01
1.111353630746967913e-01
1.109810526482077758e-01
1.109810526482077758e-01
1.111353630746967913e-01
1.109810526482077758e-01
1.109810526482077758e-01
1.111413354672702442e-01
1.111353630746967913e-01
1.111353630746967913e-01
1.108852626673167835e-01
1.111353630746967913e-01
1.113568720032069304e-01
1.109789131540015739e-01
1.111353630746967913e-01
1.111353630746967913e-01
1.109810526482077758e-01
1.111353630746967913e-01
1.111353630746967913e-01
1.111353630746967913e-01
1.111353630746967913e-01
1.116004578269690212e-01
1.111353630746967913e-01
1.111353630746967913e-01
1.111353630746967913e-01
1.111353630746967913e-01
1.109810526482077758e-01
1.109810526422385646e-01
1.111353630746967913e-01
1.111353630746967913e-01
1.109810526482077758e-01
1.109810526482077758e-01
1.111353630746967913e-01
1.111353632559136523e-01
1.111353630746967913e-01
1.109810526482077758e-01
1.111353630746967913e-01
1.111712578682854669e-01
1.109810526482077758e-01
1.111353630746967913e-01
1.111712578682854669e-01
1.109367248138455470e-01
1.109367248138455470e-01
1.107825821575298131e-01
1.109367248138455470e-01
1.109367248138455470e-01
1.109367248138455470e-01
1.107825821575298131e-01
1.109367248138455470e-01
1.109367248138455470e-01
1.107825821575298131e-01
1.109367248138455470e-01
1.107825821575298131e-01
1.109367248138455470e-01
1.107825821575298131e-01
1.109367248138455470e-01
1.109367248138455470e-01
1.109367248138455470e-01
1.109367248138455470e-01
1.107825821575298131e-01
1.107825821575298131e-01
1.107825821575298131e-01
1.109367248138455470e-01
1.109367248138455470e-01
1.107825821575298131e-01
1.109729451111775567e-01
1.109367248138455470e-01
1.109367248138455470e-01
1.109367248138455470e-01
1.109367248138455470e-01
1.107825821575298131e-01
1.109390894246861381e-01
1.109367248138455470e-01
1.109367248138455470e-01
1.109367248138455470e-01
1.109367248138455470e-01
1.109367248138455470e-01
1.109367248138455470e-01
1.109367248138455470e-01
1.109367248138455470e-01
2.101582686766260699e-01
2.099130252610671432e-01
2.100517956695663047e-01
2.100517956695663047e-01
2.100517956695663047e-01
2.100517956695663047e-01
2.100517956695663047e-01
2.099130252610671432e-01
2.100517956695663047e-01
2.100517956695663047e-01
2.099130252610671432e-01
2.099130252610671432e-01
2.099130252610671432e-01
2.100517956695663047e-01
2.100517956695663047e-01
2.100990672625061562e-01
2.099130252610671432e-01
2.100517956695663047e-01
2.099030136084312770e-01
2.099130252610671432e-01
2.100517956695663047e-01
2.099130252610671432e-01
2.100631812779367447e-01
2.099130252610671432e-01
2.099130252610671432e-01
2.100517956695663047e-01
2.099130252610671432e-01
2.100517956695663047e-01
2.099450929449187542e-01
2.100517956695663047e-01
2.099130252610671432e-01
2.101319968286983753e-01
2.100517956695663047e-01
2.099130252610671432e-01
2.100517956695663047e-01
2.099130252610671432e-01
2.100517956695663047e-01
2.099130252610671432e-01
2.099130252610671432e-01
2.100517969987090450e-01
2.100315638873034851e-01
2.100517969987090450e-01
2.100517969987090450e-01
2.100517969987090450e-01
2.100517969987090450e-01
2.100517969987090450e-01
2.099130265212322544e-01
2.099130265212322544e-01
2.099130265212322544e-01
2.099130265212322544e-01
2.099130265212322544e-01
2.100517969987090450e-01
2.098754144949641631e-01
2.099130265212322544e-01
2.099130265212322544e-01
2.099130265212322544e-01
2.099130265212322544e-01
2.100517969987090450e-01
2.099130265212322544e-01
2.100517969987090450e-01
2.100517969987090450e-01
2.099130265212322544e-01
2.100517969987090450e-01
2.100341470066306448e-01
2.100517969987090450e-01
2.100517969987090450e-01
2.099130265212322544e-01
2.099130265212322544e-01
2.099130265212322544e-01
2.100517969987090450e-01
2.100517969987090450e-01
2.100517969987090450e-01
2.100517969987090450e-01
2.099130265212322544e-01
2.100517969987090450e-01
2.100517969987090450e-01
2.100517969987090450e-01
2.100517969987090450e-01
2.100636662069471361e-01
