9.999999998903210674e-01
1.000000000000000000e+00
9.999999999428466069e-01
1.191191738487816787e-01
9.997703633085783803e-01
9.999999034447550894e-01
1.000000000000000000e+00
1.000000000000000000e+00
1.000000000000000000e+00
6.556266735954311212e-03
1.000000000000000000e+00
1.000000000000000000e+00
1.000000000000000000e+00
9.999889400906148973e-01
1.000000000000000000e+00
9.999146471308012485e-01
4.362302691307303262e-03
9.989302980981288327e-01
9.999999994897630362e-01
8.161631763365104208e-02
9.999999996926585144e-01
5.766477307073079872e-02
1.000000000000000000e+00
5.422483186766199337e-01
1.000000000000000000e+00
8.279121643227332905e-03
1.000000000000000000e+00
9.985881132821966544e-01
9.804846112750398301e-01
9.806140670013979710e-01
1.000000000000000000e+00
9.090182496784111610e-01
7.436193840928488896e-01
1.000000000000000000e+00
9.999999999999980016e-01
9.040548907745162843e-01
1.000000000000000000e+00
1.000000000000000000e+00
1.000000000000000000e+00
1.000000000000000000e+00
1.000000000000000000e+00
1.000000000000000000e+00
8.885518031514308412e-02
1.283312965876970586e-02
1.000000000000000000e+00
1.500087179383856328e-01
9.999999999997031264e-01
9.999999993212436156e-01
9.040548907793982680e-01
1.000000000000000000e+00
1.000000000000000000e+00
2.384059009478863418e-05
1.000000000000000000e+00
1.000000000000000000e+00
1.000000000000000000e+00
8.008155056304787633e-01
8.667341875332670864e-02
9.806140670302858631e-01
1.000000000000000000e+00
1.000000000000000000e+00
1.000000000000000000e+00
9.806140670011201932e-01
3.177665846859763828e-03
9.040548911690594602e-01
