1.000000000000000000e+00
5.554134886233248469e-01
1.000000000000000000e+00
1.746325778731147050e-10
1.000000000000000000e+00
9.996437494976628813e-01
1.318976074644140147e-10
1.000000000000000000e+00
1.490931676873168588e-08
1.000000000000000000e+00
1.000000000000000000e+00
9.814777711785491743e-01
1.000000000000000000e+00
1.000000000000000000e+00
1.000000000000000000e+00
9.607402890303592402e-01
1.000000000000000000e+00
1.225440866249304744e-12
1.000000000000000000e+00
1.000000000000000000e+00
1.000000000000000000e+00
1.000000000000000000e+00
1.007988738412313782e-13
1.000000000000000000e+00
1.000000000000000000e+00
1.000000000000000000e+00
1.000000000000000000e+00
3.865930014275938654e-17
3.681625125443696317e-25
1.000000000000000000e+00
5.939077035517875691e-01
2.428357506844385644e-02
9.999999978855536042e-01
1.000000000000000000e+00
1.447535975895999947e-05
5.618170336660938666e-08
9.999999999999984457e-01
1.000000000000000000e+00
9.972954797283520856e-01
7.757207613539520707e-01
3.455530345934449743e-14
9.999999818373787042e-01
1.000000000000000000e+00
8.249021797307805489e-05
1.000000000000000000e+00
1.000000000000000000e+00
9.999999863511630505e-01
1.000000000000000000e+00
1.000000000000000000e+00
1.000000000000000000e+00
7.388429500666481541e-03
1.000000000000000000e+00
1.000000000000000000e+00
9.999977291677505375e-01
1.000000000000000000e+00
9.999999999912123627e-01
1.465731745864996549e-01
9.999845213436685532e-01
9.999886933370590869e-01
1.099161424261740766e-01
1.000000000000000000e+00
1.000000000000000000e+00
1.249089471580878338e-08
1.000000000000000000e+00
