9.915852261935158563e-01
5.568941436630013841e-01
3.590452569381152870e-01
1.000000000000000000e+00
1.124865045604178378e-13
1.000000000000000000e+00
9.999999981375948810e-01
1.000000000000000000e+00
1.043092390381392259e-01
1.000000000000000000e+00
1.000000000000000000e+00
1.405334249376789524e-01
9.385486702772347645e-01
1.802358566880077687e-02
1.000000000000000000e+00
1.000000000000000000e+00
1.000000000000000000e+00
1.000000000000000000e+00
9.980712440566120724e-01
6.210542941634603631e-01
1.000000000000000000e+00
1.000000000000000000e+00
7.002442849900814004e-01
1.542260597770100661e-01
1.000000000000000000e+00
1.000000000000000000e+00
1.000000000000000000e+00
1.000000000000000000e+00
1.000000000000000000e+00
1.176723254792499950e-07
1.000000000000000000e+00
9.958299792029708941e-01
9.863606322502002088e-01
1.000000000000000000e+00
1.000000000000000000e+00
1.000000000000000000e+00
5.684085882546870971e-01
1.000000000000000000e+00
1.085698855525601275e-01
1.000000000000000000e+00
1.000000000000000000e+00
1.000000000000000000e+00
1.000000000000000000e+00
1.000000000000000000e+00
4.819116078532014597e-02
1.000000000000000000e+00
1.000000000000000000e+00
9.999999914034601867e-01
2.188412231788692663e-03
2.247461972584897383e-01
9.999209737424800126e-01
1.000000000000000000e+00
9.999999997416388897e-01
1.000000000000000000e+00
9.999999965176566974e-01
1.000000000000000000e+00
1.000000000000000000e+00
1.000000000000000000e+00
4.876888753320143821e-01
1.000000000000000000e+00
1.000000000000000000e+00
4.936410154151603669e-01
1.000000000000000000e+00
9.498952282293796623e-01
