4.853047116764118707e-01
1.000000000000000000e+00
1.000000000000000000e+00
4.050783368672265516e-01
1.000000000000000000e+00
1.000000000000000000e+00
1.000000000000000000e+00
3.065749104067997874e-02
7.116290564804240715e-01
1.000000000000000000e+00
1.000000000000000000e+00
1.218180779263694717e-08
1.000000000000000000e+00
6.857082694340262824e-03
9.999999999999105160e-01
1.203877045360272069e-01
1.000000000000000000e+00
9.997177193105343251e-01
1.000000000000000000e+00
3.209201083983559943e-08
1.000000000000000000e+00
9.999999999402842121e-01
1.302288705925626344e-01
1.000000000000000000e+00
1.000000000000000000e+00
1.000000000000000000e+00
1.000000000000000000e+00
3.320772933476011102e-01
1.000000000000000000e+00
8.473650047041789840e-03
1.000000000000000000e+00
1.000000000000000000e+00
2.349738523740694252e-01
4.208785325068023497e-01
9.999999999413256013e-01
1.000000000000000000e+00
1.000000000000000000e+00
9.995555995088957202e-01
7.597117236247354910e-01
9.312044811826500346e-02
3.194543058895508297e-02
9.995534646364603315e-01
3.463002019871698201e-01
9.964370736800264305e-01
3.853466944155703455e-01
6.407399807311647821e-01
5.447421591334029589e-01
1.000000000000000000e+00
1.000000000000000000e+00
1.000000000000000000e+00
8.152413518796575165e-01
1.000000000000000000e+00
3.716015054536213683e-03
4.401383059715018864e-01
1.964628642792976276e-01
9.265889483713655173e-01
7.241629302416329184e-01
9.706094292567054747e-04
1.000000000000000000e+00
1.000000000000000000e+00
1.000000000000000000e+00
4.303846806091444672e-10
1.000000000000000000e+00
1.000000000000000000e+00
