1.000000000000000000e+00
1.176874960777097440e-02
1.000000000000000000e+00
1.000000000000000000e+00
1.065459906992130279e-01
5.643598379084900670e-19
1.000000000000000000e+00
1.000000000000000000e+00
9.999478551546691074e-01
9.999999999999515943e-01
1.000000000000000000e+00
9.999999998749147245e-01
1.000000000000000000e+00
1.000000000000000000e+00
1.000000000000000000e+00
1.246567820138413108e-05
1.669457376098566412e-02
1.000000000000000000e+00
9.999999999999995559e-01
1.000000000000000000e+00
2.122300062799083176e-02
1.000000000000000000e+00
7.134887968704121009e-05
1.000000000000000000e+00
8.452612026398591619e-03
1.962414306828041988e-19
1.000000000000000000e+00
1.000000000000000000e+00
7.268600775995640584e-01
1.000000000000000000e+00
1.000000000000000000e+00
9.999998609965292662e-01
5.433463369327720116e-01
1.000000000000000000e+00
2.805495221354585684e-09
9.999999999999704681e-01
1.000000000000000000e+00
1.000000000000000000e+00
1.000000000000000000e+00
1.000000000000000000e+00
9.999999999974475973e-01
1.000000000000000000e+00
1.000000000000000000e+00
1.000000000000000000e+00
1.000000000000000000e+00
9.944658528794523278e-01
6.958768620885344598e-04
4.408484801980177559e-01
9.999999999998696598e-01
1.000000000000000000e+00
1.000000000000000000e+00
7.843924780818285758e-02
9.999999979745370915e-01
1.000000000000000000e+00
1.916797146655247197e-01
1.000000000000000000e+00
1.000000000000000000e+00
1.000000000000000000e+00
1.000000000000000000e+00
4.088735700627487972e-07
1.000000000000000000e+00
9.961588648345433006e-01
1.811443657039938607e-04
1.000000000000000000e+00
