4.733579470599377226e-01
1.000000000000000000e+00
1.000000000000000000e+00
5.806232039994543163e-06
1.000000000000000000e+00
9.744717336768353722e-01
1.000000000000000000e+00
9.671926932093223295e-01
1.908817371037956345e-01
9.996472848020021562e-01
2.641759101296216740e-09
8.138077607899429911e-01
1.000000000000000000e+00
2.050136581032930005e-01
1.852612682329477511e-01
7.675577926928865979e-01
4.524593177645106198e-06
9.999923340878810185e-01
1.925105617958663784e-07
5.752232801113618950e-08
1.000000000000000000e+00
1.000000000000000000e+00
9.990179937777249330e-01
1.000000000000000000e+00
1.000000000000000000e+00
1.000000000000000000e+00
6.144579302972261181e-02
5.641818968627839714e-01
1.000000000000000000e+00
2.001767878398212174e-09
1.000000000000000000e+00
1.000000000000000000e+00
6.753921353210099593e-03
4.739524992203886927e-02
1.000000000000000000e+00
1.000000000000000000e+00
9.321954042849266431e-01
1.036369489879339773e-01
2.473164237287912293e-01
4.326339237035121536e-10
1.000000000000000000e+00
7.760746966612737108e-01
9.475530324500981249e-29
1.156546876591248024e-01
9.992149242541802368e-01
9.999998190193496450e-01
8.301527573150581096e-01
1.391460264165754468e-02
9.532346350878390107e-01
1.000000000000000000e+00
1.000000000000000000e+00
9.002472442041773437e-01
8.983332624530311339e-01
8.953372317024496973e-12
1.000000000000000000e+00
9.984884047413276065e-01
1.000000000000000000e+00
7.298913242375931754e-02
2.016155166685053013e-01
4.889956882958111848e-06
1.000000000000000000e+00
5.558076824401577801e-08
6.480391827495014523e-01
1.000000000000000000e+00
