9.999999999999653610e-01
9.998174944653828167e-01
9.999992681257591221e-01
8.308539107487253675e-03
5.317157028114164190e-05
3.882586585865958617e-01
1.000000000000000000e+00
9.999999697445731695e-01
1.194900892774217687e-04
5.576288103683915143e-01
1.000000000000000000e+00
5.881031852524649661e-01
3.123868937457044762e-02
1.000000000000000000e+00
1.000000000000000000e+00
1.000000000000000000e+00
1.242452986575492101e-03
1.000000000000000000e+00
1.000000000000000000e+00
3.356079329365647262e-02
1.000000000000000000e+00
1.000000000000000000e+00
9.999999999998310241e-01
6.766218764994030854e-05
8.072645757168160907e-01
1.000000000000000000e+00
9.999978657259881443e-01
9.999999999999968914e-01
1.000000000000000000e+00
1.000000000000000000e+00
1.000000000000000000e+00
1.000000000000000000e+00
1.000000000000000000e+00
1.000000000000000000e+00
1.042954822908407015e-03
2.852588582883844781e-07
9.999999999979463094e-01
1.000000000000000000e+00
6.380531187141877392e-02
1.000000000000000000e+00
1.000000000000000000e+00
9.649705237361930754e-01
7.834547739224170457e-03
9.999853859406644396e-01
9.988754954341261261e-01
9.575068521365569518e-01
3.470799170896710111e-05
1.000000000000000000e+00
9.852603857783149843e-01
8.124133224852471631e-07
1.998679977493245964e-05
1.000000000000000000e+00
1.000000000000000000e+00
1.000000000000000000e+00
9.315908632412014989e-08
7.924831578569976887e-02
9.875492832400907250e-01
9.999999887815854693e-01
1.000000000000000000e+00
5.448624280162862182e-02
1.000000000000000000e+00
9.999999999999997780e-01
4.290910618052408143e-01
9.999921315919678699e-01
