2.371637270039678931e-25
5.479775421887581470e-08
9.999999999997772893e-01
1.000000000000000000e+00
8.519763636460058824e-15
1.000000000000000000e+00
1.000000000000000000e+00
2.960353850816955563e-26
1.000000000000000000e+00
2.437773019027065018e-26
9.999999999996689315e-01
1.000000000000000000e+00
1.000000000000000000e+00
2.579927896132074671e-12
1.000000000000000000e+00
1.000000000000000000e+00
1.000000000000000000e+00
1.000000000000000000e+00
1.000000000000000000e+00
1.000000000000000000e+00
1.000000000000000000e+00
1.000000000000000000e+00
8.679766386415878054e-01
1.000000000000000000e+00
1.000000000000000000e+00
9.999931347062439579e-01
1.000000000000000000e+00
1.312469634325885799e-12
1.000000000000000000e+00
5.729395922178036799e-25
1.000000000000000000e+00
1.000000000000000000e+00
6.070813520383528556e-23
1.000000000000000000e+00
1.000000000000000000e+00
4.067384056370958044e-23
1.000000000000000000e+00
1.000000000000000000e+00
2.229586112742633343e-20
1.000000000000000000e+00
1.000000000000000000e+00
1.000000000000000000e+00
1.000000000000000000e+00
2.998498982339515588e-27
1.000000000000000000e+00
5.715079761641775689e-25
1.000000000000000000e+00
2.280137928742063504e-30
1.000000000000000000e+00
4.352972436592571555e-29
1.000000000000000000e+00
1.000000000000000000e+00
1.000000000000000000e+00
9.999999999988957722e-01
2.377512838905951822e-27
1.000000000000000000e+00
1.000000000000000000e+00
1.000000000000000000e+00
1.649211595891543575e-22
9.999999999998596678e-01
1.252544205137183736e-04
1.000000000000000000e+00
9.997449011689537590e-01
9.999999684038231029e-01
