2.442518838976964800e-04
1.000000000000000000e+00
9.999999999962441155e-01
1.000000000000000000e+00
4.269257073712747273e-06
9.999999999999877875e-01
1.000000000000000000e+00
3.002679261265643632e-14
1.000000000000000000e+00
1.000000000000000000e+00
1.000000000000000000e+00
1.000000000000000000e+00
1.000000000000000000e+00
9.999672210939675177e-01
1.000000000000000000e+00
1.545975629240946257e-13
1.000000000000000000e+00
9.999999999812014817e-01
4.231187444435153356e-27
1.000000000000000000e+00
1.000000000000000000e+00
1.000000000000000000e+00
1.000000000000000000e+00
2.442522728107647923e-34
6.995005217554080123e-35
1.000000000000000000e+00
1.242561664061090080e-33
1.000000000000000000e+00
1.000000000000000000e+00
1.000000000000000000e+00
1.000000000000000000e+00
1.000000000000000000e+00
5.729222804211936561e-15
1.000000000000000000e+00
8.305399646259944804e-29
1.000000000000000000e+00
5.961746522780044098e-35
1.036735446048064687e-23
1.000000000000000000e+00
1.000000000000000000e+00
1.068976910790148346e-24
1.000000000000000000e+00
1.000000000000000000e+00
1.000000000000000000e+00
1.000000000000000000e+00
1.000000000000000000e+00
1.000000000000000000e+00
1.000000000000000000e+00
1.000000000000000000e+00
9.999999999999993339e-01
4.986787315165891530e-24
8.312574988039883857e-27
1.000000000000000000e+00
1.000000000000000000e+00
1.000000000000000000e+00
1.000000000000000000e+00
1.000000000000000000e+00
3.625429152068146391e-23
2.651263999316618286e-33
1.000000000000000000e+00
1.000000000000000000e+00
1.000000000000000000e+00
1.000000000000000000e+00
1.000000000000000000e+00
