1.000000000000000000e+00
1.000000000000000000e+00
1.000000000000000000e+00
1.000000000000000000e+00
9.999999999999886757e-01
9.999999999989650501e-01
9.999999999997728484e-01
9.999999999999598099e-01
1.978441432944530645e-21
9.999999999989519495e-01
1.000000000000000000e+00
9.999999999501594239e-01
1.000000000000000000e+00
1.545116665812413651e-19
1.000000000000000000e+00
1.000000000000000000e+00
1.000000000000000000e+00
8.678878565476284346e-34
3.950372046481497913e-11
1.000000000000000000e+00
1.000000000000000000e+00
1.000000000000000000e+00
1.000000000000000000e+00
1.000000000000000000e+00
1.000000000000000000e+00
9.999999999927748906e-01
9.148757617965106450e-38
1.000000000000000000e+00
9.999999999983060217e-01
9.999999988214667290e-01
9.999999999999955591e-01
1.000000000000000000e+00
9.999999999809658924e-01
1.000000000000000000e+00
1.000000000000000000e+00
1.000000000000000000e+00
1.000000000000000000e+00
1.000000000000000000e+00
1.000000000000000000e+00
1.000000000000000000e+00
9.999999999979134468e-01
1.000000000000000000e+00
7.760670474154960008e-35
3.484678594667413762e-36
1.000000000000000000e+00
1.000000000000000000e+00
9.999999999938278261e-01
1.000000000000000000e+00
1.000000000000000000e+00
1.000000000000000000e+00
1.000000000000000000e+00
9.999999999814888074e-01
1.000000000000000000e+00
1.000000000000000000e+00
1.000000000000000000e+00
1.008181235676062294e-39
1.000000000000000000e+00
1.000000000000000000e+00
1.000000000000000000e+00
1.000000000000000000e+00
5.721472748266131524e-38
1.000000000000000000e+00
3.459649396411440420e-26
9.999999979857405741e-01
