9.999999998903210674e-01
1.000000000000000000e+00
9.999999999428466069e-01
1.191191738487816787e-01
9.997703633085783803e-01
9.999999034447550894e-01
1.000000000000000000e+00
1.000000000000000000e+00
1.000000000000000000e+00
6.556266735954311212e-03
1.000000000000000000e+00
1.000000000000000000e+00
1.000000000000000000e+00
9.999889400906148973e-01
1.000000000000000000e+00
9.999146471308012485e-01
4.362302691307303262e-03
9.989302980981288327e-01
9.999999994897630362e-01
8.161631763365104208e-02
9.999999996926585144e-01
5.766477307073079872e-02
1.000000000000000000e+00
5.422483186766199337e-01
1.000000000000000000e+00
8.279121643227332905e-03
1.000000000000000000e+00
9.985881132821966544e-01
9.804846112750398301e-01
9.806140670013979710e-01
1.000000000000000000e+00
9.090182496784111610e-01
7.436193840928488896e-01
1.000000000000000000e+00
9.999999999999980016e-01
9.040548907745162843e-01
1.000000000000000000e+00
1.000000000000000000e+00
1.000000000000000000e+00
1.000000000000000000e+00
1.000000000000000000e+00
1.000000000000000000e+00
8.885518031514308412e-02
1.283312965876970586e-02
1.000000000000000000e+00
1.500087179383856328e-01
9.999999999997031264e-01
9.999999993212436156e-01
9.040548907793982680e-01
1.000000000000000000e+00
1.000000000000000000e+00
2.384059009478863418e-05
1.000000000000000000e+00
1.000000000000000000e+00
1.000000000000000000e+00
8.008155056304787633e-01
8.667341875332670864e-02
9.806140670302858631e-01
1.000000000000000000e+00
1.000000000000000000e+00
1.000000000000000000e+00
9.806140670011201932e-01
3.177665846859763828e-03
9.040548911690594602e-01
1.000000000000000000e+00
5.554134886233248469e-01
1.000000000000000000e+00
1.746325778731147050e-10
1.000000000000000000e+00
9.996437494976628813e-01
1.318976074644140147e-10
1.000000000000000000e+00
1.490931676873168588e-08
1.000000000000000000e+00
1.000000000000000000e+00
9.814777711785491743e-01
1.000000000000000000e+00
1.000000000000000000e+00
1.000000000000000000e+00
9.607402890303592402e-01
1.000000000000000000e+00
1.225440866249304744e-12
1.000000000000000000e+00
1.000000000000000000e+00
1.000000000000000000e+00
1.000000000000000000e+00
1.007988738412313782e-13
1.000000000000000000e+00
1.000000000000000000e+00
1.000000000000000000e+00
1.000000000000000000e+00
3.865930014275938654e-17
3.681625125443696317e-25
1.000000000000000000e+00
5.939077035517875691e-01
2.428357506844385644e-02
9.999999978855536042e-01
1.000000000000000000e+00
1.447535975895999947e-05
5.618170336660938666e-08
9.999999999999984457e-01
1.000000000000000000e+00
9.972954797283520856e-01
7.757207613539520707e-01
3.455530345934449743e-14
9.999999818373787042e-01
1.000000000000000000e+00
8.249021797307805489e-05
1.000000000000000000e+00
1.000000000000000000e+00
9.999999863511630505e-01
1.000000000000000000e+00
1.000000000000000000e+00
1.000000000000000000e+00
7.388429500666481541e-03
1.000000000000000000e+00
1.000000000000000000e+00
9.999977291677505375e-01
1.000000000000000000e+00
9.999999999912123627e-01
1.465731745864996549e-01
9.999845213436685532e-01
9.999886933370590869e-01
1.099161424261740766e-01
1.000000000000000000e+00
1.000000000000000000e+00
1.249089471580878338e-08
1.000000000000000000e+00
9.915852261935158563e-01
5.568941436630013841e-01
3.590452569381152870e-01
1.000000000000000000e+00
1.124865045604178378e-13
1.000000000000000000e+00
9.999999981375948810e-01
1.000000000000000000e+00
1.043092390381392259e-01
1.000000000000000000e+00
1.000000000000000000e+00
1.405334249376789524e-01
9.385486702772347645e-01
1.802358566880077687e-02
1.000000000000000000e+00
1.000000000000000000e+00
1.000000000000000000e+00
1.000000000000000000e+00
9.980712440566120724e-01
6.210542941634603631e-01
1.000000000000000000e+00
1.000000000000000000e+00
7.002442849900814004e-01
1.542260597770100661e-01
1.000000000000000000e+00
1.000000000000000000e+00
1.000000000000000000e+00
1.000000000000000000e+00
1.000000000000000000e+00
1.176723254792499950e-07
1.000000000000000000e+00
9.958299792029708941e-01
9.863606322502002088e-01
1.000000000000000000e+00
1.000000000000000000e+00
1.000000000000000000e+00
5.684085882546870971e-01
1.000000000000000000e+00
1.085698855525601275e-01
1.000000000000000000e+00
1.000000000000000000e+00
1.000000000000000000e+00
1.000000000000000000e+00
1.000000000000000000e+00
4.819116078532014597e-02
1.000000000000000000e+00
1.000000000000000000e+00
9.999999914034601867e-01
2.188412231788692663e-03
2.247461972584897383e-01
9.999209737424800126e-01
1.000000000000000000e+00
9.999999997416388897e-01
1.000000000000000000e+00
9.999999965176566974e-01
1.000000000000000000e+00
1.000000000000000000e+00
1.000000000000000000e+00
4.876888753320143821e-01
1.000000000000000000e+00
1.000000000000000000e+00
4.936410154151603669e-01
1.000000000000000000e+00
9.498952282293796623e-01
4.853047116764118707e-01
1.000000000000000000e+00
1.000000000000000000e+00
4.050783368672265516e-01
1.000000000000000000e+00
1.000000000000000000e+00
1.000000000000000000e+00
3.065749104067997874e-02
7.116290564804240715e-01
1.000000000000000000e+00
1.000000000000000000e+00
1.218180779263694717e-08
1.000000000000000000e+00
6.857082694340262824e-03
9.999999999999105160e-01
1.203877045360272069e-01
1.000000000000000000e+00
9.997177193105343251e-01
1.000000000000000000e+00
3.209201083983559943e-08
1.000000000000000000e+00
9.999999999402842121e-01
1.302288705925626344e-01
1.000000000000000000e+00
1.000000000000000000e+00
1.000000000000000000e+00
1.000000000000000000e+00
3.320772933476011102e-01
1.000000000000000000e+00
8.473650047041789840e-03
1.000000000000000000e+00
1.000000000000000000e+00
2.349738523740694252e-01
4.208785325068023497e-01
9.999999999413256013e-01
1.000000000000000000e+00
1.000000000000000000e+00
9.995555995088957202e-01
7.597117236247354910e-01
9.312044811826500346e-02
3.194543058895508297e-02
9.995534646364603315e-01
3.463002019871698201e-01
9.964370736800264305e-01
3.853466944155703455e-01
6.407399807311647821e-01
5.447421591334029589e-01
1.000000000000000000e+00
1.000000000000000000e+00
1.000000000000000000e+00
8.152413518796575165e-01
1.000000000000000000e+00
3.716015054536213683e-03
4.401383059715018864e-01
1.964628642792976276e-01
9.265889483713655173e-01
7.241629302416329184e-01
9.706094292567054747e-04
1.000000000000000000e+00
1.000000000000000000e+00
1.000000000000000000e+00
4.303846806091444672e-10
1.000000000000000000e+00
1.000000000000000000e+00
1.000000000000000000e+00
1.176874960777097440e-02
1.000000000000000000e+00
1.000000000000000000e+00
1.065459906992130279e-01
5.643598379084900670e-19
1.000000000000000000e+00
1.000000000000000000e+00
9.999478551546691074e-01
9.999999999999515943e-01
1.000000000000000000e+00
9.999999998749147245e-01
1.000000000000000000e+00
1.000000000000000000e+00
1.000000000000000000e+00
1.246567820138413108e-05
1.669457376098566412e-02
1.000000000000000000e+00
9.999999999999995559e-01
1.000000000000000000e+00
2.122300062799083176e-02
1.000000000000000000e+00
7.134887968704121009e-05
1.000000000000000000e+00
8.452612026398591619e-03
1.962414306828041988e-19
1.000000000000000000e+00
1.000000000000000000e+00
7.268600775995640584e-01
1.000000000000000000e+00
1.000000000000000000e+00
9.999998609965292662e-01
5.433463369327720116e-01
1.000000000000000000e+00
2.805495221354585684e-09
9.999999999999704681e-01
1.000000000000000000e+00
1.000000000000000000e+00
1.000000000000000000e+00
1.000000000000000000e+00
9.999999999974475973e-01
1.000000000000000000e+00
1.000000000000000000e+00
1.000000000000000000e+00
1.000000000000000000e+00
9.944658528794523278e-01
6.958768620885344598e-04
4.408484801980177559e-01
9.999999999998696598e-01
1.000000000000000000e+00
1.000000000000000000e+00
7.843924780818285758e-02
9.999999979745370915e-01
1.000000000000000000e+00
1.916797146655247197e-01
1.000000000000000000e+00
1.000000000000000000e+00
1.000000000000000000e+00
1.000000000000000000e+00
4.088735700627487972e-07
1.000000000000000000e+00
9.961588648345433006e-01
1.811443657039938607e-04
1.000000000000000000e+00
4.733579470599377226e-01
1.000000000000000000e+00
1.000000000000000000e+00
5.806232039994543163e-06
1.000000000000000000e+00
9.744717336768353722e-01
1.000000000000000000e+00
9.671926932093223295e-01
1.908817371037956345e-01
9.996472848020021562e-01
2.641759101296216740e-09
8.138077607899429911e-01
1.000000000000000000e+00
2.050136581032930005e-01
1.852612682329477511e-01
7.675577926928865979e-01
4.524593177645106198e-06
9.999923340878810185e-01
1.925105617958663784e-07
5.752232801113618950e-08
1.000000000000000000e+00
1.000000000000000000e+00
9.990179937777249330e-01
1.000000000000000000e+00
1.000000000000000000e+00
1.000000000000000000e+00
6.144579302972261181e-02
5.641818968627839714e-01
1.000000000000000000e+00
2.001767878398212174e-09
1.000000000000000000e+00
1.000000000000000000e+00
6.753921353210099593e-03
4.739524992203886927e-02
1.000000000000000000e+00
1.000000000000000000e+00
9.321954042849266431e-01
1.036369489879339773e-01
2.473164237287912293e-01
4.326339237035121536e-10
1.000000000000000000e+00
7.760746966612737108e-01
9.475530324500981249e-29
1.156546876591248024e-01
9.992149242541802368e-01
9.999998190193496450e-01
8.301527573150581096e-01
1.391460264165754468e-02
9.532346350878390107e-01
1.000000000000000000e+00
1.000000000000000000e+00
9.002472442041773437e-01
8.983332624530311339e-01
8.953372317024496973e-12
1.000000000000000000e+00
9.984884047413276065e-01
1.000000000000000000e+00
7.298913242375931754e-02
2.016155166685053013e-01
4.889956882958111848e-06
1.000000000000000000e+00
5.558076824401577801e-08
6.480391827495014523e-01
1.000000000000000000e+00
9.999999999999653610e-01
9.998174944653828167e-01
9.999992681257591221e-01
8.308539107487253675e-03
5.317157028114164190e-05
3.882586585865958617e-01
1.000000000000000000e+00
9.999999697445731695e-01
1.194900892774217687e-04
5.576288103683915143e-01
1.000000000000000000e+00
5.881031852524649661e-01
3.123868937457044762e-02
1.000000000000000000e+00
1.000000000000000000e+00
1.000000000000000000e+00
1.242452986575492101e-03
1.000000000000000000e+00
1.000000000000000000e+00
3.356079329365647262e-02
1.000000000000000000e+00
1.000000000000000000e+00
9.999999999998310241e-01
6.766218764994030854e-05
8.072645757168160907e-01
1.000000000000000000e+00
9.999978657259881443e-01
9.999999999999968914e-01
1.000000000000000000e+00
1.000000000000000000e+00
1.000000000000000000e+00
1.000000000000000000e+00
1.000000000000000000e+00
1.000000000000000000e+00
1.042954822908407015e-03
2.852588582883844781e-07
9.999999999979463094e-01
1.000000000000000000e+00
6.380531187141877392e-02
1.000000000000000000e+00
1.000000000000000000e+00
9.649705237361930754e-01
7.834547739224170457e-03
9.999853859406644396e-01
9.988754954341261261e-01
9.575068521365569518e-01
3.470799170896710111e-05
1.000000000000000000e+00
9.852603857783149843e-01
8.124133224852471631e-07
1.998679977493245964e-05
1.000000000000000000e+00
1.000000000000000000e+00
1.000000000000000000e+00
9.315908632412014989e-08
7.924831578569976887e-02
9.875492832400907250e-01
9.999999887815854693e-01
1.000000000000000000e+00
5.448624280162862182e-02
1.000000000000000000e+00
9.999999999999997780e-01
4.290910618052408143e-01
9.999921315919678699e-01
2.371637270039678931e-25
5.479775421887581470e-08
9.999999999997772893e-01
1.000000000000000000e+00
8.519763636460058824e-15
1.000000000000000000e+00
1.000000000000000000e+00
2.960353850816955563e-26
1.000000000000000000e+00
2.437773019027065018e-26
9.999999999996689315e-01
1.000000000000000000e+00
1.000000000000000000e+00
2.579927896132074671e-12
1.000000000000000000e+00
1.000000000000000000e+00
1.000000000000000000e+00
1.000000000000000000e+00
1.000000000000000000e+00
1.000000000000000000e+00
1.000000000000000000e+00
1.000000000000000000e+00
8.679766386415878054e-01
1.000000000000000000e+00
1.000000000000000000e+00
9.999931347062439579e-01
1.000000000000000000e+00
1.312469634325885799e-12
1.000000000000000000e+00
5.729395922178036799e-25
1.000000000000000000e+00
1.000000000000000000e+00
6.070813520383528556e-23
1.000000000000000000e+00
1.000000000000000000e+00
4.067384056370958044e-23
1.000000000000000000e+00
1.000000000000000000e+00
2.229586112742633343e-20
1.000000000000000000e+00
1.000000000000000000e+00
1.000000000000000000e+00
1.000000000000000000e+00
2.998498982339515588e-27
1.000000000000000000e+00
5.715079761641775689e-25
1.000000000000000000e+00
2.280137928742063504e-30
1.000000000000000000e+00
4.352972436592571555e-29
1.000000000000000000e+00
1.000000000000000000e+00
1.000000000000000000e+00
9.999999999988957722e-01
2.377512838905951822e-27
1.000000000000000000e+00
1.000000000000000000e+00
1.000000000000000000e+00
1.649211595891543575e-22
9.999999999998596678e-01
1.252544205137183736e-04
1.000000000000000000e+00
9.997449011689537590e-01
9.999999684038231029e-01
2.442518838976964800e-04
1.000000000000000000e+00
9.999999999962441155e-01
1.000000000000000000e+00
4.269257073712747273e-06
9.999999999999877875e-01
1.000000000000000000e+00
3.002679261265643632e-14
1.000000000000000000e+00
1.000000000000000000e+00
1.000000000000000000e+00
1.000000000000000000e+00
1.000000000000000000e+00
9.999672210939675177e-01
1.000000000000000000e+00
1.545975629240946257e-13
1.000000000000000000e+00
9.999999999812014817e-01
4.231187444435153356e-27
1.000000000000000000e+00
1.000000000000000000e+00
1.000000000000000000e+00
1.000000000000000000e+00
2.442522728107647923e-34
6.995005217554080123e-35
1.000000000000000000e+00
1.242561664061090080e-33
1.000000000000000000e+00
1.000000000000000000e+00
1.000000000000000000e+00
1.000000000000000000e+00
1.000000000000000000e+00
5.729222804211936561e-15
1.000000000000000000e+00
8.305399646259944804e-29
1.000000000000000000e+00
5.961746522780044098e-35
1.036735446048064687e-23
1.000000000000000000e+00
1.000000000000000000e+00
1.068976910790148346e-24
1.000000000000000000e+00
1.000000000000000000e+00
1.000000000000000000e+00
1.000000000000000000e+00
1.000000000000000000e+00
1.000000000000000000e+00
1.000000000000000000e+00
1.000000000000000000e+00
9.999999999999993339e-01
4.986787315165891530e-24
8.312574988039883857e-27
1.000000000000000000e+00
1.000000000000000000e+00
1.000000000000000000e+00
1.000000000000000000e+00
1.000000000000000000e+00
3.625429152068146391e-23
2.651263999316618286e-33
1.000000000000000000e+00
1.000000000000000000e+00
1.000000000000000000e+00
1.000000000000000000e+00
1.000000000000000000e+00
1.000000000000000000e+00
1.000000000000000000e+00
1.000000000000000000e+00
1.000000000000000000e+00
9.999999999999886757e-01
9.999999999989650501e-01
9.999999999997728484e-01
9.999999999999598099e-01
1.978441432944530645e-21
9.999999999989519495e-01
1.000000000000000000e+00
9.999999999501594239e-01
1.000000000000000000e+00
1.545116665812413651e-19
1.000000000000000000e+00
1.000000000000000000e+00
1.000000000000000000e+00
8.678878565476284346e-34
3.950372046481497913e-11
1.000000000000000000e+00
1.000000000000000000e+00
1.000000000000000000e+00
1.000000000000000000e+00
1.000000000000000000e+00
1.000000000000000000e+00
9.999999999927748906e-01
9.148757617965106450e-38
1.000000000000000000e+00
9.999999999983060217e-01
9.999999988214667290e-01
9.999999999999955591e-01
1.000000000000000000e+00
9.999999999809658924e-01
1.000000000000000000e+00
1.000000000000000000e+00
1.000000000000000000e+00
1.000000000000000000e+00
1.000000000000000000e+00
1.000000000000000000e+00
1.000000000000000000e+00
9.999999999979134468e-01
1.000000000000000000e+00
7.760670474154960008e-35
3.484678594667413762e-36
1.000000000000000000e+00
1.000000000000000000e+00
9.999999999938278261e-01
1.000000000000000000e+00
1.000000000000000000e+00
1.000000000000000000e+00
1.000000000000000000e+00
9.999999999814888074e-01
1.000000000000000000e+00
1.000000000000000000e+00
1.000000000000000000e+00
1.008181235676062294e-39
1.000000000000000000e+00
1.000000000000000000e+00
1.000000000000000000e+00
1.000000000000000000e+00
5.721472748266131524e-38
1.000000000000000000e+00
3.459649396411440420e-26
9.999999979857405741e-01
