9.528942037756490402e-01
1.000000000000000000e+00
9.678640074463245035e-01
8.590822068047261340e-01
6.380098600077421800e-01
8.770580968302711389e-01
1.000000000000000000e+00
9.999992007577049868e-01
1.000000000000000000e+00
5.691539152792091105e-01
9.999999988378367455e-01
9.999892582699984045e-01
1.000000000000000000e+00
9.198051518745075095e-01
1.000000000000000000e+00
8.625925430857267484e-01
1.490843495592403256e-01
5.278873246439022004e-01
9.999894248340591707e-01
1.863574660327791122e-01
9.998037184976543701e-01
2.081375404026901757e-02
1.000000000000000000e+00
4.720326282832155163e-01
1.000000000000000000e+00
3.598815140213737322e-03
1.000000000000000000e+00
8.454767667901974537e-01
7.542188152764175424e-01
7.642628947956401353e-01
1.000000000000000000e+00
6.369627424322113485e-02
8.090843792338137108e-01
1.000000000000000000e+00
9.996403558975816006e-01
5.428107025223817272e-01
1.000000000000000000e+00
1.000000000000000000e+00
1.000000000000000000e+00
9.999999999999513722e-01
1.000000000000000000e+00
9.999999999011079943e-01
8.380456340849641306e-01
9.583141626021511872e-01
1.000000000000000000e+00
8.926748754873862213e-01
9.999999994107509060e-01
8.459301017371313458e-01
7.422440285874540855e-01
1.000000000000000000e+00
1.000000000000000000e+00
8.980348005372666975e-01
1.000000000000000000e+00
1.000000000000000000e+00
1.000000000000000000e+00
7.571300774567719660e-01
8.571342204815951549e-01
9.459804124042758833e-01
1.000000000000000000e+00
1.000000000000000000e+00
1.000000000000000000e+00
8.508600699832677972e-01
1.037804752946695335e-08
8.213629024955193536e-01
