9.999704957269922589e-01
5.099936268463167721e-01
9.999999999999724665e-01
5.212737512883470125e-04
1.000000000000000000e+00
8.406542346657389642e-01
2.915323316335239276e-06
1.000000000000000000e+00
4.085815400933185404e-01
1.000000000000000000e+00
9.999999999635991177e-01
6.920078664379026856e-01
9.999999999999991118e-01
1.000000000000000000e+00
1.000000000000000000e+00
9.642387946294579404e-01
1.000000000000000000e+00
2.668378600358003075e-05
9.998318695758422470e-01
1.000000000000000000e+00
1.000000000000000000e+00
1.000000000000000000e+00
1.047512041794147155e-07
9.940669335903375980e-01
1.000000000000000000e+00
1.000000000000000000e+00
9.999999999996331823e-01
1.957856062793615799e-03
4.740730774621048586e-04
9.999999999999720224e-01
8.716852618792509944e-01
2.365895442439342258e-02
9.998489373614733999e-01
9.999999999999160671e-01
5.208305258896244183e-01
2.771935403659055441e-01
9.995089531329099941e-01
1.000000000000000000e+00
7.236689875147408468e-01
1.838497439629227688e-03
1.112953043240337228e-11
9.723777925329709637e-01
1.000000000000000000e+00
5.934633754503878394e-02
9.999999999155340102e-01
1.000000000000000000e+00
9.990101314603374583e-01
1.000000000000000000e+00
9.999999999999993339e-01
9.999999999999888978e-01
9.584642832740205565e-01
1.000000000000000000e+00
9.999999999997630784e-01
9.563784717538530433e-01
1.000000000000000000e+00
9.999999945491091502e-01
1.308226962634234380e-01
9.058599311091493078e-01
9.026393890289603483e-01
7.232931578624828342e-03
1.000000000000000000e+00
1.000000000000000000e+00
4.675288181640677720e-01
1.000000000000000000e+00
