8.852958314489431935e-01
6.859793697643216115e-01
7.968322091819324271e-01
9.999991544402715427e-01
7.078133545619347787e-03
1.000000000000000000e+00
9.999869632817179887e-01
1.000000000000000000e+00
5.611648108453142214e-01
9.999510120842566296e-01
1.000000000000000000e+00
3.927501236488846470e-02
8.291541847407524202e-01
1.035092400907673821e-01
1.000000000000000000e+00
1.000000000000000000e+00
1.000000000000000000e+00
9.901461819521669705e-01
6.117341880430197110e-01
5.615897830941729563e-01
1.000000000000000000e+00
1.000000000000000000e+00
4.648828968722683030e-01
4.902267505886664933e-01
9.677882377706724659e-01
1.000000000000000000e+00
1.000000000000000000e+00
1.000000000000000000e+00
1.000000000000000000e+00
4.176233343910649925e-12
1.000000000000000000e+00
9.996501402258787250e-01
7.747331666593868515e-01
1.000000000000000000e+00
1.000000000000000000e+00
1.000000000000000000e+00
6.311098521067261269e-02
1.000000000000000000e+00
7.266460073842352374e-01
1.000000000000000000e+00
1.000000000000000000e+00
1.000000000000000000e+00
9.999946362643284958e-01
1.000000000000000000e+00
1.271832772459554617e-01
1.000000000000000000e+00
1.000000000000000000e+00
9.315913199404389777e-01
1.377407155770294039e-06
3.946602372133871106e-01
6.452350431075301040e-01
1.000000000000000000e+00
9.999890501919233010e-01
1.000000000000000000e+00
9.950181722525011097e-01
9.999286847653610089e-01
9.951764694388297583e-01
1.000000000000000000e+00
1.528129196735545370e-01
1.000000000000000000e+00
1.000000000000000000e+00
8.448376056240376464e-01
1.000000000000000000e+00
8.628371418308750096e-01
