9.741263108190115205e-02
1.000000000000000000e+00
1.000000000000000000e+00
1.804840614925556641e-01
1.000000000000000000e+00
1.000000000000000000e+00
1.000000000000000000e+00
8.799765292828681806e-02
5.238138091008550656e-01
1.000000000000000000e+00
1.000000000000000000e+00
1.113731522860072884e-07
1.000000000000000000e+00
1.679573052857242415e-03
9.999999995450552515e-01
1.181236968781819582e-04
1.000000000000000000e+00
9.886206730698794409e-01
1.000000000000000000e+00
2.835994360110019957e-12
1.000000000000000000e+00
9.999997650696733631e-01
3.161909789542923649e-02
1.000000000000000000e+00
1.000000000000000000e+00
1.000000000000000000e+00
1.000000000000000000e+00
1.164720298305668700e-01
9.999999999999991118e-01
3.508099759419592949e-03
9.999999999995143884e-01
1.000000000000000000e+00
5.361279578435321769e-01
1.659296199723184484e-01
9.998391405680150390e-01
1.000000000000000000e+00
1.000000000000000000e+00
9.999990180887072810e-01
5.209516576074438854e-01
2.974104449018507429e-02
1.973389125028646857e-02
3.710709502852783670e-01
5.350884818266283399e-02
2.666031373774642721e-01
9.685625735486159960e-02
2.736028881719581030e-01
3.974083497600745529e-01
1.000000000000000000e+00
1.000000000000000000e+00
1.000000000000000000e+00
2.730394380494415296e-01
1.000000000000000000e+00
6.097901958015287732e-04
2.870492514444811238e-01
4.877060109698667240e-02
1.589506441109259094e-01
9.578347860552908211e-01
9.852064708860747144e-02
1.000000000000000000e+00
1.000000000000000000e+00
1.000000000000000000e+00
4.944901866897348533e-15
1.000000000000000000e+00
1.000000000000000000e+00
