1.000000000000000000e+00
5.625511469854656277e-02
1.000000000000000000e+00
1.000000000000000000e+00
9.197417926990819614e-01
4.720563357223256539e-11
1.000000000000000000e+00
1.000000000000000000e+00
1.000000000000000000e+00
1.000000000000000000e+00
1.000000000000000000e+00
1.000000000000000000e+00
1.000000000000000000e+00
1.000000000000000000e+00
1.000000000000000000e+00
1.736831097492528956e-04
2.441919658825162931e-01
1.000000000000000000e+00
9.999999998519943922e-01
1.000000000000000000e+00
9.995703463710201575e-01
1.000000000000000000e+00
9.102531408797378404e-03
1.000000000000000000e+00
7.486316310446912425e-02
5.552527855278713938e-16
9.999999999998616662e-01
1.000000000000000000e+00
9.220403311298108751e-01
1.000000000000000000e+00
1.000000000000000000e+00
9.995953265573211954e-01
9.991907566399504947e-01
1.000000000000000000e+00
3.127126708486829571e-04
9.999999998068089813e-01
1.000000000000000000e+00
1.000000000000000000e+00
1.000000000000000000e+00
1.000000000000000000e+00
1.000000000000000000e+00
1.000000000000000000e+00
1.000000000000000000e+00
1.000000000000000000e+00
1.000000000000000000e+00
9.999996895609504222e-01
9.993811079388403851e-01
2.989750534000121685e-03
9.999999999985973442e-01
1.000000000000000000e+00
1.000000000000000000e+00
1.067411962334735287e-01
9.999999982022189648e-01
1.000000000000000000e+00
8.728510442192761731e-01
1.000000000000000000e+00
1.000000000000000000e+00
1.000000000000000000e+00
1.000000000000000000e+00
4.796291093902784906e-05
1.000000000000000000e+00
9.999996977729005421e-01
2.146516618327412862e-01
1.000000000000000000e+00
