3.200566183797128039e-02
9.999999999999993339e-01
1.000000000000000000e+00
2.869781743009869627e-04
9.999999999998925304e-01
9.368823357241944372e-01
1.000000000000000000e+00
8.523489106746564570e-01
1.131233265806511415e-02
9.778158200318518567e-01
1.051474402107091055e-03
1.176689255959154495e-01
1.000000000000000000e+00
1.012612395796162607e-01
2.810894128895787270e-01
2.773168265860287973e-01
1.053736884569312499e-01
9.797763111931135915e-01
3.994918288173728341e-04
1.185365129015745646e-07
1.000000000000000000e+00
9.999999999973783193e-01
9.003727836546077112e-01
1.000000000000000000e+00
1.000000000000000000e+00
1.000000000000000000e+00
6.847900623093677863e-03
2.807792730011451562e-02
9.992307162049658409e-01
7.252296153697733992e-05
1.000000000000000000e+00
8.364938845188413241e-01
1.097182744305357296e-03
3.374502223778760301e-01
1.000000000000000000e+00
1.000000000000000000e+00
5.107198519725598962e-02
5.544456218516822243e-01
3.800740776794621356e-02
6.997199762441123373e-05
1.000000000000000000e+00
1.341185343520867601e-01
1.708712726455011307e-04
4.151326063003691891e-01
9.977371309109007713e-01
4.524142486054601453e-01
9.002674650110724652e-01
3.032869550636189265e-02
7.652753501059231800e-01
1.000000000000000000e+00
1.000000000000000000e+00
4.187436710963392261e-02
1.667447936465214471e-03
6.686777796654464704e-04
9.269484464256825262e-01
6.761380314692114757e-01
1.000000000000000000e+00
1.178484527326737613e-01
5.941681520983521647e-02
2.162708055637745010e-03
1.000000000000000000e+00
2.352951838691089332e-04
7.335079630302259179e-01
1.000000000000000000e+00
