9.999999958060210581e-01
9.800874547754288013e-01
9.999981364397786399e-01
2.846936212923454335e-01
2.980020334639476437e-02
2.808528377834075829e-01
1.000000000000000000e+00
9.995565147217231328e-01
6.689139716421062254e-02
8.491879488052743730e-01
1.000000000000000000e+00
9.943102767129353703e-01
2.901857975105156529e-01
1.000000000000000000e+00
1.000000000000000000e+00
1.000000000000000000e+00
2.006887560408057714e-02
1.000000000000000000e+00
1.000000000000000000e+00
2.708903696268837313e-01
1.000000000000000000e+00
1.000000000000000000e+00
1.000000000000000000e+00
4.155649700030214500e-02
7.284694239680958860e-01
1.000000000000000000e+00
8.361080484548253366e-01
1.000000000000000000e+00
1.000000000000000000e+00
1.000000000000000000e+00
1.000000000000000000e+00
1.000000000000000000e+00
1.000000000000000000e+00
1.000000000000000000e+00
8.758104089237002399e-02
1.029758208525075221e-02
1.000000000000000000e+00
1.000000000000000000e+00
6.493015483715743053e-02
1.000000000000000000e+00
1.000000000000000000e+00
3.515384718945266385e-01
2.260802128470370820e-01
8.731312173192338211e-01
9.984025337005848488e-01
7.766910326584238744e-01
2.187272293913441676e-02
1.000000000000000000e+00
7.284578062103850282e-01
3.207446589394462571e-03
5.901384149988320171e-02
1.000000000000000000e+00
1.000000000000000000e+00
1.000000000000000000e+00
1.689617432795220697e-02
4.536880071818333304e-01
9.412530136961010374e-01
9.999999999878912416e-01
1.000000000000000000e+00
9.999943682181126059e-01
1.000000000000000000e+00
1.000000000000000000e+00
2.969529349120197392e-01
9.829263108383154979e-01
