1.922374890129792825e-09
1.205240552052614565e-06
9.999994067876969428e-01
9.999999999999962252e-01
1.035750757438044616e-02
1.000000000000000000e+00
1.000000000000000000e+00
4.859746917915261071e-12
1.000000000000000000e+00
4.778689025119454039e-13
9.999707252714854500e-01
1.000000000000000000e+00
1.000000000000000000e+00
3.319335759722030162e-11
1.000000000000000000e+00
1.000000000000000000e+00
9.999999999999034106e-01
9.999999998361555065e-01
1.000000000000000000e+00
1.000000000000000000e+00
9.999999998396398304e-01
9.999998873319928538e-01
9.483243753817794604e-10
9.999998165001436901e-01
1.000000000000000000e+00
9.795757481287776791e-01
9.999999999906385995e-01
9.999951600937515561e-01
9.999999998503206200e-01
1.890225674401461893e-09
1.000000000000000000e+00
1.000000000000000000e+00
6.794336538830951858e-03
9.999999983344003418e-01
9.999999997529644968e-01
1.341633487394094811e-05
9.999998437271406804e-01
1.000000000000000000e+00
5.419488101056064151e-12
1.000000000000000000e+00
1.000000000000000000e+00
1.000000000000000000e+00
9.999999999999951150e-01
3.167605723838909548e-17
9.999999999936382000e-01
1.758534406735353792e-09
9.999999999990363264e-01
1.663854008199603773e-17
1.000000000000000000e+00
6.145229338279988181e-12
1.000000000000000000e+00
1.000000000000000000e+00
1.000000000000000000e+00
9.999933465684175404e-01
1.208470921144339304e-14
1.000000000000000000e+00
9.999999999028259534e-01
9.999999999996229683e-01
4.412410856129405866e-07
9.999995282863898272e-01
2.716342563048181891e-01
1.000000000000000000e+00
5.867321024979522681e-01
9.997682400177116957e-01
