7.837100364873464557e-10
1.000000000000000000e+00
9.219407739279937934e-14
1.000000000000000000e+00
3.119975229245942195e-16
9.884079707476366439e-01
5.154787827890796367e-04
7.357663270867616136e-13
1.000000000000000000e+00
1.000000000000000000e+00
1.000000000000000000e+00
1.000000000000000000e+00
1.000000000000000000e+00
1.000000000000000000e+00
1.000000000000000000e+00
2.615001010410585506e-17
1.579067418213398605e-02
9.999996570347325919e-01
2.985965297912383588e-19
4.855473683234671504e-08
1.000000000000000000e+00
5.192683356256871682e-17
1.000000000000000000e+00
2.554674262083564240e-46
7.332752948499652362e-42
1.000000000000000000e+00
2.578738269845591944e-36
1.000000000000000000e+00
1.934792993520658144e-01
1.000000000000000000e+00
1.000000000000000000e+00
1.000000000000000000e+00
2.500366799467089649e-09
1.000000000000000000e+00
5.070060485404115330e-45
1.000000000000000000e+00
5.017027949337525176e-49
6.540644280686978331e-42
1.000000000000000000e+00
1.000000000000000000e+00
4.209805199723700271e-35
1.000000000000000000e+00
1.000000000000000000e+00
1.000000000000000000e+00
1.000000000000000000e+00
8.960470223589489525e-01
9.999999999999944489e-01
9.999998571751478327e-01
1.000000000000000000e+00
4.604391717474260351e-06
2.015614540123427013e-28
5.443939334091569950e-43
1.000000000000000000e+00
1.000000000000000000e+00
1.000000000000000000e+00
1.000000000000000000e+00
1.000000000000000000e+00
1.187417959771774064e-17
3.280895731912038935e-36
1.000000000000000000e+00
9.999999999806594708e-01
1.000000000000000000e+00
1.000000000000000000e+00
1.000000000000000000e+00
