1.000000000000000000e+00
9.999999999999935607e-01
1.000000000000000000e+00
1.000000000000000000e+00
9.999999999999995559e-01
9.999999999999997780e-01
9.999999999999997780e-01
1.000000000000000000e+00
9.999999997624720027e-01
1.000000000000000000e+00
1.000000000000000000e+00
9.999999999999920064e-01
1.000000000000000000e+00
9.999999999993394173e-01
1.000000000000000000e+00
1.000000000000000000e+00
1.000000000000000000e+00
9.989873649086946639e-01
9.999998487317760532e-01
1.000000000000000000e+00
1.000000000000000000e+00
1.000000000000000000e+00
1.000000000000000000e+00
1.000000000000000000e+00
1.000000000000000000e+00
1.000000000000000000e+00
2.206348782125511631e-07
1.000000000000000000e+00
1.000000000000000000e+00
9.999999999999997780e-01
9.999999999991189270e-01
1.000000000000000000e+00
9.999999999999997780e-01
1.000000000000000000e+00
1.000000000000000000e+00
1.000000000000000000e+00
1.000000000000000000e+00
1.000000000000000000e+00
1.000000000000000000e+00
1.000000000000000000e+00
1.000000000000000000e+00
1.000000000000000000e+00
9.999999998105857379e-01
1.157875338992682968e-01
1.000000000000000000e+00
1.000000000000000000e+00
9.999999999956812324e-01
1.000000000000000000e+00
1.000000000000000000e+00
1.000000000000000000e+00
1.000000000000000000e+00
1.000000000000000000e+00
1.000000000000000000e+00
1.000000000000000000e+00
1.000000000000000000e+00
7.208766245540305556e-07
1.000000000000000000e+00
1.000000000000000000e+00
1.000000000000000000e+00
1.000000000000000000e+00
1.375427656042618463e-01
1.000000000000000000e+00
9.999986430838347928e-01
9.999999999999997780e-01
