9.528942037756490402e-01
1.000000000000000000e+00
9.678640074463245035e-01
8.590822068047261340e-01
6.380098600077421800e-01
8.770580968302711389e-01
1.000000000000000000e+00
9.999992007577049868e-01
1.000000000000000000e+00
5.691539152792091105e-01
9.999999988378367455e-01
9.999892582699984045e-01
1.000000000000000000e+00
9.198051518745075095e-01
1.000000000000000000e+00
8.625925430857267484e-01
1.490843495592403256e-01
5.278873246439022004e-01
9.999894248340591707e-01
1.863574660327791122e-01
9.998037184976543701e-01
2.081375404026901757e-02
1.000000000000000000e+00
4.720326282832155163e-01
1.000000000000000000e+00
3.598815140213737322e-03
1.000000000000000000e+00
8.454767667901974537e-01
7.542188152764175424e-01
7.642628947956401353e-01
1.000000000000000000e+00
6.369627424322113485e-02
8.090843792338137108e-01
1.000000000000000000e+00
9.996403558975816006e-01
5.428107025223817272e-01
1.000000000000000000e+00
1.000000000000000000e+00
1.000000000000000000e+00
9.999999999999513722e-01
1.000000000000000000e+00
9.999999999011079943e-01
8.380456340849641306e-01
9.583141626021511872e-01
1.000000000000000000e+00
8.926748754873862213e-01
9.999999994107509060e-01
8.459301017371313458e-01
7.422440285874540855e-01
1.000000000000000000e+00
1.000000000000000000e+00
8.980348005372666975e-01
1.000000000000000000e+00
1.000000000000000000e+00
1.000000000000000000e+00
7.571300774567719660e-01
8.571342204815951549e-01
9.459804124042758833e-01
1.000000000000000000e+00
1.000000000000000000e+00
1.000000000000000000e+00
8.508600699832677972e-01
1.037804752946695335e-08
8.213629024955193536e-01
9.999704957269922589e-01
5.099936268463167721e-01
9.999999999999724665e-01
5.212737512883470125e-04
1.000000000000000000e+00
8.406542346657389642e-01
2.915323316335239276e-06
1.000000000000000000e+00
4.085815400933185404e-01
1.000000000000000000e+00
9.999999999635991177e-01
6.920078664379026856e-01
9.999999999999991118e-01
1.000000000000000000e+00
1.000000000000000000e+00
9.642387946294579404e-01
1.000000000000000000e+00
2.668378600358003075e-05
9.998318695758422470e-01
1.000000000000000000e+00
1.000000000000000000e+00
1.000000000000000000e+00
1.047512041794147155e-07
9.940669335903375980e-01
1.000000000000000000e+00
1.000000000000000000e+00
9.999999999996331823e-01
1.957856062793615799e-03
4.740730774621048586e-04
9.999999999999720224e-01
8.716852618792509944e-01
2.365895442439342258e-02
9.998489373614733999e-01
9.999999999999160671e-01
5.208305258896244183e-01
2.771935403659055441e-01
9.995089531329099941e-01
1.000000000000000000e+00
7.236689875147408468e-01
1.838497439629227688e-03
1.112953043240337228e-11
9.723777925329709637e-01
1.000000000000000000e+00
5.934633754503878394e-02
9.999999999155340102e-01
1.000000000000000000e+00
9.990101314603374583e-01
1.000000000000000000e+00
9.999999999999993339e-01
9.999999999999888978e-01
9.584642832740205565e-01
1.000000000000000000e+00
9.999999999997630784e-01
9.563784717538530433e-01
1.000000000000000000e+00
9.999999945491091502e-01
1.308226962634234380e-01
9.058599311091493078e-01
9.026393890289603483e-01
7.232931578624828342e-03
1.000000000000000000e+00
1.000000000000000000e+00
4.675288181640677720e-01
1.000000000000000000e+00
8.852958314489431935e-01
6.859793697643216115e-01
7.968322091819324271e-01
9.999991544402715427e-01
7.078133545619347787e-03
1.000000000000000000e+00
9.999869632817179887e-01
1.000000000000000000e+00
5.611648108453142214e-01
9.999510120842566296e-01
1.000000000000000000e+00
3.927501236488846470e-02
8.291541847407524202e-01
1.035092400907673821e-01
1.000000000000000000e+00
1.000000000000000000e+00
1.000000000000000000e+00
9.901461819521669705e-01
6.117341880430197110e-01
5.615897830941729563e-01
1.000000000000000000e+00
1.000000000000000000e+00
4.648828968722683030e-01
4.902267505886664933e-01
9.677882377706724659e-01
1.000000000000000000e+00
1.000000000000000000e+00
1.000000000000000000e+00
1.000000000000000000e+00
4.176233343910649925e-12
1.000000000000000000e+00
9.996501402258787250e-01
7.747331666593868515e-01
1.000000000000000000e+00
1.000000000000000000e+00
1.000000000000000000e+00
6.311098521067261269e-02
1.000000000000000000e+00
7.266460073842352374e-01
1.000000000000000000e+00
1.000000000000000000e+00
1.000000000000000000e+00
9.999946362643284958e-01
1.000000000000000000e+00
1.271832772459554617e-01
1.000000000000000000e+00
1.000000000000000000e+00
9.315913199404389777e-01
1.377407155770294039e-06
3.946602372133871106e-01
6.452350431075301040e-01
1.000000000000000000e+00
9.999890501919233010e-01
1.000000000000000000e+00
9.950181722525011097e-01
9.999286847653610089e-01
9.951764694388297583e-01
1.000000000000000000e+00
1.528129196735545370e-01
1.000000000000000000e+00
1.000000000000000000e+00
8.448376056240376464e-01
1.000000000000000000e+00
8.628371418308750096e-01
9.741263108190115205e-02
1.000000000000000000e+00
1.000000000000000000e+00
1.804840614925556641e-01
1.000000000000000000e+00
1.000000000000000000e+00
1.000000000000000000e+00
8.799765292828681806e-02
5.238138091008550656e-01
1.000000000000000000e+00
1.000000000000000000e+00
1.113731522860072884e-07
1.000000000000000000e+00
1.679573052857242415e-03
9.999999995450552515e-01
1.181236968781819582e-04
1.000000000000000000e+00
9.886206730698794409e-01
1.000000000000000000e+00
2.835994360110019957e-12
1.000000000000000000e+00
9.999997650696733631e-01
3.161909789542923649e-02
1.000000000000000000e+00
1.000000000000000000e+00
1.000000000000000000e+00
1.000000000000000000e+00
1.164720298305668700e-01
9.999999999999991118e-01
3.508099759419592949e-03
9.999999999995143884e-01
1.000000000000000000e+00
5.361279578435321769e-01
1.659296199723184484e-01
9.998391405680150390e-01
1.000000000000000000e+00
1.000000000000000000e+00
9.999990180887072810e-01
5.209516576074438854e-01
2.974104449018507429e-02
1.973389125028646857e-02
3.710709502852783670e-01
5.350884818266283399e-02
2.666031373774642721e-01
9.685625735486159960e-02
2.736028881719581030e-01
3.974083497600745529e-01
1.000000000000000000e+00
1.000000000000000000e+00
1.000000000000000000e+00
2.730394380494415296e-01
1.000000000000000000e+00
6.097901958015287732e-04
2.870492514444811238e-01
4.877060109698667240e-02
1.589506441109259094e-01
9.578347860552908211e-01
9.852064708860747144e-02
1.000000000000000000e+00
1.000000000000000000e+00
1.000000000000000000e+00
4.944901866897348533e-15
1.000000000000000000e+00
1.000000000000000000e+00
1.000000000000000000e+00
5.625511469854656277e-02
1.000000000000000000e+00
1.000000000000000000e+00
9.197417926990819614e-01
4.720563357223256539e-11
1.000000000000000000e+00
1.000000000000000000e+00
1.000000000000000000e+00
1.000000000000000000e+00
1.000000000000000000e+00
1.000000000000000000e+00
1.000000000000000000e+00
1.000000000000000000e+00
1.000000000000000000e+00
1.736831097492528956e-04
2.441919658825162931e-01
1.000000000000000000e+00
9.999999998519943922e-01
1.000000000000000000e+00
9.995703463710201575e-01
1.000000000000000000e+00
9.102531408797378404e-03
1.000000000000000000e+00
7.486316310446912425e-02
5.552527855278713938e-16
9.999999999998616662e-01
1.000000000000000000e+00
9.220403311298108751e-01
1.000000000000000000e+00
1.000000000000000000e+00
9.995953265573211954e-01
9.991907566399504947e-01
1.000000000000000000e+00
3.127126708486829571e-04
9.999999998068089813e-01
1.000000000000000000e+00
1.000000000000000000e+00
1.000000000000000000e+00
1.000000000000000000e+00
1.000000000000000000e+00
1.000000000000000000e+00
1.000000000000000000e+00
1.000000000000000000e+00
1.000000000000000000e+00
9.999996895609504222e-01
9.993811079388403851e-01
2.989750534000121685e-03
9.999999999985973442e-01
1.000000000000000000e+00
1.000000000000000000e+00
1.067411962334735287e-01
9.999999982022189648e-01
1.000000000000000000e+00
8.728510442192761731e-01
1.000000000000000000e+00
1.000000000000000000e+00
1.000000000000000000e+00
1.000000000000000000e+00
4.796291093902784906e-05
1.000000000000000000e+00
9.999996977729005421e-01
2.146516618327412862e-01
1.000000000000000000e+00
3.200566183797128039e-02
9.999999999999993339e-01
1.000000000000000000e+00
2.869781743009869627e-04
9.999999999998925304e-01
9.368823357241944372e-01
1.000000000000000000e+00
8.523489106746564570e-01
1.131233265806511415e-02
9.778158200318518567e-01
1.051474402107091055e-03
1.176689255959154495e-01
1.000000000000000000e+00
1.012612395796162607e-01
2.810894128895787270e-01
2.773168265860287973e-01
1.053736884569312499e-01
9.797763111931135915e-01
3.994918288173728341e-04
1.185365129015745646e-07
1.000000000000000000e+00
9.999999999973783193e-01
9.003727836546077112e-01
1.000000000000000000e+00
1.000000000000000000e+00
1.000000000000000000e+00
6.847900623093677863e-03
2.807792730011451562e-02
9.992307162049658409e-01
7.252296153697733992e-05
1.000000000000000000e+00
8.364938845188413241e-01
1.097182744305357296e-03
3.374502223778760301e-01
1.000000000000000000e+00
1.000000000000000000e+00
5.107198519725598962e-02
5.544456218516822243e-01
3.800740776794621356e-02
6.997199762441123373e-05
1.000000000000000000e+00
1.341185343520867601e-01
1.708712726455011307e-04
4.151326063003691891e-01
9.977371309109007713e-01
4.524142486054601453e-01
9.002674650110724652e-01
3.032869550636189265e-02
7.652753501059231800e-01
1.000000000000000000e+00
1.000000000000000000e+00
4.187436710963392261e-02
1.667447936465214471e-03
6.686777796654464704e-04
9.269484464256825262e-01
6.761380314692114757e-01
1.000000000000000000e+00
1.178484527326737613e-01
5.941681520983521647e-02
2.162708055637745010e-03
1.000000000000000000e+00
2.352951838691089332e-04
7.335079630302259179e-01
1.000000000000000000e+00
9.999999958060210581e-01
9.800874547754288013e-01
9.999981364397786399e-01
2.846936212923454335e-01
2.980020334639476437e-02
2.808528377834075829e-01
1.000000000000000000e+00
9.995565147217231328e-01
6.689139716421062254e-02
8.491879488052743730e-01
1.000000000000000000e+00
9.943102767129353703e-01
2.901857975105156529e-01
1.000000000000000000e+00
1.000000000000000000e+00
1.000000000000000000e+00
2.006887560408057714e-02
1.000000000000000000e+00
1.000000000000000000e+00
2.708903696268837313e-01
1.000000000000000000e+00
1.000000000000000000e+00
1.000000000000000000e+00
4.155649700030214500e-02
7.284694239680958860e-01
1.000000000000000000e+00
8.361080484548253366e-01
1.000000000000000000e+00
1.000000000000000000e+00
1.000000000000000000e+00
1.000000000000000000e+00
1.000000000000000000e+00
1.000000000000000000e+00
1.000000000000000000e+00
8.758104089237002399e-02
1.029758208525075221e-02
1.000000000000000000e+00
1.000000000000000000e+00
6.493015483715743053e-02
1.000000000000000000e+00
1.000000000000000000e+00
3.515384718945266385e-01
2.260802128470370820e-01
8.731312173192338211e-01
9.984025337005848488e-01
7.766910326584238744e-01
2.187272293913441676e-02
1.000000000000000000e+00
7.284578062103850282e-01
3.207446589394462571e-03
5.901384149988320171e-02
1.000000000000000000e+00
1.000000000000000000e+00
1.000000000000000000e+00
1.689617432795220697e-02
4.536880071818333304e-01
9.412530136961010374e-01
9.999999999878912416e-01
1.000000000000000000e+00
9.999943682181126059e-01
1.000000000000000000e+00
1.000000000000000000e+00
2.969529349120197392e-01
9.829263108383154979e-01
1.922374890129792825e-09
1.205240552052614565e-06
9.999994067876969428e-01
9.999999999999962252e-01
1.035750757438044616e-02
1.000000000000000000e+00
1.000000000000000000e+00
4.859746917915261071e-12
1.000000000000000000e+00
4.778689025119454039e-13
9.999707252714854500e-01
1.000000000000000000e+00
1.000000000000000000e+00
3.319335759722030162e-11
1.000000000000000000e+00
1.000000000000000000e+00
9.999999999999034106e-01
9.999999998361555065e-01
1.000000000000000000e+00
1.000000000000000000e+00
9.999999998396398304e-01
9.999998873319928538e-01
9.483243753817794604e-10
9.999998165001436901e-01
1.000000000000000000e+00
9.795757481287776791e-01
9.999999999906385995e-01
9.999951600937515561e-01
9.999999998503206200e-01
1.890225674401461893e-09
1.000000000000000000e+00
1.000000000000000000e+00
6.794336538830951858e-03
9.999999983344003418e-01
9.999999997529644968e-01
1.341633487394094811e-05
9.999998437271406804e-01
1.000000000000000000e+00
5.419488101056064151e-12
1.000000000000000000e+00
1.000000000000000000e+00
1.000000000000000000e+00
9.999999999999951150e-01
3.167605723838909548e-17
9.999999999936382000e-01
1.758534406735353792e-09
9.999999999990363264e-01
1.663854008199603773e-17
1.000000000000000000e+00
6.145229338279988181e-12
1.000000000000000000e+00
1.000000000000000000e+00
1.000000000000000000e+00
9.999933465684175404e-01
1.208470921144339304e-14
1.000000000000000000e+00
9.999999999028259534e-01
9.999999999996229683e-01
4.412410856129405866e-07
9.999995282863898272e-01
2.716342563048181891e-01
1.000000000000000000e+00
5.867321024979522681e-01
9.997682400177116957e-01
7.837100364873464557e-10
1.000000000000000000e+00
9.219407739279937934e-14
1.000000000000000000e+00
3.119975229245942195e-16
9.884079707476366439e-01
5.154787827890796367e-04
7.357663270867616136e-13
1.000000000000000000e+00
1.000000000000000000e+00
1.000000000000000000e+00
1.000000000000000000e+00
1.000000000000000000e+00
1.000000000000000000e+00
1.000000000000000000e+00
2.615001010410585506e-17
1.579067418213398605e-02
9.999996570347325919e-01
2.985965297912383588e-19
4.855473683234671504e-08
1.000000000000000000e+00
5.192683356256871682e-17
1.000000000000000000e+00
2.554674262083564240e-46
7.332752948499652362e-42
1.000000000000000000e+00
2.578738269845591944e-36
1.000000000000000000e+00
1.934792993520658144e-01
1.000000000000000000e+00
1.000000000000000000e+00
1.000000000000000000e+00
2.500366799467089649e-09
1.000000000000000000e+00
5.070060485404115330e-45
1.000000000000000000e+00
5.017027949337525176e-49
6.540644280686978331e-42
1.000000000000000000e+00
1.000000000000000000e+00
4.209805199723700271e-35
1.000000000000000000e+00
1.000000000000000000e+00
1.000000000000000000e+00
1.000000000000000000e+00
8.960470223589489525e-01
9.999999999999944489e-01
9.999998571751478327e-01
1.000000000000000000e+00
4.604391717474260351e-06
2.015614540123427013e-28
5.443939334091569950e-43
1.000000000000000000e+00
1.000000000000000000e+00
1.000000000000000000e+00
1.000000000000000000e+00
1.000000000000000000e+00
1.187417959771774064e-17
3.280895731912038935e-36
1.000000000000000000e+00
9.999999999806594708e-01
1.000000000000000000e+00
1.000000000000000000e+00
1.000000000000000000e+00
1.000000000000000000e+00
9.999999999999935607e-01
1.000000000000000000e+00
1.000000000000000000e+00
9.999999999999995559e-01
9.999999999999997780e-01
9.999999999999997780e-01
1.000000000000000000e+00
9.999999997624720027e-01
1.000000000000000000e+00
1.000000000000000000e+00
9.999999999999920064e-01
1.000000000000000000e+00
9.999999999993394173e-01
1.000000000000000000e+00
1.000000000000000000e+00
1.000000000000000000e+00
9.989873649086946639e-01
9.999998487317760532e-01
1.000000000000000000e+00
1.000000000000000000e+00
1.000000000000000000e+00
1.000000000000000000e+00
1.000000000000000000e+00
1.000000000000000000e+00
1.000000000000000000e+00
2.206348782125511631e-07
1.000000000000000000e+00
1.000000000000000000e+00
9.999999999999997780e-01
9.999999999991189270e-01
1.000000000000000000e+00
9.999999999999997780e-01
1.000000000000000000e+00
1.000000000000000000e+00
1.000000000000000000e+00
1.000000000000000000e+00
1.000000000000000000e+00
1.000000000000000000e+00
1.000000000000000000e+00
1.000000000000000000e+00
1.000000000000000000e+00
9.999999998105857379e-01
1.157875338992682968e-01
1.000000000000000000e+00
1.000000000000000000e+00
9.999999999956812324e-01
1.000000000000000000e+00
1.000000000000000000e+00
1.000000000000000000e+00
1.000000000000000000e+00
1.000000000000000000e+00
1.000000000000000000e+00
1.000000000000000000e+00
1.000000000000000000e+00
7.208766245540305556e-07
1.000000000000000000e+00
1.000000000000000000e+00
1.000000000000000000e+00
1.000000000000000000e+00
1.375427656042618463e-01
1.000000000000000000e+00
9.999986430838347928e-01
9.999999999999997780e-01
