3.119661095785279323e-02
3.119661095785279323e-02
2.455663104472879249e-02
2.455663104472879249e-02
3.119661095785279323e-02
3.119661095785279323e-02
2.455663104472879249e-02
2.455663104472879249e-02
3.119661095785279323e-02
2.455663104472879249e-02
2.455663104472879249e-02
2.455663104472879249e-02
2.455663104472879249e-02
2.455663104472879249e-02
2.455663104472879249e-02
2.455663104472879249e-02
2.455663104472879249e-02
2.455663104472879249e-02
3.119661095785279323e-02
2.163654966335386634e-02
2.455663104472879249e-02
2.455663104472879249e-02
3.119661095785279323e-02
3.119661095785279323e-02
2.455663104472879249e-02
2.455663104472879249e-02
2.455663104472879249e-02
3.119661095785279323e-02
2.455663104472879249e-02
2.455663104472879249e-02
3.119661095785279323e-02
2.455663104472879249e-02
3.119661095785279323e-02
3.119661095785279323e-02
3.119661095785279323e-02
3.119661095785279323e-02
2.455663104472879249e-02
2.455663104472879249e-02
3.119661095785279323e-02
