2.443700313778364094e-02
3.093960506537885014e-02
2.443700313778364094e-02
2.443700313778364094e-02
2.443700313778364094e-02
3.093960506537885014e-02
2.443700313778364094e-02
2.443700313778364094e-02
2.443700313778356462e-02
2.443700313778364094e-02
3.093960506537885014e-02
3.093960506537885014e-02
3.093960506537885014e-02
2.443700313778364094e-02
2.443700313778364094e-02
2.443700313778364094e-02
2.392905062214615089e-02
3.093960506537885014e-02
3.093958370287396703e-02
2.443700313778364094e-02
2.443700313778364094e-02
2.443700313778364094e-02
2.443700313778364094e-02
2.443700313778364094e-02
2.443700313778364094e-02
2.443700313778364094e-02
3.093960506537885014e-02
3.093960506537885014e-02
2.443700313778364094e-02
3.093960506537885014e-02
2.443700313778364094e-02
2.443700313778364094e-02
2.443700313778364094e-02
2.443700313778364094e-02
2.443700313778364094e-02
2.443700313778364094e-02
2.443700313778364094e-02
2.443700313778364094e-02
3.093960506537885014e-02
