3.101306243658855447e-02
2.440206526932860165e-02
2.440206526932860165e-02
2.440206526932860165e-02
2.440206526932860165e-02
3.101306243658855447e-02
3.101306243658855447e-02
2.440206526932860165e-02
2.440206526932860165e-02
2.440206526932860165e-02
2.440206526932860165e-02
2.440206526932860165e-02
3.101306243658855447e-02
2.440206526932860165e-02
2.440206526932860165e-02
3.101306243658855447e-02
2.462750879369070625e-02
2.440206526932860165e-02
2.440206526932860165e-02
2.440206526932860165e-02
3.101306243658855447e-02
3.101306243658855447e-02
3.101306243658855447e-02
2.440206526932860165e-02
2.440206526932860165e-02
2.440206526932860165e-02
2.440206526932860165e-02
2.440206526932860165e-02
3.101306243658855447e-02
2.440206526932860165e-02
3.101306243658855447e-02
2.440206526932860165e-02
3.101306243658855447e-02
3.101306243658855447e-02
3.101306243658855447e-02
3.101306243658855447e-02
2.440206526932860165e-02
2.440206526932860165e-02
3.101306243658855447e-02
