2.833023717047701562e-02
2.233471237189874406e-02
2.191717040929948290e-02
2.833023717047701562e-02
2.833023717047701562e-02
2.233471237189874406e-02
2.233471237189874406e-02
2.833023717047701562e-02
2.833023717047701562e-02
2.233471237189874406e-02
2.233471237189874406e-02
2.233471237189874406e-02
2.233471237189874406e-02
2.833023717047701562e-02
2.233471237189874406e-02
2.233471237189874406e-02
2.233471237189874406e-02
2.233471237189874406e-02
2.233471237189874406e-02
2.233471237189874406e-02
2.233471237189874406e-02
2.233471237189874406e-02
2.233471237189874406e-02
2.233471237189874406e-02
2.233471237189874406e-02
2.233471237189874406e-02
2.233471237189874406e-02
2.233471237189874406e-02
2.833023717047701562e-02
2.833023717047701562e-02
2.233471237189874406e-02
2.233471237189874406e-02
2.233471237189874406e-02
2.580897036374649872e-02
2.233471237189874406e-02
2.833023717047701562e-02
2.833023717047701562e-02
2.833023717047701562e-02
2.833023717047701562e-02
2.833023717047701562e-02
