3.102214291852705558e-02
3.102214291852705558e-02
2.183379412944192605e-02
3.102214291852705558e-02
3.102214291852705558e-02
2.448961042631530444e-02
3.102214291852705558e-02
2.448961042631530444e-02
3.102214291852705558e-02
3.102214291852705558e-02
3.102214291852705558e-02
3.102214291852705558e-02
2.448961042631530444e-02
3.102214291852705558e-02
2.448961042631530444e-02
2.448961042631530444e-02
3.102214291852705558e-02
3.102214291852705558e-02
2.448961042631530444e-02
2.448961042631530444e-02
3.102214291852705558e-02
3.102214291852705558e-02
2.448961042631530444e-02
2.448961042631530444e-02
3.102214291852705558e-02
2.448961042631530444e-02
6.547887811017456816e-02
2.158244686227430570e-02
3.102214291852705558e-02
3.102214291852705558e-02
2.448961042631530444e-02
3.102214291852705558e-02
3.102214291852705558e-02
5.860702618835525457e-02
3.102214291852705558e-02
3.102214291852705558e-02
3.102214291852705558e-02
3.102214291852705558e-02
2.448961042631530444e-02
