3.064376458477905893e-02
2.437766028541367772e-02
3.064376458477905893e-02
2.437766028541367772e-02
3.064376458477905893e-02
3.064376458477905893e-02
3.473593651965648649e-02
3.064376458477905893e-02
2.437766028541367772e-02
2.437766028541367772e-02
2.437766028541367772e-02
2.437766028541367772e-02
2.437766028541367772e-02
2.437766028541367772e-02
2.437766028541367772e-02
3.064376458477905893e-02
2.437766028541367772e-02
2.437766028541367772e-02
2.437766028541367772e-02
2.437766028541367772e-02
2.437766028541367772e-02
2.437766028541367772e-02
3.064376458477905893e-02
2.437766028541367772e-02
2.437766028541367772e-02
2.437766028541367772e-02
6.629936582356478481e-02
2.437766028541367772e-02
2.437766028541367772e-02
2.437766028541367772e-02
3.064376458477905893e-02
3.064376458477905893e-02
2.437766028541367772e-02
3.064376458477905893e-02
2.437766028541367772e-02
2.437766028541367772e-02
2.437766028541367772e-02
2.578771892211362271e-02
3.064376458477905893e-02
