2.239163925933317784e-02
2.848460260040395001e-02
4.655845209240163513e-02
2.239163925933317784e-02
2.848460260040395001e-02
2.239163925933317784e-02
2.848460260040395001e-02
2.239163925933317784e-02
2.239163925933317784e-02
2.848460260040395001e-02
2.239163925933317784e-02
2.848460260040395001e-02
2.848460260040395001e-02
2.239163925933317784e-02
2.239163925933317784e-02
2.302912628611319609e-02
2.239163925933317784e-02
2.239163925933317784e-02
2.239163925933317784e-02
2.239163925933317784e-02
2.848460260040395001e-02
2.239163925933317784e-02
2.239163925933317784e-02
2.239163925933317784e-02
2.239163925933317784e-02
2.239163925933317784e-02
2.239163925933317784e-02
2.239163925933317784e-02
2.239163925933317784e-02
2.848460260040395001e-02
2.239163925933317784e-02
2.239163925933317784e-02
2.848460260040395001e-02
2.239163925933317784e-02
2.848460260040395001e-02
2.239163925933317784e-02
2.848460260040395001e-02
2.848460260040395001e-02
2.239163925933317784e-02
2.848460260040395001e-02
