2.434451853008681374e-02
2.434451853008681374e-02
3.067420539904318691e-02
2.434451853008681374e-02
2.392320081524087691e-02
2.434451853008681374e-02
3.067420539904318691e-02
2.434451853008681374e-02
2.434451853008681374e-02
3.067420539904318691e-02
2.434451853008681374e-02
3.067420539904318691e-02
2.434451853008681374e-02
3.067420539904318691e-02
2.434451853008681374e-02
2.434451853008681374e-02
2.304812322461613147e-02
2.434451853008681374e-02
3.067420539904318691e-02
3.067420539904318691e-02
3.067420539904318691e-02
2.434451853008681374e-02
2.434451853008681374e-02
3.067420539904318691e-02
2.434451853008681374e-02
2.434451853008681374e-02
2.434451853008681374e-02
2.434451853008681374e-02
2.434451853008681374e-02
2.499118396691836150e-02
3.067420539904318691e-02
2.434451853008681374e-02
2.434451853008681374e-02
2.434451853008681374e-02
2.434451853008681374e-02
2.434451853008681374e-02
2.434451853008681374e-02
2.434451853008681374e-02
2.434451853008681374e-02
