1.620856988411708000e-01
1.620856988411708000e-01
1.620856988411708000e-01
1.500823557580234779e-01
1.500823557580234779e-01
1.500823557580234779e-01
1.500823557580234779e-01
1.620856988411708000e-01
1.500823557580234779e-01
1.500823557580234779e-01
1.620856988411708000e-01
1.620856988411708000e-01
1.620856988411708000e-01
1.500823557580234779e-01
1.500823557580234779e-01
1.620856988411708000e-01
1.500823557580234779e-01
1.500823557580234779e-01
1.620856988411708000e-01
1.620856988411708000e-01
1.427630931180218776e-01
1.500823557580234779e-01
1.620856988411708000e-01
1.620856988411708000e-01
1.620856988411708000e-01
1.500823557580234779e-01
1.620856988411708000e-01
1.500823557580234779e-01
1.620856988411708000e-01
1.500823557580234779e-01
1.620856988411708000e-01
1.620856988411708000e-01
1.620856988411708000e-01
1.620856988411708000e-01
1.500823557580234779e-01
1.620856988411708000e-01
1.500823557580234779e-01
1.620856988411708000e-01
1.620856988411708000e-01
