1.620856988411708000e-01
2.179806099560953336e-01
1.500823557580234779e-01
1.500823557580234779e-01
1.620856988411708000e-01
1.620856988411708000e-01
1.500823557580234779e-01
1.620856988411708000e-01
1.620856988411708000e-01
1.620856988411708000e-01
1.516003448233062545e-01
1.500823557580234779e-01
1.500823557580234779e-01
1.620856988411708000e-01
1.620856988411708000e-01
1.620856988411708000e-01
1.500823557580234779e-01
1.500823557580234779e-01
1.500823557580234779e-01
1.620856988411708000e-01
1.500823557580234779e-01
1.500823557580234779e-01
1.620856988411708000e-01
1.500823557580234779e-01
1.620856988411708000e-01
1.500823557580234779e-01
1.500823557580234779e-01
1.620856988411708000e-01
1.500823557580234779e-01
1.620856988411708000e-01
1.620856988411708000e-01
1.500823557580234779e-01
1.500823557580234779e-01
1.500823557580234779e-01
1.620856988411708000e-01
1.500823557580234779e-01
1.500823557580234779e-01
1.500823557580234779e-01
1.500823557580234779e-01
1.500823557580234779e-01
