3.119661095785279323e-02
3.119661095785279323e-02
2.455663104472879249e-02
2.455663104472879249e-02
3.119661095785279323e-02
3.119661095785279323e-02
2.455663104472879249e-02
2.455663104472879249e-02
3.119661095785279323e-02
2.455663104472879249e-02
2.455663104472879249e-02
2.455663104472879249e-02
2.455663104472879249e-02
2.455663104472879249e-02
2.455663104472879249e-02
2.455663104472879249e-02
2.455663104472879249e-02
2.455663104472879249e-02
3.119661095785279323e-02
2.163654966335386634e-02
2.455663104472879249e-02
2.455663104472879249e-02
3.119661095785279323e-02
3.119661095785279323e-02
2.455663104472879249e-02
2.455663104472879249e-02
2.455663104472879249e-02
3.119661095785279323e-02
2.455663104472879249e-02
2.455663104472879249e-02
3.119661095785279323e-02
2.455663104472879249e-02
3.119661095785279323e-02
3.119661095785279323e-02
3.119661095785279323e-02
3.119661095785279323e-02
2.455663104472879249e-02
2.455663104472879249e-02
3.119661095785279323e-02
2.443700313778364094e-02
3.093960506537885014e-02
2.443700313778364094e-02
2.443700313778364094e-02
2.443700313778364094e-02
3.093960506537885014e-02
2.443700313778364094e-02
2.443700313778364094e-02
2.443700313778356462e-02
2.443700313778364094e-02
3.093960506537885014e-02
3.093960506537885014e-02
3.093960506537885014e-02
2.443700313778364094e-02
2.443700313778364094e-02
2.443700313778364094e-02
2.392905062214615089e-02
3.093960506537885014e-02
3.093958370287396703e-02
2.443700313778364094e-02
2.443700313778364094e-02
2.443700313778364094e-02
2.443700313778364094e-02
2.443700313778364094e-02
2.443700313778364094e-02
2.443700313778364094e-02
3.093960506537885014e-02
3.093960506537885014e-02
2.443700313778364094e-02
3.093960506537885014e-02
2.443700313778364094e-02
2.443700313778364094e-02
2.443700313778364094e-02
2.443700313778364094e-02
2.443700313778364094e-02
2.443700313778364094e-02
2.443700313778364094e-02
2.443700313778364094e-02
3.093960506537885014e-02
3.101306243658855447e-02
2.440206526932860165e-02
2.440206526932860165e-02
2.440206526932860165e-02
2.440206526932860165e-02
3.101306243658855447e-02
3.101306243658855447e-02
2.440206526932860165e-02
2.440206526932860165e-02
2.440206526932860165e-02
2.440206526932860165e-02
2.440206526932860165e-02
3.101306243658855447e-02
2.440206526932860165e-02
2.440206526932860165e-02
3.101306243658855447e-02
2.462750879369070625e-02
2.440206526932860165e-02
2.440206526932860165e-02
2.440206526932860165e-02
3.101306243658855447e-02
3.101306243658855447e-02
3.101306243658855447e-02
2.440206526932860165e-02
2.440206526932860165e-02
2.440206526932860165e-02
2.440206526932860165e-02
2.440206526932860165e-02
3.101306243658855447e-02
2.440206526932860165e-02
3.101306243658855447e-02
2.440206526932860165e-02
3.101306243658855447e-02
3.101306243658855447e-02
3.101306243658855447e-02
3.101306243658855447e-02
2.440206526932860165e-02
2.440206526932860165e-02
3.101306243658855447e-02
2.833023717047701562e-02
2.233471237189874406e-02
2.191717040929948290e-02
2.833023717047701562e-02
2.833023717047701562e-02
2.233471237189874406e-02
2.233471237189874406e-02
2.833023717047701562e-02
2.833023717047701562e-02
2.233471237189874406e-02
2.233471237189874406e-02
2.233471237189874406e-02
2.233471237189874406e-02
2.833023717047701562e-02
2.233471237189874406e-02
2.233471237189874406e-02
2.233471237189874406e-02
2.233471237189874406e-02
2.233471237189874406e-02
2.233471237189874406e-02
2.233471237189874406e-02
2.233471237189874406e-02
2.233471237189874406e-02
2.233471237189874406e-02
2.233471237189874406e-02
2.233471237189874406e-02
2.233471237189874406e-02
2.233471237189874406e-02
2.833023717047701562e-02
2.833023717047701562e-02
2.233471237189874406e-02
2.233471237189874406e-02
2.233471237189874406e-02
2.580897036374649872e-02
2.233471237189874406e-02
2.833023717047701562e-02
2.833023717047701562e-02
2.833023717047701562e-02
2.833023717047701562e-02
2.833023717047701562e-02
3.102214291852705558e-02
3.102214291852705558e-02
2.183379412944192605e-02
3.102214291852705558e-02
3.102214291852705558e-02
2.448961042631530444e-02
3.102214291852705558e-02
2.448961042631530444e-02
3.102214291852705558e-02
3.102214291852705558e-02
3.102214291852705558e-02
3.102214291852705558e-02
2.448961042631530444e-02
3.102214291852705558e-02
2.448961042631530444e-02
2.448961042631530444e-02
3.102214291852705558e-02
3.102214291852705558e-02
2.448961042631530444e-02
2.448961042631530444e-02
3.102214291852705558e-02
3.102214291852705558e-02
2.448961042631530444e-02
2.448961042631530444e-02
3.102214291852705558e-02
2.448961042631530444e-02
6.547887811017456816e-02
2.158244686227430570e-02
3.102214291852705558e-02
3.102214291852705558e-02
2.448961042631530444e-02
3.102214291852705558e-02
3.102214291852705558e-02
5.860702618835525457e-02
3.102214291852705558e-02
3.102214291852705558e-02
3.102214291852705558e-02
3.102214291852705558e-02
2.448961042631530444e-02
3.064376458477905893e-02
2.437766028541367772e-02
3.064376458477905893e-02
2.437766028541367772e-02
3.064376458477905893e-02
3.064376458477905893e-02
3.473593651965648649e-02
3.064376458477905893e-02
2.437766028541367772e-02
2.437766028541367772e-02
2.437766028541367772e-02
2.437766028541367772e-02
2.437766028541367772e-02
2.437766028541367772e-02
2.437766028541367772e-02
3.064376458477905893e-02
2.437766028541367772e-02
2.437766028541367772e-02
2.437766028541367772e-02
2.437766028541367772e-02
2.437766028541367772e-02
2.437766028541367772e-02
3.064376458477905893e-02
2.437766028541367772e-02
2.437766028541367772e-02
2.437766028541367772e-02
6.629936582356478481e-02
2.437766028541367772e-02
2.437766028541367772e-02
2.437766028541367772e-02
3.064376458477905893e-02
3.064376458477905893e-02
2.437766028541367772e-02
3.064376458477905893e-02
2.437766028541367772e-02
2.437766028541367772e-02
2.437766028541367772e-02
2.578771892211362271e-02
3.064376458477905893e-02
2.239163925933317784e-02
2.848460260040395001e-02
4.655845209240163513e-02
2.239163925933317784e-02
2.848460260040395001e-02
2.239163925933317784e-02
2.848460260040395001e-02
2.239163925933317784e-02
2.239163925933317784e-02
2.848460260040395001e-02
2.239163925933317784e-02
2.848460260040395001e-02
2.848460260040395001e-02
2.239163925933317784e-02
2.239163925933317784e-02
2.302912628611319609e-02
2.239163925933317784e-02
2.239163925933317784e-02
2.239163925933317784e-02
2.239163925933317784e-02
2.848460260040395001e-02
2.239163925933317784e-02
2.239163925933317784e-02
2.239163925933317784e-02
2.239163925933317784e-02
2.239163925933317784e-02
2.239163925933317784e-02
2.239163925933317784e-02
2.239163925933317784e-02
2.848460260040395001e-02
2.239163925933317784e-02
2.239163925933317784e-02
2.848460260040395001e-02
2.239163925933317784e-02
2.848460260040395001e-02
2.239163925933317784e-02
2.848460260040395001e-02
2.848460260040395001e-02
2.239163925933317784e-02
2.848460260040395001e-02
2.434451853008681374e-02
2.434451853008681374e-02
3.067420539904318691e-02
2.434451853008681374e-02
2.392320081524087691e-02
2.434451853008681374e-02
3.067420539904318691e-02
2.434451853008681374e-02
2.434451853008681374e-02
3.067420539904318691e-02
2.434451853008681374e-02
3.067420539904318691e-02
2.434451853008681374e-02
3.067420539904318691e-02
2.434451853008681374e-02
2.434451853008681374e-02
2.304812322461613147e-02
2.434451853008681374e-02
3.067420539904318691e-02
3.067420539904318691e-02
3.067420539904318691e-02
2.434451853008681374e-02
2.434451853008681374e-02
3.067420539904318691e-02
2.434451853008681374e-02
2.434451853008681374e-02
2.434451853008681374e-02
2.434451853008681374e-02
2.434451853008681374e-02
2.499118396691836150e-02
3.067420539904318691e-02
2.434451853008681374e-02
2.434451853008681374e-02
2.434451853008681374e-02
2.434451853008681374e-02
2.434451853008681374e-02
2.434451853008681374e-02
2.434451853008681374e-02
2.434451853008681374e-02
1.620856988411708000e-01
1.620856988411708000e-01
1.620856988411708000e-01
1.500823557580234779e-01
1.500823557580234779e-01
1.500823557580234779e-01
1.500823557580234779e-01
1.620856988411708000e-01
1.500823557580234779e-01
1.500823557580234779e-01
1.620856988411708000e-01
1.620856988411708000e-01
1.620856988411708000e-01
1.500823557580234779e-01
1.500823557580234779e-01
1.620856988411708000e-01
1.500823557580234779e-01
1.500823557580234779e-01
1.620856988411708000e-01
1.620856988411708000e-01
1.427630931180218776e-01
1.500823557580234779e-01
1.620856988411708000e-01
1.620856988411708000e-01
1.620856988411708000e-01
1.500823557580234779e-01
1.620856988411708000e-01
1.500823557580234779e-01
1.620856988411708000e-01
1.500823557580234779e-01
1.620856988411708000e-01
1.620856988411708000e-01
1.620856988411708000e-01
1.620856988411708000e-01
1.500823557580234779e-01
1.620856988411708000e-01
1.500823557580234779e-01
1.620856988411708000e-01
1.620856988411708000e-01
1.620856988411708000e-01
2.179806099560953336e-01
1.500823557580234779e-01
1.500823557580234779e-01
1.620856988411708000e-01
1.620856988411708000e-01
1.500823557580234779e-01
1.620856988411708000e-01
1.620856988411708000e-01
1.620856988411708000e-01
1.516003448233062545e-01
1.500823557580234779e-01
1.500823557580234779e-01
1.620856988411708000e-01
1.620856988411708000e-01
1.620856988411708000e-01
1.500823557580234779e-01
1.500823557580234779e-01
1.500823557580234779e-01
1.620856988411708000e-01
1.500823557580234779e-01
1.500823557580234779e-01
1.620856988411708000e-01
1.500823557580234779e-01
1.620856988411708000e-01
1.500823557580234779e-01
1.500823557580234779e-01
1.620856988411708000e-01
1.500823557580234779e-01
1.620856988411708000e-01
1.620856988411708000e-01
1.500823557580234779e-01
1.500823557580234779e-01
1.500823557580234779e-01
1.620856988411708000e-01
1.500823557580234779e-01
1.500823557580234779e-01
1.500823557580234779e-01
1.500823557580234779e-01
1.500823557580234779e-01
