1.081594055876229552e-11
1.081594055876229552e-11
1.081594055876229552e-11
1.081594055876229552e-11
1.081594055876229552e-11
1.081594055876229552e-11
1.081594055876229552e-11
1.081594055876229552e-11
1.081594055876229552e-11
1.081594055876229552e-11
1.081594055876229552e-11
1.081594055876229552e-11
1.081594055876229552e-11
1.081594055876229552e-11
1.081594055876229552e-11
1.081594055876229552e-11
1.081594055876229552e-11
1.081594055876229552e-11
1.081594055876229552e-11
1.081594055876229552e-11
1.081594055876229552e-11
1.081594055876229552e-11
1.081594055876229552e-11
1.081594055876229552e-11
1.081594055876229552e-11
1.081594055876229552e-11
1.081594055876229552e-11
1.081594055876229552e-11
1.081594055876229552e-11
1.081594055876229552e-11
1.081594055876229552e-11
1.081594055876229552e-11
1.081594055876229552e-11
1.081594055876229552e-11
1.081594055876229552e-11
1.081594055876229552e-11
1.081594055876229552e-11
1.081594055876229552e-11
1.081594055876229552e-11
1.081594055876229552e-11
