1.081594059420884269e-11
1.081594059420884269e-11
1.081594059420884269e-11
1.081594059420884269e-11
1.081594059420884269e-11
1.081594059420884269e-11
1.081594059420884269e-11
1.081594059420884269e-11
1.081594059420884269e-11
1.081594059420884269e-11
1.081594059420884269e-11
1.081594059420884269e-11
1.081594059420884269e-11
1.081594059420884269e-11
1.081594059420884269e-11
1.081594059420884269e-11
1.081594059420884269e-11
1.081594059420884269e-11
1.081594059420884269e-11
1.081594059420884269e-11
1.081594059420884269e-11
1.081594059420884269e-11
1.081594059420884269e-11
1.081594059420884269e-11
1.081594059420884269e-11
1.081594059420884269e-11
1.081594059420884269e-11
1.081594059420884269e-11
1.081594059420884269e-11
1.081594059420884269e-11
1.081594059420884269e-11
1.081594059420884269e-11
1.081594059420884269e-11
1.081594059420884269e-11
1.081594059420884269e-11
1.081594059420884269e-11
1.081594059420884269e-11
1.081594059420884269e-11
1.081594059420884269e-11
