4.405341114116959056e-01
4.420617387699354861e-01
4.397887116740426539e-01
6.977566106364027076e-01
4.471927733473231581e-01
4.441094478021450631e-01
4.457905721879937833e-01
4.519680512037835274e-01
4.414974948975531888e-01
4.503289099090286851e-01
7.066206679695341553e-01
4.483428679838186715e-01
6.126896782168657074e-01
4.944635059903709773e-01
4.739208665720968661e-01
4.616278672499298241e-01
4.838114786253817634e-01
4.472074501950719094e-01
6.738754501503652072e-01
6.386240985338860199e-01
4.388136926535301519e-01
4.483937441400210888e-01
4.323516198961895318e-01
4.390159892449954082e-01
4.414977637887876338e-01
4.514797396490313197e-01
4.296638940084122060e-01
4.527424322221552111e-01
4.448529982369155422e-01
7.140688319982648746e-01
4.548877133194473288e-01
5.170536406593326806e-01
4.472074501950719094e-01
4.405248198436046425e-01
4.484142487937235466e-01
4.511395443299698327e-01
4.470534964742288175e-01
4.480431540492881837e-01
6.506073504235282412e-01
6.990083789097878419e-01
4.816991632866984285e-01
4.474003913836536173e-01
6.785013983216229283e-01
6.020314537237015928e-01
4.302311120253561882e-01
4.472438588904555923e-01
4.577946511580818778e-01
6.835259368533269653e-01
5.984027439773949020e-01
4.377387969182772731e-01
4.285792803857257915e-01
4.571817955655014254e-01
5.697567180186126068e-01
4.900966178748120683e-01
4.442172076847243911e-01
4.404629388938312018e-01
4.470398700168482509e-01
4.577526362303295793e-01
4.375554295194286625e-01
4.454033972413663500e-01
4.277405762011257107e-01
6.909148471943398206e-01
4.492493135460097764e-01
4.540742260252451090e-01
