4.653858801638960374e-01
6.363763249556612100e-01
4.604301360568983648e-01
4.624012962394755677e-01
4.573558372949977358e-01
4.604283307437510575e-01
5.030195519370315171e-01
5.763423260725315522e-01
4.510377995241759419e-01
4.580992411927373165e-01
4.584456345542254896e-01
6.929601760485937234e-01
4.534341780026188706e-01
4.541185789046414123e-01
4.587311777639788701e-01
4.522590771183239711e-01
4.510112982078103294e-01
4.597091798730489898e-01
5.153692700020434669e-01
4.562202623653546785e-01
4.604279784522125052e-01
4.565631272681854869e-01
4.625397550830132043e-01
7.089459212740627514e-01
4.536361719592986730e-01
4.604283331796357182e-01
5.729252717088170188e-01
4.595999900431431140e-01
4.630438038550505619e-01
4.795023984476003975e-01
6.367254627041962767e-01
4.595015622162426649e-01
7.052051687899700827e-01
7.087081242495746336e-01
4.575680633292266708e-01
4.604283309574637717e-01
4.568635778516592638e-01
5.787319045754577562e-01
4.565985261686402730e-01
4.650454456663026814e-01
4.972416326872162173e-01
7.321357672364884328e-01
4.654638287518935158e-01
4.948334675729145204e-01
4.494057903198945270e-01
7.348131035009829448e-01
5.782885228803239519e-01
4.569091253311491907e-01
4.604283302642693809e-01
7.259977269806942024e-01
6.307327345965740850e-01
4.576024198038146085e-01
6.670899184788072755e-01
4.671310257466499971e-01
4.550357950122144168e-01
6.829734068481317921e-01
4.617671100786440719e-01
4.507995531493349528e-01
4.604283310171975452e-01
4.639841246834169319e-01
4.562105934627054271e-01
4.589250874689596582e-01
4.606898649793077505e-01
4.562865449272721641e-01
