4.446740754747793289e-01
4.395442230543006312e-01
4.504757198729138490e-01
6.089746999652558834e-01
4.747147448781999790e-01
4.487057428514650836e-01
4.596316000921534251e-01
4.437171845320072028e-01
4.486623258554052751e-01
4.487018028071690923e-01
4.757799714677266034e-01
5.377671266536587780e-01
4.384512088108708516e-01
4.540256092186932269e-01
4.487057428514650836e-01
4.643378317128108446e-01
5.126932099735751480e-01
4.427812664268439002e-01
4.550107627368355501e-01
7.168539979536173723e-01
4.487057196281333260e-01
4.276220451233848086e-01
4.457073800876001912e-01
4.323567898049421876e-01
4.446648873959807569e-01
4.440771551917762627e-01
4.487212680445629154e-01
5.916831434618035068e-01
4.298382629134290256e-01
5.061373820922374644e-01
7.340937355995832414e-01
4.358626048971612210e-01
4.934248905819286768e-01
4.343967324306939881e-01
6.900930595890534258e-01
6.537706494262930379e-01
5.202033131300075608e-01
5.894335052099989314e-01
7.074216347129367310e-01
4.487057428514309998e-01
4.562735399586047569e-01
4.394183176127929857e-01
4.734866732829162150e-01
4.449387024294055859e-01
4.600143720690475502e-01
4.433961890265697425e-01
4.440155440669718012e-01
4.487057428539697468e-01
4.471903422187104016e-01
5.858631252135562129e-01
4.762498044666134134e-01
4.449174165517653656e-01
4.433897087842506024e-01
4.475398050637331426e-01
7.258283601642415706e-01
4.663147975913513599e-01
7.223378805634367295e-01
4.409388243094173321e-01
5.582695124804675224e-01
5.020793157121253847e-01
7.293626471413167112e-01
4.446583744679164507e-01
4.381233035286985489e-01
6.886149091022609747e-01
