6.845993087960196011e-01
4.766666776163662744e-01
4.738916414451260772e-01
6.708340238115977350e-01
4.744108055530114054e-01
4.771905693464286169e-01
4.739706564343841300e-01
6.201092349511446722e-01
4.802376245795495491e-01
4.766299472506508317e-01
4.672397746567716892e-01
5.307288431607918300e-01
4.731053683118644493e-01
4.771737299512997521e-01
5.089831795788577473e-01
4.807931324995949329e-01
6.956007584276971967e-01
7.172115144458128810e-01
6.066619556812218317e-01
4.792000665653540215e-01
4.703332133171329588e-01
5.974979889245363163e-01
6.210094421573828516e-01
4.743254584934437634e-01
7.213099032487352291e-01
4.608425643155549811e-01
4.778052714042057003e-01
6.511882930187382623e-01
4.827254375256767593e-01
5.614220811511333453e-01
4.805383279036867239e-01
4.700743099770648969e-01
4.766666776163713259e-01
4.839748385260779218e-01
4.700906033315176979e-01
6.743775483554077521e-01
4.739473344749763339e-01
6.933800405366089548e-01
4.732247070637234931e-01
4.766666776163662744e-01
4.799898576140930739e-01
6.846634723857298876e-01
6.629382913675156974e-01
4.817060576311584796e-01
4.761423600551401014e-01
6.883651045297490834e-01
4.691199997388605381e-01
5.236799180446670698e-01
4.739002179256411873e-01
4.702613108462270763e-01
4.766666770584638280e-01
4.711420175211698536e-01
4.907927171075466832e-01
4.773699376630630153e-01
6.773428406666202051e-01
6.583506817781097364e-01
6.678965182920324484e-01
4.858394993082972846e-01
4.730842108316871131e-01
4.671341644680639948e-01
4.745898681645256412e-01
4.835963848717924618e-01
6.829133929840978112e-01
6.620460090787489982e-01
