4.328238618083029565e-01
4.523846451861955331e-01
4.463844422407646229e-01
4.762448925645048625e-01
4.601544430832495425e-01
4.525361251487973191e-01
7.261625084712401978e-01
4.455145866806349275e-01
4.390890513328793432e-01
6.941306709496989358e-01
4.480044329132608638e-01
7.445167868173967474e-01
4.438399121298738925e-01
4.330388955661474415e-01
7.071391266790113539e-01
4.525764730098479904e-01
7.282489693529304864e-01
7.126327817921963570e-01
4.538371093957387359e-01
4.306505773967745920e-01
6.907544320510523583e-01
4.438546463689668764e-01
4.457589281198514608e-01
6.513875594333131680e-01
4.461630798845741541e-01
4.399782444127617875e-01
4.480044694380763692e-01
4.438391487387691736e-01
4.461799231780897990e-01
4.394906232703608140e-01
5.011644902957299585e-01
7.232734805166278758e-01
4.528967426439948762e-01
6.479486149589077648e-01
5.251537860659994950e-01
7.146820551630267415e-01
4.429851883516546240e-01
4.662569715323005015e-01
4.428181643354762720e-01
4.578530673414324403e-01
7.211836937931693781e-01
5.281192855993779300e-01
6.933824988788515054e-01
4.479536426751861700e-01
4.576119285345137122e-01
5.232055156775012872e-01
6.656152237647335879e-01
5.334515581437816456e-01
4.483184370185995804e-01
4.812611872055917450e-01
4.616529670106352956e-01
4.495008864279744776e-01
4.519175782832681176e-01
4.736599550433976957e-01
7.281030634222622755e-01
4.919568297757513919e-01
7.095440157457079122e-01
4.480044695345981043e-01
6.074401485891589569e-01
4.457334541853444354e-01
6.185800601589688252e-01
6.664678668869240541e-01
4.842015974099201925e-01
4.447718495883963286e-01
