6.512671279115348488e-01
4.538984681682847189e-01
4.544467670240640023e-01
4.655967917683584423e-01
4.504837069988892884e-01
5.653494334033339896e-01
7.036905386049187028e-01
6.894226080874837903e-01
4.944492873942349376e-01
4.577605367306705753e-01
4.637306756876574676e-01
4.577489056605278384e-01
4.577605367306705753e-01
5.231078519607739175e-01
4.577600728458267598e-01
4.531482039887440583e-01
5.367602416022031475e-01
4.684846914846337307e-01
4.576918364151719154e-01
4.559179081301245606e-01
4.548902826107096842e-01
5.099047482029140932e-01
4.627951452707882440e-01
4.592871788129203048e-01
6.391269645351896900e-01
7.411955221200750010e-01
4.613713151223253206e-01
4.590304655013588975e-01
4.706711980883246382e-01
4.794177751634436935e-01
4.542654238514801102e-01
7.016688916436222279e-01
5.076835170983109435e-01
4.737711982911288477e-01
6.489398818203531150e-01
4.747055062982712403e-01
6.363038712648103612e-01
6.681471572761332745e-01
6.883414019948422835e-01
4.598674768526250789e-01
4.577527310137874950e-01
7.133126585220691540e-01
5.820978391223733395e-01
4.519381241353694900e-01
5.333714220640912718e-01
4.642317909719525515e-01
6.913364121592079359e-01
4.669795317268770063e-01
4.596469548528998583e-01
7.087821180527226206e-01
5.924999639958190567e-01
4.727709616718293040e-01
4.577575932905581513e-01
4.644369294721368835e-01
4.577605367306700757e-01
7.159958859561007527e-01
4.419923023096354320e-01
6.583729823309895091e-01
4.606219353666278771e-01
4.605092824623184256e-01
6.364270345596029221e-01
5.107239084198567092e-01
7.357701268639139647e-01
4.546255791192250761e-01
