7.116638848298536546e-01
5.675284088587190245e-01
4.728916325482503957e-01
6.150330721253628452e-01
5.771877034838290843e-01
6.389168621460783459e-01
4.674661505538348916e-01
5.651677070446627926e-01
4.640396725043116066e-01
7.123510926147065270e-01
4.844194518884145650e-01
6.745101788633157680e-01
6.477361685118095957e-01
6.670346344381428150e-01
4.640396724523084271e-01
4.640396724523084271e-01
5.115606832526627956e-01
4.597204440112914736e-01
5.317877956350272051e-01
4.830096929217615465e-01
5.518497030099158707e-01
4.640333861009078298e-01
4.605884421665067952e-01
4.640396724523084271e-01
6.910383618296140895e-01
4.605333489547944192e-01
4.640385100803912644e-01
6.932210128592153353e-01
4.566479861689501929e-01
4.605333468054597090e-01
5.780185510615847289e-01
5.165463024941636672e-01
4.582411038980854223e-01
7.348900245180365332e-01
4.662326066930387869e-01
4.677104372759331441e-01
4.643780289848393195e-01
6.883836242384834270e-01
4.626530155153900092e-01
4.686919441779459072e-01
4.582281560150393562e-01
6.603055908977509825e-01
6.284253621455241356e-01
6.306542818824897312e-01
5.493638976131339779e-01
7.026468524282366568e-01
4.687810785356278376e-01
4.636851917538948875e-01
6.774213174487342393e-01
6.352411708390189871e-01
6.079866866568761630e-01
4.597544529233191235e-01
7.355325970512686107e-01
4.577917833314834595e-01
4.596851217261490041e-01
7.128471629626731421e-01
5.528386807125523772e-01
4.712594640029617588e-01
4.605333479510186900e-01
4.640396265069808290e-01
6.656916645120846132e-01
4.588961296052634364e-01
4.605339640855943273e-01
6.058911542015100737e-01
