4.745710404215521816e-01
4.791419161036578611e-01
5.013161232957732416e-01
6.029691945162292122e-01
4.735428568663163085e-01
7.113304583074746557e-01
5.999638780466578503e-01
4.886426356334966359e-01
4.700241934051324622e-01
4.792959490084157115e-01
7.114360910636854385e-01
7.134492146273121449e-01
4.701309338377436253e-01
4.779779861340671121e-01
4.712643711394391421e-01
4.733515649919625701e-01
5.913916449979780277e-01
6.573309227951431577e-01
7.251069607871680756e-01
4.701310189097193115e-01
4.801754296383414777e-01
4.702133089934772969e-01
4.735101335808543088e-01
4.749734222359050517e-01
4.720742649641767041e-01
7.047154018590147118e-01
4.734592484402685431e-01
4.733086012767183104e-01
6.615371364791822195e-01
6.929963303675363839e-01
4.739750067359670416e-01
4.749734222749623092e-01
4.783719748082838064e-01
6.459304597579899054e-01
4.774740030640568511e-01
4.866245400257359077e-01
6.639146531098345516e-01
4.757926968069117746e-01
4.800030382923196060e-01
4.747985317838525066e-01
6.023735343797408381e-01
5.891335290762793608e-01
4.805957227623744998e-01
4.770271693558358894e-01
6.535459408105322998e-01
6.172042459642652634e-01
4.844565086456172898e-01
5.026971425671917792e-01
4.713092220827200252e-01
5.248550543126105916e-01
4.813559524245540899e-01
6.028046405414505537e-01
4.749734222749623092e-01
4.779771000682577209e-01
4.750641723193497201e-01
4.842275612722986566e-01
6.994603963175812789e-01
7.036120455775214388e-01
4.749734222749623092e-01
7.039047327569984969e-01
4.826362175917065511e-01
4.735256573498943244e-01
6.768559974467195373e-01
4.645139353655445835e-01
