7.142843823616162879e-01
8.893636534106077463e-01
8.900063423356455727e-01
8.484294117003144953e-01
8.710462343077450820e-01
8.196822934574682362e-01
7.540077156601866504e-01
8.705737371303641225e-01
8.196330924630604864e-01
8.873892985376332643e-01
7.053694012962503646e-01
6.952141563974568728e-01
7.008287414680254290e-01
7.189921324297916527e-01
7.065824657608549275e-01
7.045877825855199061e-01
8.602964609474555990e-01
7.530065584124283617e-01
7.208674795468131835e-01
8.773543638119568611e-01
7.026736227300220961e-01
7.019331093777120278e-01
7.727945831766007689e-01
7.038263597455323151e-01
7.008287414680210992e-01
7.008287414552875072e-01
7.069965023263582449e-01
7.712737749157831946e-01
7.778888251933665510e-01
7.207250517230413545e-01
6.981736945561345387e-01
8.457991529953382548e-01
7.098791912314973418e-01
7.119304817481908465e-01
7.466968952085123457e-01
8.482159724174773707e-01
7.153885459184592399e-01
7.778325247801955999e-01
7.004348341760419094e-01
9.014572492594976616e-01
7.145463393605375746e-01
7.008287413928822041e-01
8.423867103134684564e-01
8.301279442062275971e-01
7.049317505689070007e-01
7.006115712774387827e-01
8.500155226974743794e-01
8.839101966487663553e-01
7.063306966584590452e-01
7.008287414680571814e-01
7.379188716059609243e-01
7.132654077424533945e-01
7.004266500264700879e-01
7.042455807518115396e-01
6.945031244061578013e-01
6.978117288763799886e-01
7.099288799378024040e-01
7.008287417428463728e-01
7.008282971206264422e-01
7.086980351553735513e-01
8.048451778038859805e-01
7.004210653687771293e-01
7.008287414597702547e-01
6.926226400675110639e-01
