9.999918852453648643e-01
1.014398823281353335e-01
6.935874965041910478e-02
9.999912780137921731e-01
4.926242967494932207e-02
6.049207069073777449e-02
8.838123111829994383e-02
9.999948469572331744e-01
4.510944179926149739e-02
5.630401547477289353e-02
6.935874965041910478e-02
1.073528252298158875e-01
6.935874965041910478e-02
7.441152253573199427e-02
6.393065467727808426e-02
6.935874955090859384e-02
6.049195089619730653e-02
7.336486617704038316e-02
6.990381187857233614e-02
1.017125584669810040e-01
7.130981363352129065e-02
6.934001150888201292e-02
6.935874965041910478e-02
3.440831262494041254e-01
6.049207101893732536e-02
6.049141842275356645e-02
9.089936131661442709e-02
9.999970568435705420e-01
2.655694597398518958e-02
6.048990105870379747e-02
4.608025492417461982e-02
5.817485382775672981e-02
9.999701782409352591e-01
6.108871272445354911e-02
5.385787180298180765e-02
6.451720956358837633e-02
1.143497512911003516e-01
9.999734337473717982e-01
6.858024016444569382e-02
6.935874965041910478e-02
9.999905683366563380e-01
6.056432300103506416e-02
4.416940705453548111e-02
2.745213778276225924e-02
9.999951242270072038e-01
8.119017395374801549e-02
5.661941397361022754e-02
5.999365486219858379e-02
4.460766248811789264e-02
9.999754428783113047e-01
7.125100189931790617e-02
6.049207014457889248e-02
3.696755832768194167e-02
9.991496854330219612e-01
6.935874965041910478e-02
6.598760656453697693e-02
7.115044664043471134e-02
9.998873917973449821e-01
9.796204208353309628e-02
6.393067566957170988e-02
6.143424871236841112e-02
4.775317887015493451e-02
5.760886674400272217e-02
3.326089334861516422e-02
