4.405341114116959056e-01
4.420617387699354861e-01
4.397887116740426539e-01
6.977566106364027076e-01
4.471927733473231581e-01
4.441094478021450631e-01
4.457905721879937833e-01
4.519680512037835274e-01
4.414974948975531888e-01
4.503289099090286851e-01
7.066206679695341553e-01
4.483428679838186715e-01
6.126896782168657074e-01
4.944635059903709773e-01
4.739208665720968661e-01
4.616278672499298241e-01
4.838114786253817634e-01
4.472074501950719094e-01
6.738754501503652072e-01
6.386240985338860199e-01
4.388136926535301519e-01
4.483937441400210888e-01
4.323516198961895318e-01
4.390159892449954082e-01
4.414977637887876338e-01
4.514797396490313197e-01
4.296638940084122060e-01
4.527424322221552111e-01
4.448529982369155422e-01
7.140688319982648746e-01
4.548877133194473288e-01
5.170536406593326806e-01
4.472074501950719094e-01
4.405248198436046425e-01
4.484142487937235466e-01
4.511395443299698327e-01
4.470534964742288175e-01
4.480431540492881837e-01
6.506073504235282412e-01
6.990083789097878419e-01
4.816991632866984285e-01
4.474003913836536173e-01
6.785013983216229283e-01
6.020314537237015928e-01
4.302311120253561882e-01
4.472438588904555923e-01
4.577946511580818778e-01
6.835259368533269653e-01
5.984027439773949020e-01
4.377387969182772731e-01
4.285792803857257915e-01
4.571817955655014254e-01
5.697567180186126068e-01
4.900966178748120683e-01
4.442172076847243911e-01
4.404629388938312018e-01
4.470398700168482509e-01
4.577526362303295793e-01
4.375554295194286625e-01
4.454033972413663500e-01
4.277405762011257107e-01
6.909148471943398206e-01
4.492493135460097764e-01
4.540742260252451090e-01
4.653858801638960374e-01
6.363763249556612100e-01
4.604301360568983648e-01
4.624012962394755677e-01
4.573558372949977358e-01
4.604283307437510575e-01
5.030195519370315171e-01
5.763423260725315522e-01
4.510377995241759419e-01
4.580992411927373165e-01
4.584456345542254896e-01
6.929601760485937234e-01
4.534341780026188706e-01
4.541185789046414123e-01
4.587311777639788701e-01
4.522590771183239711e-01
4.510112982078103294e-01
4.597091798730489898e-01
5.153692700020434669e-01
4.562202623653546785e-01
4.604279784522125052e-01
4.565631272681854869e-01
4.625397550830132043e-01
7.089459212740627514e-01
4.536361719592986730e-01
4.604283331796357182e-01
5.729252717088170188e-01
4.595999900431431140e-01
4.630438038550505619e-01
4.795023984476003975e-01
6.367254627041962767e-01
4.595015622162426649e-01
7.052051687899700827e-01
7.087081242495746336e-01
4.575680633292266708e-01
4.604283309574637717e-01
4.568635778516592638e-01
5.787319045754577562e-01
4.565985261686402730e-01
4.650454456663026814e-01
4.972416326872162173e-01
7.321357672364884328e-01
4.654638287518935158e-01
4.948334675729145204e-01
4.494057903198945270e-01
7.348131035009829448e-01
5.782885228803239519e-01
4.569091253311491907e-01
4.604283302642693809e-01
7.259977269806942024e-01
6.307327345965740850e-01
4.576024198038146085e-01
6.670899184788072755e-01
4.671310257466499971e-01
4.550357950122144168e-01
6.829734068481317921e-01
4.617671100786440719e-01
4.507995531493349528e-01
4.604283310171975452e-01
4.639841246834169319e-01
4.562105934627054271e-01
4.589250874689596582e-01
4.606898649793077505e-01
4.562865449272721641e-01
4.446740754747793289e-01
4.395442230543006312e-01
4.504757198729138490e-01
6.089746999652558834e-01
4.747147448781999790e-01
4.487057428514650836e-01
4.596316000921534251e-01
4.437171845320072028e-01
4.486623258554052751e-01
4.487018028071690923e-01
4.757799714677266034e-01
5.377671266536587780e-01
4.384512088108708516e-01
4.540256092186932269e-01
4.487057428514650836e-01
4.643378317128108446e-01
5.126932099735751480e-01
4.427812664268439002e-01
4.550107627368355501e-01
7.168539979536173723e-01
4.487057196281333260e-01
4.276220451233848086e-01
4.457073800876001912e-01
4.323567898049421876e-01
4.446648873959807569e-01
4.440771551917762627e-01
4.487212680445629154e-01
5.916831434618035068e-01
4.298382629134290256e-01
5.061373820922374644e-01
7.340937355995832414e-01
4.358626048971612210e-01
4.934248905819286768e-01
4.343967324306939881e-01
6.900930595890534258e-01
6.537706494262930379e-01
5.202033131300075608e-01
5.894335052099989314e-01
7.074216347129367310e-01
4.487057428514309998e-01
4.562735399586047569e-01
4.394183176127929857e-01
4.734866732829162150e-01
4.449387024294055859e-01
4.600143720690475502e-01
4.433961890265697425e-01
4.440155440669718012e-01
4.487057428539697468e-01
4.471903422187104016e-01
5.858631252135562129e-01
4.762498044666134134e-01
4.449174165517653656e-01
4.433897087842506024e-01
4.475398050637331426e-01
7.258283601642415706e-01
4.663147975913513599e-01
7.223378805634367295e-01
4.409388243094173321e-01
5.582695124804675224e-01
5.020793157121253847e-01
7.293626471413167112e-01
4.446583744679164507e-01
4.381233035286985489e-01
6.886149091022609747e-01
6.845993087960196011e-01
4.766666776163662744e-01
4.738916414451260772e-01
6.708340238115977350e-01
4.744108055530114054e-01
4.771905693464286169e-01
4.739706564343841300e-01
6.201092349511446722e-01
4.802376245795495491e-01
4.766299472506508317e-01
4.672397746567716892e-01
5.307288431607918300e-01
4.731053683118644493e-01
4.771737299512997521e-01
5.089831795788577473e-01
4.807931324995949329e-01
6.956007584276971967e-01
7.172115144458128810e-01
6.066619556812218317e-01
4.792000665653540215e-01
4.703332133171329588e-01
5.974979889245363163e-01
6.210094421573828516e-01
4.743254584934437634e-01
7.213099032487352291e-01
4.608425643155549811e-01
4.778052714042057003e-01
6.511882930187382623e-01
4.827254375256767593e-01
5.614220811511333453e-01
4.805383279036867239e-01
4.700743099770648969e-01
4.766666776163713259e-01
4.839748385260779218e-01
4.700906033315176979e-01
6.743775483554077521e-01
4.739473344749763339e-01
6.933800405366089548e-01
4.732247070637234931e-01
4.766666776163662744e-01
4.799898576140930739e-01
6.846634723857298876e-01
6.629382913675156974e-01
4.817060576311584796e-01
4.761423600551401014e-01
6.883651045297490834e-01
4.691199997388605381e-01
5.236799180446670698e-01
4.739002179256411873e-01
4.702613108462270763e-01
4.766666770584638280e-01
4.711420175211698536e-01
4.907927171075466832e-01
4.773699376630630153e-01
6.773428406666202051e-01
6.583506817781097364e-01
6.678965182920324484e-01
4.858394993082972846e-01
4.730842108316871131e-01
4.671341644680639948e-01
4.745898681645256412e-01
4.835963848717924618e-01
6.829133929840978112e-01
6.620460090787489982e-01
4.328238618083029565e-01
4.523846451861955331e-01
4.463844422407646229e-01
4.762448925645048625e-01
4.601544430832495425e-01
4.525361251487973191e-01
7.261625084712401978e-01
4.455145866806349275e-01
4.390890513328793432e-01
6.941306709496989358e-01
4.480044329132608638e-01
7.445167868173967474e-01
4.438399121298738925e-01
4.330388955661474415e-01
7.071391266790113539e-01
4.525764730098479904e-01
7.282489693529304864e-01
7.126327817921963570e-01
4.538371093957387359e-01
4.306505773967745920e-01
6.907544320510523583e-01
4.438546463689668764e-01
4.457589281198514608e-01
6.513875594333131680e-01
4.461630798845741541e-01
4.399782444127617875e-01
4.480044694380763692e-01
4.438391487387691736e-01
4.461799231780897990e-01
4.394906232703608140e-01
5.011644902957299585e-01
7.232734805166278758e-01
4.528967426439948762e-01
6.479486149589077648e-01
5.251537860659994950e-01
7.146820551630267415e-01
4.429851883516546240e-01
4.662569715323005015e-01
4.428181643354762720e-01
4.578530673414324403e-01
7.211836937931693781e-01
5.281192855993779300e-01
6.933824988788515054e-01
4.479536426751861700e-01
4.576119285345137122e-01
5.232055156775012872e-01
6.656152237647335879e-01
5.334515581437816456e-01
4.483184370185995804e-01
4.812611872055917450e-01
4.616529670106352956e-01
4.495008864279744776e-01
4.519175782832681176e-01
4.736599550433976957e-01
7.281030634222622755e-01
4.919568297757513919e-01
7.095440157457079122e-01
4.480044695345981043e-01
6.074401485891589569e-01
4.457334541853444354e-01
6.185800601589688252e-01
6.664678668869240541e-01
4.842015974099201925e-01
4.447718495883963286e-01
6.512671279115348488e-01
4.538984681682847189e-01
4.544467670240640023e-01
4.655967917683584423e-01
4.504837069988892884e-01
5.653494334033339896e-01
7.036905386049187028e-01
6.894226080874837903e-01
4.944492873942349376e-01
4.577605367306705753e-01
4.637306756876574676e-01
4.577489056605278384e-01
4.577605367306705753e-01
5.231078519607739175e-01
4.577600728458267598e-01
4.531482039887440583e-01
5.367602416022031475e-01
4.684846914846337307e-01
4.576918364151719154e-01
4.559179081301245606e-01
4.548902826107096842e-01
5.099047482029140932e-01
4.627951452707882440e-01
4.592871788129203048e-01
6.391269645351896900e-01
7.411955221200750010e-01
4.613713151223253206e-01
4.590304655013588975e-01
4.706711980883246382e-01
4.794177751634436935e-01
4.542654238514801102e-01
7.016688916436222279e-01
5.076835170983109435e-01
4.737711982911288477e-01
6.489398818203531150e-01
4.747055062982712403e-01
6.363038712648103612e-01
6.681471572761332745e-01
6.883414019948422835e-01
4.598674768526250789e-01
4.577527310137874950e-01
7.133126585220691540e-01
5.820978391223733395e-01
4.519381241353694900e-01
5.333714220640912718e-01
4.642317909719525515e-01
6.913364121592079359e-01
4.669795317268770063e-01
4.596469548528998583e-01
7.087821180527226206e-01
5.924999639958190567e-01
4.727709616718293040e-01
4.577575932905581513e-01
4.644369294721368835e-01
4.577605367306700757e-01
7.159958859561007527e-01
4.419923023096354320e-01
6.583729823309895091e-01
4.606219353666278771e-01
4.605092824623184256e-01
6.364270345596029221e-01
5.107239084198567092e-01
7.357701268639139647e-01
4.546255791192250761e-01
7.116638848298536546e-01
5.675284088587190245e-01
4.728916325482503957e-01
6.150330721253628452e-01
5.771877034838290843e-01
6.389168621460783459e-01
4.674661505538348916e-01
5.651677070446627926e-01
4.640396725043116066e-01
7.123510926147065270e-01
4.844194518884145650e-01
6.745101788633157680e-01
6.477361685118095957e-01
6.670346344381428150e-01
4.640396724523084271e-01
4.640396724523084271e-01
5.115606832526627956e-01
4.597204440112914736e-01
5.317877956350272051e-01
4.830096929217615465e-01
5.518497030099158707e-01
4.640333861009078298e-01
4.605884421665067952e-01
4.640396724523084271e-01
6.910383618296140895e-01
4.605333489547944192e-01
4.640385100803912644e-01
6.932210128592153353e-01
4.566479861689501929e-01
4.605333468054597090e-01
5.780185510615847289e-01
5.165463024941636672e-01
4.582411038980854223e-01
7.348900245180365332e-01
4.662326066930387869e-01
4.677104372759331441e-01
4.643780289848393195e-01
6.883836242384834270e-01
4.626530155153900092e-01
4.686919441779459072e-01
4.582281560150393562e-01
6.603055908977509825e-01
6.284253621455241356e-01
6.306542818824897312e-01
5.493638976131339779e-01
7.026468524282366568e-01
4.687810785356278376e-01
4.636851917538948875e-01
6.774213174487342393e-01
6.352411708390189871e-01
6.079866866568761630e-01
4.597544529233191235e-01
7.355325970512686107e-01
4.577917833314834595e-01
4.596851217261490041e-01
7.128471629626731421e-01
5.528386807125523772e-01
4.712594640029617588e-01
4.605333479510186900e-01
4.640396265069808290e-01
6.656916645120846132e-01
4.588961296052634364e-01
4.605339640855943273e-01
6.058911542015100737e-01
4.745710404215521816e-01
4.791419161036578611e-01
5.013161232957732416e-01
6.029691945162292122e-01
4.735428568663163085e-01
7.113304583074746557e-01
5.999638780466578503e-01
4.886426356334966359e-01
4.700241934051324622e-01
4.792959490084157115e-01
7.114360910636854385e-01
7.134492146273121449e-01
4.701309338377436253e-01
4.779779861340671121e-01
4.712643711394391421e-01
4.733515649919625701e-01
5.913916449979780277e-01
6.573309227951431577e-01
7.251069607871680756e-01
4.701310189097193115e-01
4.801754296383414777e-01
4.702133089934772969e-01
4.735101335808543088e-01
4.749734222359050517e-01
4.720742649641767041e-01
7.047154018590147118e-01
4.734592484402685431e-01
4.733086012767183104e-01
6.615371364791822195e-01
6.929963303675363839e-01
4.739750067359670416e-01
4.749734222749623092e-01
4.783719748082838064e-01
6.459304597579899054e-01
4.774740030640568511e-01
4.866245400257359077e-01
6.639146531098345516e-01
4.757926968069117746e-01
4.800030382923196060e-01
4.747985317838525066e-01
6.023735343797408381e-01
5.891335290762793608e-01
4.805957227623744998e-01
4.770271693558358894e-01
6.535459408105322998e-01
6.172042459642652634e-01
4.844565086456172898e-01
5.026971425671917792e-01
4.713092220827200252e-01
5.248550543126105916e-01
4.813559524245540899e-01
6.028046405414505537e-01
4.749734222749623092e-01
4.779771000682577209e-01
4.750641723193497201e-01
4.842275612722986566e-01
6.994603963175812789e-01
7.036120455775214388e-01
4.749734222749623092e-01
7.039047327569984969e-01
4.826362175917065511e-01
4.735256573498943244e-01
6.768559974467195373e-01
4.645139353655445835e-01
7.142843823616162879e-01
8.893636534106077463e-01
8.900063423356455727e-01
8.484294117003144953e-01
8.710462343077450820e-01
8.196822934574682362e-01
7.540077156601866504e-01
8.705737371303641225e-01
8.196330924630604864e-01
8.873892985376332643e-01
7.053694012962503646e-01
6.952141563974568728e-01
7.008287414680254290e-01
7.189921324297916527e-01
7.065824657608549275e-01
7.045877825855199061e-01
8.602964609474555990e-01
7.530065584124283617e-01
7.208674795468131835e-01
8.773543638119568611e-01
7.026736227300220961e-01
7.019331093777120278e-01
7.727945831766007689e-01
7.038263597455323151e-01
7.008287414680210992e-01
7.008287414552875072e-01
7.069965023263582449e-01
7.712737749157831946e-01
7.778888251933665510e-01
7.207250517230413545e-01
6.981736945561345387e-01
8.457991529953382548e-01
7.098791912314973418e-01
7.119304817481908465e-01
7.466968952085123457e-01
8.482159724174773707e-01
7.153885459184592399e-01
7.778325247801955999e-01
7.004348341760419094e-01
9.014572492594976616e-01
7.145463393605375746e-01
7.008287413928822041e-01
8.423867103134684564e-01
8.301279442062275971e-01
7.049317505689070007e-01
7.006115712774387827e-01
8.500155226974743794e-01
8.839101966487663553e-01
7.063306966584590452e-01
7.008287414680571814e-01
7.379188716059609243e-01
7.132654077424533945e-01
7.004266500264700879e-01
7.042455807518115396e-01
6.945031244061578013e-01
6.978117288763799886e-01
7.099288799378024040e-01
7.008287417428463728e-01
7.008282971206264422e-01
7.086980351553735513e-01
8.048451778038859805e-01
7.004210653687771293e-01
7.008287414597702547e-01
6.926226400675110639e-01
9.999918852453648643e-01
1.014398823281353335e-01
6.935874965041910478e-02
9.999912780137921731e-01
4.926242967494932207e-02
6.049207069073777449e-02
8.838123111829994383e-02
9.999948469572331744e-01
4.510944179926149739e-02
5.630401547477289353e-02
6.935874965041910478e-02
1.073528252298158875e-01
6.935874965041910478e-02
7.441152253573199427e-02
6.393065467727808426e-02
6.935874955090859384e-02
6.049195089619730653e-02
7.336486617704038316e-02
6.990381187857233614e-02
1.017125584669810040e-01
7.130981363352129065e-02
6.934001150888201292e-02
6.935874965041910478e-02
3.440831262494041254e-01
6.049207101893732536e-02
6.049141842275356645e-02
9.089936131661442709e-02
9.999970568435705420e-01
2.655694597398518958e-02
6.048990105870379747e-02
4.608025492417461982e-02
5.817485382775672981e-02
9.999701782409352591e-01
6.108871272445354911e-02
5.385787180298180765e-02
6.451720956358837633e-02
1.143497512911003516e-01
9.999734337473717982e-01
6.858024016444569382e-02
6.935874965041910478e-02
9.999905683366563380e-01
6.056432300103506416e-02
4.416940705453548111e-02
2.745213778276225924e-02
9.999951242270072038e-01
8.119017395374801549e-02
5.661941397361022754e-02
5.999365486219858379e-02
4.460766248811789264e-02
9.999754428783113047e-01
7.125100189931790617e-02
6.049207014457889248e-02
3.696755832768194167e-02
9.991496854330219612e-01
6.935874965041910478e-02
6.598760656453697693e-02
7.115044664043471134e-02
9.998873917973449821e-01
9.796204208353309628e-02
6.393067566957170988e-02
6.143424871236841112e-02
4.775317887015493451e-02
5.760886674400272217e-02
3.326089334861516422e-02
