9.999999999369195702e-01
9.999999999369195702e-01
9.999999999369195702e-01
5.387260309233392608e-01
9.999999999369195702e-01
9.999999999369195702e-01
9.999999999369195702e-01
9.999999999369195702e-01
9.999999999369195702e-01
9.999999976393234569e-01
9.999983787602951812e-01
9.999999999369195702e-01
1.000000000000000000e+00
9.999999999369195702e-01
9.999999999993720579e-01
9.999999976393234569e-01
2.577215126359409943e-07
9.999999999369195702e-01
9.999999999999997780e-01
5.619224369387504961e-08
9.999999999369195702e-01
9.999999999369195702e-01
9.999999999369195702e-01
9.999999976393234569e-01
9.999999999369195702e-01
9.999995746443026690e-01
9.999999999369195702e-01
9.999999999369195702e-01
9.999999999369195702e-01
5.387260309233392608e-01
9.999999999369195702e-01
1.928146919024884992e-07
9.999999999369195702e-01
9.999999999369195702e-01
9.999999999369195702e-01
1.412032594225709527e-05
9.999999999369195702e-01
9.999999999369195702e-01
9.999999999959505725e-01
9.999999999999997780e-01
9.999999999484132651e-01
9.999999999369195702e-01
5.387260309233392608e-01
9.776321554078106768e-01
9.999999999369195702e-01
9.999999999369195702e-01
9.999999999369195702e-01
8.426814175341074131e-01
5.619224369387504961e-08
9.999999999369195702e-01
9.999999999369195702e-01
9.999999976393234569e-01
1.000000000000000000e+00
9.999999999993720579e-01
9.999999999369195702e-01
9.999999999347444213e-01
9.999999977644054017e-01
9.999999999369195702e-01
9.999999999369195702e-01
9.999999999369195702e-01
