9.999999999785589289e-01
9.134478753808942898e-08
9.999999999785589289e-01
4.410165536599324754e-01
9.999999999785589289e-01
9.999999999785589289e-01
8.591331703684651577e-07
1.000000000000000000e+00
9.999999992297998741e-01
9.999999999785589289e-01
9.999999999785589289e-01
5.795664777727350669e-01
9.999999999405526641e-01
9.999999999785589289e-01
9.999999999785589289e-01
9.999999999785589289e-01
9.999999999785589289e-01
9.999999992297998741e-01
9.999999992297998741e-01
9.999999999785589289e-01
9.999999999785589289e-01
9.999999999785589289e-01
9.999999992297998741e-01
5.795664777727350669e-01
9.999999999785589289e-01
9.999999999785589289e-01
9.999999999405526641e-01
3.297666751804468845e-05
9.999999997664801299e-01
9.999999999785589289e-01
2.177996492070301618e-02
9.999999999785589289e-01
9.926528526520191908e-01
9.927690403811968434e-01
9.999999992297998741e-01
9.999999999785589289e-01
9.999999999785589289e-01
1.000000000000000000e+00
9.999999999785589289e-01
9.999999992297998741e-01
1.912764931573692059e-04
5.795664777727350669e-01
9.999999999785589289e-01
5.566023195434385935e-07
9.999999999785589289e-01
9.999999999999995559e-01
9.999999999999997780e-01
9.999999999785589289e-01
9.999999999785589289e-01
9.999999999999971134e-01
2.177996492070301618e-02
9.999999999785589289e-01
9.999999996526340862e-01
9.999999999785589289e-01
9.999999999785589289e-01
5.795664777727350669e-01
9.999999999785589289e-01
9.999999999785589289e-01
9.999999999785589289e-01
9.999999999785589289e-01
