4.758907192011794796e-01
4.758907192011794796e-01
4.776578876042192334e-01
5.234326848418313638e-01
4.823458502252239710e-01
4.776564132297082543e-01
4.758907192013386855e-01
4.776578829392883474e-01
4.758907192011794796e-01
4.758907192574026168e-01
4.989833987961374007e-01
5.015080913600050705e-01
4.776578876042192334e-01
4.758907192011794796e-01
4.775904302545193048e-01
4.758907192011794796e-01
4.776578876042192334e-01
4.776578876042192334e-01
4.758907192011794796e-01
5.754157292464809892e-01
4.776578862182624396e-01
4.776578876042192334e-01
4.758907192011794796e-01
4.776578876042192334e-01
4.776578876042192334e-01
4.776578876042192334e-01
4.758907192325547153e-01
5.491960219277978172e-01
4.776578876042192334e-01
4.915169738896605356e-01
5.639352848928363970e-01
4.798187690890065027e-01
4.758907192011794796e-01
4.775707545036914636e-01
5.702851969452965575e-01
5.664229835693370685e-01
5.204003087872405287e-01
5.077468298709806316e-01
5.792573400071753253e-01
4.776578876042192334e-01
4.758907192121951124e-01
4.776578876042192334e-01
4.988515374857226958e-01
4.776578170969918991e-01
4.758907192011794796e-01
4.758907192011794796e-01
4.776578876042192334e-01
4.758907192099733896e-01
4.758907192011794796e-01
5.045634553777288422e-01
4.823608422649149352e-01
4.776578876042192334e-01
4.758937279018016775e-01
4.776578876042192334e-01
5.792568699675736399e-01
4.950477684085196617e-01
5.775298852883948841e-01
4.776578876042192334e-01
4.815888188781129453e-01
5.201809634626055612e-01
