8.085091466363233392e-01
9.999999981918195058e-01
9.999999981918195058e-01
3.627341187753710949e-01
9.999999981918195058e-01
9.999999981918195058e-01
9.999999997562343257e-01
2.040264641427974521e-08
9.999999981918195058e-01
9.999999981918195058e-01
9.999999997562343257e-01
2.040264641427974521e-08
9.999999981918195058e-01
9.999999981918195058e-01
9.999999981918195058e-01
9.999999981918195058e-01
9.999999999998994138e-01
8.085091466363233392e-01
1.000000000000000000e+00
2.157599076988826190e-06
9.999999981918195058e-01
1.000000000000000000e+00
4.961910956015999803e-03
9.999999997562343257e-01
9.999999999974755749e-01
9.999999997562341036e-01
9.999999981918195058e-01
8.085091466363233392e-01
9.999999981918195058e-01
2.040264641427974521e-08
9.999999981918334946e-01
9.999999981918195058e-01
9.999999981918195058e-01
9.999999981918195058e-01
9.999999993470860549e-01
1.000000000000000000e+00
9.999999981918195058e-01
8.085091466363233392e-01
9.999999981918195058e-01
9.999999981918195058e-01
2.157599076988826190e-06
8.085091466363233392e-01
4.961910956015999803e-03
9.999999981918195058e-01
9.986024262867840839e-01
3.627341187753710949e-01
9.999999865202686689e-01
9.999999984167113887e-01
9.999999981918195058e-01
9.999999997562343257e-01
9.999999981918195058e-01
9.999999997562343257e-01
7.925056885292119935e-01
9.999999981918195058e-01
4.961910956015999803e-03
3.567007859075350951e-02
8.105496390717671362e-01
9.999999981918195058e-01
9.999999981918195058e-01
9.999999997562343257e-01
