9.999999999558299990e-01
9.999999999558299990e-01
9.999999999558299990e-01
9.999999999997746247e-01
9.999999968438033626e-01
6.839595453810862990e-06
9.921019304714593368e-01
9.999999999558299990e-01
9.999999999558299990e-01
9.921019304714593368e-01
9.999999999558299990e-01
5.843518221414900626e-01
9.999999999558299990e-01
9.999999999558299990e-01
1.000000000000000000e+00
9.999999999558299990e-01
5.843518221414900626e-01
1.000000000000000000e+00
9.999999999558299990e-01
9.999999999558299990e-01
5.843518221414900626e-01
9.999999999558299990e-01
9.999851302337668946e-01
1.000000000000000000e+00
9.999999999558299990e-01
6.839595453810862990e-06
9.999999999558299990e-01
9.999999999558299990e-01
9.999999999558299990e-01
9.999999999558299990e-01
9.999999999984885424e-01
5.843518221414900626e-01
9.999999999558299990e-01
9.999979521316615383e-01
7.469764969460746145e-09
5.843518221414900626e-01
9.999999999558299990e-01
9.999999999997746247e-01
9.999999999558299990e-01
9.999999999997746247e-01
9.999999998938038370e-01
1.000000000000000000e+00
1.000000000000000000e+00
9.999999999558299990e-01
9.999999999997746247e-01
3.040911894502655740e-04
7.125719829859692225e-03
2.032194092432931836e-07
9.999999999558299990e-01
9.999999999997746247e-01
9.999999999997746247e-01
9.999999999558299990e-01
9.999999999558299990e-01
9.999999999997746247e-01
5.843518221414900626e-01
9.999999999997746247e-01
9.999999999951378893e-01
9.999999999558299990e-01
9.999999999999964473e-01
9.999999999558299990e-01
