3.492658253482629482e-01
9.999999999994884092e-01
9.999999999994884092e-01
9.999999999882052126e-01
9.999999999994884092e-01
9.999999999999362732e-01
9.999999999993431921e-01
3.492658253482629482e-01
3.812986715340653273e-09
9.999999999994884092e-01
9.999999999882052126e-01
9.999999999994884092e-01
9.999999999994884092e-01
7.794968169629119445e-05
9.999999999994884092e-01
9.999999999994884092e-01
8.187436223340655802e-08
9.999999999994884092e-01
9.999999999994875211e-01
9.999999999994884092e-01
9.999999999994884092e-01
9.999999999932074335e-01
9.999999999994884092e-01
9.999999999994884092e-01
1.000000000000000000e+00
1.000000000000000000e+00
9.999999999882052126e-01
9.999999999994884092e-01
9.999999999994884092e-01
7.794968169629119445e-05
9.999999999994884092e-01
9.252337852368790472e-01
3.812986715340653273e-09
7.794968169629119445e-05
1.000000000000000000e+00
9.999999999999973355e-01
9.999999999999940048e-01
3.492658253482629482e-01
3.492658253482629482e-01
9.999999999882052126e-01
9.999999999994884092e-01
3.492658253482629482e-01
3.812986715340653273e-09
9.999999999994884092e-01
1.000000000000000000e+00
9.999999999994884092e-01
3.492658253482629482e-01
9.999999999882052126e-01
9.999999999882052126e-01
1.000000000000000000e+00
1.000000000000000000e+00
9.999999999882300816e-01
9.999999999994884092e-01
7.794968169629119445e-05
9.999999999994884092e-01
9.252337852368790472e-01
9.999999999994884092e-01
3.492658253482629482e-01
9.999999999882052126e-01
9.999999999882052126e-01
