9.991242855239172993e-01
2.912897336088801075e-05
9.999999998197999229e-01
9.639517243846522788e-08
1.358295533676965449e-08
1.976906239031551299e-02
9.999999998197999229e-01
9.999999990855150678e-01
9.999999965636978683e-01
3.990765084611259117e-01
9.999999999989217514e-01
8.249851612151202218e-01
3.958342300128799528e-03
9.999999999999997780e-01
9.999999998197999229e-01
9.999999998197999229e-01
2.912897336090705544e-05
9.999999998197999229e-01
1.000000000000000000e+00
9.999999965636978683e-01
1.000000000000000000e+00
9.999999998197999229e-01
9.999999998197999229e-01
9.999999998197999229e-01
3.990765084611259117e-01
9.999999998197999229e-01
9.999999998197999229e-01
9.999999984425922417e-01
9.999999998197999229e-01
9.999999998197999229e-01
1.000000000000000000e+00
9.999999999989217514e-01
9.999999998197999229e-01
9.999999999999920064e-01
9.999999965636978683e-01
9.999999965636978683e-01
9.999999998197999229e-01
9.999999999999997780e-01
9.999999998197999229e-01
9.999999998197999229e-01
9.999999998197999229e-01
3.990765084611259117e-01
1.358066503924718730e-08
9.991242855239172993e-01
9.999999837655264567e-01
9.268154008452051951e-01
9.999999965636978683e-01
9.999999998197999229e-01
3.990765084611259117e-01
1.358066503924718730e-08
1.358066503924718730e-08
9.999999998197999229e-01
9.999999999122748395e-01
9.999999998197999229e-01
9.999999965636978683e-01
3.990765084611259117e-01
9.999999238360071097e-01
9.999999965636978683e-01
9.999999998197999229e-01
9.999999998197999229e-01
