9.999968539084301833e-01
9.999968536177822331e-01
9.998732485867385389e-01
9.825780077162692416e-01
9.999999981446634489e-01
1.000000000000000000e+00
9.867401638117935248e-01
1.175659798118178555e-06
9.999999999893609548e-01
9.902599946658333652e-01
5.598594899559408145e-01
1.000000000000000000e+00
9.999999999893609548e-01
9.999999981446634489e-01
9.999999999999817923e-01
9.999999981446634489e-01
1.175659798118178555e-06
9.808624962595857699e-01
9.999999991496377749e-01
9.999999999893609548e-01
9.999999981446634489e-01
9.999999981315936814e-01
9.999999981446634489e-01
9.999999999893609548e-01
9.999999981446638930e-01
5.598594899559408145e-01
9.999999981446634489e-01
9.999999981446634489e-01
5.598594899559408145e-01
2.178198287810123070e-03
9.999999999893609548e-01
9.999999981446634489e-01
9.999999981446634489e-01
9.808624874939760874e-01
9.999999981446634489e-01
7.161686301104156493e-01
5.598594899559408145e-01
9.999999999893609548e-01
4.410808159183802583e-06
9.999999981446634489e-01
1.000000000000000000e+00
1.000000000000000000e+00
9.999999999893609548e-01
9.999968539084428398e-01
9.989093009945696489e-01
4.019351748031104092e-09
9.999999981446634489e-01
2.651555038002325365e-08
9.999999999893609548e-01
2.651555038002325365e-08
9.999999999999817923e-01
1.000000000000000000e+00
9.999999981446634489e-01
9.999968539477055440e-01
9.999968539084428398e-01
9.999999999893609548e-01
5.598594899559408145e-01
9.955121556773085523e-01
9.999999981446634489e-01
5.598594899559408145e-01
