2.000149532294200061e-02
9.945807349429468536e-01
9.945807349429468536e-01
9.725836343791149918e-01
9.953004604653949983e-01
7.784823378510729031e-01
1.289925238364013349e-02
9.947639574946670615e-01
8.499857059442182949e-01
9.947639574946670615e-01
1.933483945752989541e-02
1.933483945752989541e-02
1.933483945752989541e-02
2.000149532294200061e-02
1.933483945752989541e-02
2.000149532294200061e-02
9.686357967190609708e-01
2.291854323776784941e-01
2.000149532294200061e-02
9.964015292963210868e-01
1.933483945752989541e-02
2.000149532294200061e-02
3.597733615200198742e-01
2.000149532294200061e-02
2.000149532294200061e-02
1.933483945752989541e-02
1.573525981255441755e-02
9.333090453651501917e-02
1.933483945752989541e-02
1.933483945752989541e-02
1.933483945752989541e-02
8.040114570072001143e-01
2.000149532294200061e-02
2.000149532294200061e-02
2.275383276293225024e-02
8.935711786797779776e-01
1.334703237923540696e-02
2.199749981538336521e-02
1.933483945752989541e-02
9.964015292963210868e-01
2.000149532294200061e-02
1.933483945752989541e-02
9.934132698775902659e-01
9.860164191760667496e-01
1.933483945752989541e-02
1.933483945752989541e-02
6.468414339842984973e-01
9.947639574946670615e-01
1.933483945752989541e-02
2.000149532294200061e-02
1.289925238364013349e-02
1.797941772418352319e-02
1.933483945752989541e-02
1.933483945752989541e-02
1.933483945752989541e-02
1.933483945752989541e-02
2.000149532292412949e-02
1.933483945752989541e-02
2.000149532294200061e-02
2.000149532294200061e-02
