9.935534580611914413e-01
1.685192173857496048e-02
1.685192173857496048e-02
9.937468277618088930e-01
1.463106325545511337e-02
1.736731345552416581e-02
1.126066018016882476e-02
9.927883475949454972e-01
1.736731345552416581e-02
2.972072849046895546e-02
1.685192173857496048e-02
2.184906806001765678e-02
1.685192173857496048e-02
1.736731339990744277e-02
1.685192173857496048e-02
1.685192173857496048e-02
1.736731345552416581e-02
2.184906806001765678e-02
1.736731345552416581e-02
1.141080077261573678e-01
1.685192173857496048e-02
1.685192176664753946e-02
1.685192173857496048e-02
3.896895040977423896e-01
1.685192173857496048e-02
1.685192173857496048e-02
1.736731345552416581e-02
9.937468277618088930e-01
1.736731345552416581e-02
1.736731345552416581e-02
1.685192173857496048e-02
3.406619933493245655e-01
9.909030690851903245e-01
1.685192173857496048e-02
1.685192173857496048e-02
1.685192173857496048e-02
1.935595896913458805e-02
9.477378280416328682e-01
1.685192173857496048e-02
1.685192173857496048e-02
9.925655601142465700e-01
1.685192173857496048e-02
1.736731345552416581e-02
1.507957498102842700e-02
9.206251395513219693e-01
1.685234260912028131e-02
1.685192173857496048e-02
1.685192173857496048e-02
1.736731345552416581e-02
9.855222690968366006e-01
1.685192173857496048e-02
1.736731345552416581e-02
2.972072849047338941e-02
9.189142461450572341e-01
1.736731345552416581e-02
1.736731345552416581e-02
1.685192173857496048e-02
9.836358700954628276e-01
6.897187515258557111e-01
1.685192173857496048e-02
