9.999999999369195702e-01
9.999999999369195702e-01
9.999999999369195702e-01
5.387260309233392608e-01
9.999999999369195702e-01
9.999999999369195702e-01
9.999999999369195702e-01
9.999999999369195702e-01
9.999999999369195702e-01
9.999999976393234569e-01
9.999983787602951812e-01
9.999999999369195702e-01
1.000000000000000000e+00
9.999999999369195702e-01
9.999999999993720579e-01
9.999999976393234569e-01
2.577215126359409943e-07
9.999999999369195702e-01
9.999999999999997780e-01
5.619224369387504961e-08
9.999999999369195702e-01
9.999999999369195702e-01
9.999999999369195702e-01
9.999999976393234569e-01
9.999999999369195702e-01
9.999995746443026690e-01
9.999999999369195702e-01
9.999999999369195702e-01
9.999999999369195702e-01
5.387260309233392608e-01
9.999999999369195702e-01
1.928146919024884992e-07
9.999999999369195702e-01
9.999999999369195702e-01
9.999999999369195702e-01
1.412032594225709527e-05
9.999999999369195702e-01
9.999999999369195702e-01
9.999999999959505725e-01
9.999999999999997780e-01
9.999999999484132651e-01
9.999999999369195702e-01
5.387260309233392608e-01
9.776321554078106768e-01
9.999999999369195702e-01
9.999999999369195702e-01
9.999999999369195702e-01
8.426814175341074131e-01
5.619224369387504961e-08
9.999999999369195702e-01
9.999999999369195702e-01
9.999999976393234569e-01
1.000000000000000000e+00
9.999999999993720579e-01
9.999999999369195702e-01
9.999999999347444213e-01
9.999999977644054017e-01
9.999999999369195702e-01
9.999999999369195702e-01
9.999999999369195702e-01
9.999999999785589289e-01
9.134478753808942898e-08
9.999999999785589289e-01
4.410165536599324754e-01
9.999999999785589289e-01
9.999999999785589289e-01
8.591331703684651577e-07
1.000000000000000000e+00
9.999999992297998741e-01
9.999999999785589289e-01
9.999999999785589289e-01
5.795664777727350669e-01
9.999999999405526641e-01
9.999999999785589289e-01
9.999999999785589289e-01
9.999999999785589289e-01
9.999999999785589289e-01
9.999999992297998741e-01
9.999999992297998741e-01
9.999999999785589289e-01
9.999999999785589289e-01
9.999999999785589289e-01
9.999999992297998741e-01
5.795664777727350669e-01
9.999999999785589289e-01
9.999999999785589289e-01
9.999999999405526641e-01
3.297666751804468845e-05
9.999999997664801299e-01
9.999999999785589289e-01
2.177996492070301618e-02
9.999999999785589289e-01
9.926528526520191908e-01
9.927690403811968434e-01
9.999999992297998741e-01
9.999999999785589289e-01
9.999999999785589289e-01
1.000000000000000000e+00
9.999999999785589289e-01
9.999999992297998741e-01
1.912764931573692059e-04
5.795664777727350669e-01
9.999999999785589289e-01
5.566023195434385935e-07
9.999999999785589289e-01
9.999999999999995559e-01
9.999999999999997780e-01
9.999999999785589289e-01
9.999999999785589289e-01
9.999999999999971134e-01
2.177996492070301618e-02
9.999999999785589289e-01
9.999999996526340862e-01
9.999999999785589289e-01
9.999999999785589289e-01
5.795664777727350669e-01
9.999999999785589289e-01
9.999999999785589289e-01
9.999999999785589289e-01
9.999999999785589289e-01
4.758907192011794796e-01
4.758907192011794796e-01
4.776578876042192334e-01
5.234326848418313638e-01
4.823458502252239710e-01
4.776564132297082543e-01
4.758907192013386855e-01
4.776578829392883474e-01
4.758907192011794796e-01
4.758907192574026168e-01
4.989833987961374007e-01
5.015080913600050705e-01
4.776578876042192334e-01
4.758907192011794796e-01
4.775904302545193048e-01
4.758907192011794796e-01
4.776578876042192334e-01
4.776578876042192334e-01
4.758907192011794796e-01
5.754157292464809892e-01
4.776578862182624396e-01
4.776578876042192334e-01
4.758907192011794796e-01
4.776578876042192334e-01
4.776578876042192334e-01
4.776578876042192334e-01
4.758907192325547153e-01
5.491960219277978172e-01
4.776578876042192334e-01
4.915169738896605356e-01
5.639352848928363970e-01
4.798187690890065027e-01
4.758907192011794796e-01
4.775707545036914636e-01
5.702851969452965575e-01
5.664229835693370685e-01
5.204003087872405287e-01
5.077468298709806316e-01
5.792573400071753253e-01
4.776578876042192334e-01
4.758907192121951124e-01
4.776578876042192334e-01
4.988515374857226958e-01
4.776578170969918991e-01
4.758907192011794796e-01
4.758907192011794796e-01
4.776578876042192334e-01
4.758907192099733896e-01
4.758907192011794796e-01
5.045634553777288422e-01
4.823608422649149352e-01
4.776578876042192334e-01
4.758937279018016775e-01
4.776578876042192334e-01
5.792568699675736399e-01
4.950477684085196617e-01
5.775298852883948841e-01
4.776578876042192334e-01
4.815888188781129453e-01
5.201809634626055612e-01
8.085091466363233392e-01
9.999999981918195058e-01
9.999999981918195058e-01
3.627341187753710949e-01
9.999999981918195058e-01
9.999999981918195058e-01
9.999999997562343257e-01
2.040264641427974521e-08
9.999999981918195058e-01
9.999999981918195058e-01
9.999999997562343257e-01
2.040264641427974521e-08
9.999999981918195058e-01
9.999999981918195058e-01
9.999999981918195058e-01
9.999999981918195058e-01
9.999999999998994138e-01
8.085091466363233392e-01
1.000000000000000000e+00
2.157599076988826190e-06
9.999999981918195058e-01
1.000000000000000000e+00
4.961910956015999803e-03
9.999999997562343257e-01
9.999999999974755749e-01
9.999999997562341036e-01
9.999999981918195058e-01
8.085091466363233392e-01
9.999999981918195058e-01
2.040264641427974521e-08
9.999999981918334946e-01
9.999999981918195058e-01
9.999999981918195058e-01
9.999999981918195058e-01
9.999999993470860549e-01
1.000000000000000000e+00
9.999999981918195058e-01
8.085091466363233392e-01
9.999999981918195058e-01
9.999999981918195058e-01
2.157599076988826190e-06
8.085091466363233392e-01
4.961910956015999803e-03
9.999999981918195058e-01
9.986024262867840839e-01
3.627341187753710949e-01
9.999999865202686689e-01
9.999999984167113887e-01
9.999999981918195058e-01
9.999999997562343257e-01
9.999999981918195058e-01
9.999999997562343257e-01
7.925056885292119935e-01
9.999999981918195058e-01
4.961910956015999803e-03
3.567007859075350951e-02
8.105496390717671362e-01
9.999999981918195058e-01
9.999999981918195058e-01
9.999999997562343257e-01
9.999999999558299990e-01
9.999999999558299990e-01
9.999999999558299990e-01
9.999999999997746247e-01
9.999999968438033626e-01
6.839595453810862990e-06
9.921019304714593368e-01
9.999999999558299990e-01
9.999999999558299990e-01
9.921019304714593368e-01
9.999999999558299990e-01
5.843518221414900626e-01
9.999999999558299990e-01
9.999999999558299990e-01
1.000000000000000000e+00
9.999999999558299990e-01
5.843518221414900626e-01
1.000000000000000000e+00
9.999999999558299990e-01
9.999999999558299990e-01
5.843518221414900626e-01
9.999999999558299990e-01
9.999851302337668946e-01
1.000000000000000000e+00
9.999999999558299990e-01
6.839595453810862990e-06
9.999999999558299990e-01
9.999999999558299990e-01
9.999999999558299990e-01
9.999999999558299990e-01
9.999999999984885424e-01
5.843518221414900626e-01
9.999999999558299990e-01
9.999979521316615383e-01
7.469764969460746145e-09
5.843518221414900626e-01
9.999999999558299990e-01
9.999999999997746247e-01
9.999999999558299990e-01
9.999999999997746247e-01
9.999999998938038370e-01
1.000000000000000000e+00
1.000000000000000000e+00
9.999999999558299990e-01
9.999999999997746247e-01
3.040911894502655740e-04
7.125719829859692225e-03
2.032194092432931836e-07
9.999999999558299990e-01
9.999999999997746247e-01
9.999999999997746247e-01
9.999999999558299990e-01
9.999999999558299990e-01
9.999999999997746247e-01
5.843518221414900626e-01
9.999999999997746247e-01
9.999999999951378893e-01
9.999999999558299990e-01
9.999999999999964473e-01
9.999999999558299990e-01
3.492658253482629482e-01
9.999999999994884092e-01
9.999999999994884092e-01
9.999999999882052126e-01
9.999999999994884092e-01
9.999999999999362732e-01
9.999999999993431921e-01
3.492658253482629482e-01
3.812986715340653273e-09
9.999999999994884092e-01
9.999999999882052126e-01
9.999999999994884092e-01
9.999999999994884092e-01
7.794968169629119445e-05
9.999999999994884092e-01
9.999999999994884092e-01
8.187436223340655802e-08
9.999999999994884092e-01
9.999999999994875211e-01
9.999999999994884092e-01
9.999999999994884092e-01
9.999999999932074335e-01
9.999999999994884092e-01
9.999999999994884092e-01
1.000000000000000000e+00
1.000000000000000000e+00
9.999999999882052126e-01
9.999999999994884092e-01
9.999999999994884092e-01
7.794968169629119445e-05
9.999999999994884092e-01
9.252337852368790472e-01
3.812986715340653273e-09
7.794968169629119445e-05
1.000000000000000000e+00
9.999999999999973355e-01
9.999999999999940048e-01
3.492658253482629482e-01
3.492658253482629482e-01
9.999999999882052126e-01
9.999999999994884092e-01
3.492658253482629482e-01
3.812986715340653273e-09
9.999999999994884092e-01
1.000000000000000000e+00
9.999999999994884092e-01
3.492658253482629482e-01
9.999999999882052126e-01
9.999999999882052126e-01
1.000000000000000000e+00
1.000000000000000000e+00
9.999999999882300816e-01
9.999999999994884092e-01
7.794968169629119445e-05
9.999999999994884092e-01
9.252337852368790472e-01
9.999999999994884092e-01
3.492658253482629482e-01
9.999999999882052126e-01
9.999999999882052126e-01
9.991242855239172993e-01
2.912897336088801075e-05
9.999999998197999229e-01
9.639517243846522788e-08
1.358295533676965449e-08
1.976906239031551299e-02
9.999999998197999229e-01
9.999999990855150678e-01
9.999999965636978683e-01
3.990765084611259117e-01
9.999999999989217514e-01
8.249851612151202218e-01
3.958342300128799528e-03
9.999999999999997780e-01
9.999999998197999229e-01
9.999999998197999229e-01
2.912897336090705544e-05
9.999999998197999229e-01
1.000000000000000000e+00
9.999999965636978683e-01
1.000000000000000000e+00
9.999999998197999229e-01
9.999999998197999229e-01
9.999999998197999229e-01
3.990765084611259117e-01
9.999999998197999229e-01
9.999999998197999229e-01
9.999999984425922417e-01
9.999999998197999229e-01
9.999999998197999229e-01
1.000000000000000000e+00
9.999999999989217514e-01
9.999999998197999229e-01
9.999999999999920064e-01
9.999999965636978683e-01
9.999999965636978683e-01
9.999999998197999229e-01
9.999999999999997780e-01
9.999999998197999229e-01
9.999999998197999229e-01
9.999999998197999229e-01
3.990765084611259117e-01
1.358066503924718730e-08
9.991242855239172993e-01
9.999999837655264567e-01
9.268154008452051951e-01
9.999999965636978683e-01
9.999999998197999229e-01
3.990765084611259117e-01
1.358066503924718730e-08
1.358066503924718730e-08
9.999999998197999229e-01
9.999999999122748395e-01
9.999999998197999229e-01
9.999999965636978683e-01
3.990765084611259117e-01
9.999999238360071097e-01
9.999999965636978683e-01
9.999999998197999229e-01
9.999999998197999229e-01
9.999968539084301833e-01
9.999968536177822331e-01
9.998732485867385389e-01
9.825780077162692416e-01
9.999999981446634489e-01
1.000000000000000000e+00
9.867401638117935248e-01
1.175659798118178555e-06
9.999999999893609548e-01
9.902599946658333652e-01
5.598594899559408145e-01
1.000000000000000000e+00
9.999999999893609548e-01
9.999999981446634489e-01
9.999999999999817923e-01
9.999999981446634489e-01
1.175659798118178555e-06
9.808624962595857699e-01
9.999999991496377749e-01
9.999999999893609548e-01
9.999999981446634489e-01
9.999999981315936814e-01
9.999999981446634489e-01
9.999999999893609548e-01
9.999999981446638930e-01
5.598594899559408145e-01
9.999999981446634489e-01
9.999999981446634489e-01
5.598594899559408145e-01
2.178198287810123070e-03
9.999999999893609548e-01
9.999999981446634489e-01
9.999999981446634489e-01
9.808624874939760874e-01
9.999999981446634489e-01
7.161686301104156493e-01
5.598594899559408145e-01
9.999999999893609548e-01
4.410808159183802583e-06
9.999999981446634489e-01
1.000000000000000000e+00
1.000000000000000000e+00
9.999999999893609548e-01
9.999968539084428398e-01
9.989093009945696489e-01
4.019351748031104092e-09
9.999999981446634489e-01
2.651555038002325365e-08
9.999999999893609548e-01
2.651555038002325365e-08
9.999999999999817923e-01
1.000000000000000000e+00
9.999999981446634489e-01
9.999968539477055440e-01
9.999968539084428398e-01
9.999999999893609548e-01
5.598594899559408145e-01
9.955121556773085523e-01
9.999999981446634489e-01
5.598594899559408145e-01
2.000149532294200061e-02
9.945807349429468536e-01
9.945807349429468536e-01
9.725836343791149918e-01
9.953004604653949983e-01
7.784823378510729031e-01
1.289925238364013349e-02
9.947639574946670615e-01
8.499857059442182949e-01
9.947639574946670615e-01
1.933483945752989541e-02
1.933483945752989541e-02
1.933483945752989541e-02
2.000149532294200061e-02
1.933483945752989541e-02
2.000149532294200061e-02
9.686357967190609708e-01
2.291854323776784941e-01
2.000149532294200061e-02
9.964015292963210868e-01
1.933483945752989541e-02
2.000149532294200061e-02
3.597733615200198742e-01
2.000149532294200061e-02
2.000149532294200061e-02
1.933483945752989541e-02
1.573525981255441755e-02
9.333090453651501917e-02
1.933483945752989541e-02
1.933483945752989541e-02
1.933483945752989541e-02
8.040114570072001143e-01
2.000149532294200061e-02
2.000149532294200061e-02
2.275383276293225024e-02
8.935711786797779776e-01
1.334703237923540696e-02
2.199749981538336521e-02
1.933483945752989541e-02
9.964015292963210868e-01
2.000149532294200061e-02
1.933483945752989541e-02
9.934132698775902659e-01
9.860164191760667496e-01
1.933483945752989541e-02
1.933483945752989541e-02
6.468414339842984973e-01
9.947639574946670615e-01
1.933483945752989541e-02
2.000149532294200061e-02
1.289925238364013349e-02
1.797941772418352319e-02
1.933483945752989541e-02
1.933483945752989541e-02
1.933483945752989541e-02
1.933483945752989541e-02
2.000149532292412949e-02
1.933483945752989541e-02
2.000149532294200061e-02
2.000149532294200061e-02
9.935534580611914413e-01
1.685192173857496048e-02
1.685192173857496048e-02
9.937468277618088930e-01
1.463106325545511337e-02
1.736731345552416581e-02
1.126066018016882476e-02
9.927883475949454972e-01
1.736731345552416581e-02
2.972072849046895546e-02
1.685192173857496048e-02
2.184906806001765678e-02
1.685192173857496048e-02
1.736731339990744277e-02
1.685192173857496048e-02
1.685192173857496048e-02
1.736731345552416581e-02
2.184906806001765678e-02
1.736731345552416581e-02
1.141080077261573678e-01
1.685192173857496048e-02
1.685192176664753946e-02
1.685192173857496048e-02
3.896895040977423896e-01
1.685192173857496048e-02
1.685192173857496048e-02
1.736731345552416581e-02
9.937468277618088930e-01
1.736731345552416581e-02
1.736731345552416581e-02
1.685192173857496048e-02
3.406619933493245655e-01
9.909030690851903245e-01
1.685192173857496048e-02
1.685192173857496048e-02
1.685192173857496048e-02
1.935595896913458805e-02
9.477378280416328682e-01
1.685192173857496048e-02
1.685192173857496048e-02
9.925655601142465700e-01
1.685192173857496048e-02
1.736731345552416581e-02
1.507957498102842700e-02
9.206251395513219693e-01
1.685234260912028131e-02
1.685192173857496048e-02
1.685192173857496048e-02
1.736731345552416581e-02
9.855222690968366006e-01
1.685192173857496048e-02
1.736731345552416581e-02
2.972072849047338941e-02
9.189142461450572341e-01
1.736731345552416581e-02
1.736731345552416581e-02
1.685192173857496048e-02
9.836358700954628276e-01
6.897187515258557111e-01
1.685192173857496048e-02
