6.807253502200732911e-04
6.807253498686565872e-04
9.967990942070292792e-01
6.917926175832497240e-04
6.808049043946360268e-04
6.796818956185396313e-04
6.665993880482326854e-04
9.996552269593005358e-01
6.807253498649038382e-04
9.998818607101708222e-01
8.237991613293622548e-04
9.996347290351494941e-01
6.807257639720210333e-04
6.827440173540721665e-04
6.808089160606241438e-04
6.806107414669733272e-04
6.620269322905146655e-04
6.612522650121873020e-04
6.973391022287304172e-04
6.815058107517983806e-04
6.813779897749067203e-04
6.808393298533185192e-04
6.807655695023338057e-04
6.807257713760822299e-04
6.815153415389721761e-04
6.808052729476923729e-04
9.284841392577273481e-04
6.807434149580786787e-04
6.807253498649026456e-04
6.807294112701832000e-04
6.970935374556012660e-04
6.808950608276107897e-04
6.807401334721001167e-04
7.580549045588442537e-04
6.807454269909305302e-04
6.820066159417109133e-04
6.807276951217807771e-04
6.807253499783624514e-04
6.807378747477989874e-04
