7.389617263593893041e-04
7.450968787714292102e-04
9.999657407786266550e-01
7.611663421386792279e-04
7.635167550996295243e-04
7.577513913008083546e-04
9.998551942705866669e-01
7.639198136911031596e-04
7.575402146470074311e-04
7.575076527138044835e-04
7.660079588274321376e-04
7.170020554087888891e-04
7.643727287900964470e-04
7.613319415827853390e-04
7.609704157820428288e-04
7.574887504066920348e-04
7.574831993265798572e-04
7.670774574128589067e-04
8.715476160800892562e-04
7.608947015537015487e-04
7.611720058404882047e-04
7.642968929265802529e-04
7.712632390419587583e-04
7.690279385663258225e-04
8.316624304288552580e-04
7.588686835768859587e-04
7.620920478330464641e-04
7.622980432794462281e-04
9.999558935856360797e-01
7.582729066888610828e-04
7.296866986081549473e-04
7.029064421702385700e-04
7.633284855284890166e-04
7.630280560738982509e-04
9.999533877870876442e-01
9.999559565765053781e-01
6.717282577784713287e-04
9.999520589860171338e-01
7.652806458737440457e-04
