3.025610919747231042e-04
9.978658078253929142e-01
3.020370595182803953e-04
3.027376635655244395e-04
3.022362161184222011e-04
3.027385525445960564e-04
3.027385530283553563e-04
9.979376825410990470e-01
3.027385340464745648e-04
2.913196037195860491e-04
3.027423247735227954e-04
2.747138397722638774e-04
4.099813328212422088e-04
3.027364054006584197e-04
9.895244475770706982e-01
3.027385530283334012e-04
3.027385523213147562e-04
2.948131186344691082e-04
3.027112491409425727e-04
9.978845154208286772e-01
3.027385531420236000e-04
3.027385530283334012e-04
3.027385530283473875e-04
3.005130091004443844e-04
2.702864392763877329e-04
2.610210098842419778e-04
2.683505464035476694e-04
3.011507048300610979e-04
3.027385530283334012e-04
9.974266021668608539e-01
3.027385530283334012e-04
9.970718846843031891e-01
3.027385530308837158e-04
3.027385530283334012e-04
3.027385530283334012e-04
3.027385530283334012e-04
3.022334536379092510e-04
2.656619987851774919e-04
3.027385530283334012e-04
