7.100936545738056058e-04
1.218368260301040760e-03
7.164382867046885416e-04
7.130676578675643066e-04
7.100313697191510927e-04
7.100019537826401418e-04
4.344213448329789506e-02
7.216051140752263162e-04
7.121815992002204646e-04
7.229598204461862646e-04
9.999242839618295298e-01
9.999457384504475410e-01
9.979785257673192689e-01
7.256498306524164022e-04
9.999524333072041804e-01
9.999423904768851568e-01
6.862212064546192305e-04
7.138185917021786430e-04
7.292974436240607251e-04
7.121634495011954120e-04
7.226267677541496192e-04
7.184475856415096671e-04
7.103580062645489020e-04
7.273568667300158493e-04
7.272655806099877652e-04
6.867687712201082104e-04
7.103740017028663083e-04
9.999485618452743640e-01
7.385128804799905456e-04
6.868656357084703930e-04
9.999557619492541738e-01
7.305166394404629922e-04
2.605211974810137457e-02
7.097851349040960271e-04
9.999335196458667419e-01
7.109564872693546408e-04
7.097795732515369601e-04
7.177685217394773895e-04
7.065164587790745410e-04
7.565108714443396012e-04
