3.307186488642180800e-04
3.240940390651688829e-04
3.961686727110730094e-04
3.178946797493903366e-04
3.300728035500050659e-04
9.995281471787981209e-01
3.299745117864810555e-04
3.217290308313110105e-04
3.308702538276973946e-04
3.238492773193334270e-04
3.301730867215629936e-04
3.302577533394885343e-04
3.027316098907031927e-04
9.581616758296739311e-01
3.303649742075823181e-04
3.254391374747045928e-04
3.240363021601930108e-04
3.181626911946282602e-04
9.995128295356264791e-01
9.995192093053349991e-01
3.276860770135042364e-04
3.304460034741344191e-04
9.995686427134736762e-01
5.659211355251919174e-04
3.192757578243392465e-04
9.996629473401446031e-01
3.297003455566389581e-04
3.289467523653530606e-04
3.261411536199276037e-04
3.305030828830337730e-04
3.291487980668166523e-04
3.305382517480559535e-04
3.289367870946482975e-04
3.236230256806289980e-04
3.305808567856700496e-04
3.280199586083400913e-04
3.282737420524306981e-04
3.264892043894043381e-04
2.927175919934449431e-04
