9.993947387561605833e-01
9.746178577192028962e-05
9.746185239662900999e-05
9.994223978699071642e-01
9.746185239639738374e-05
9.746184065119764095e-05
9.746185239662918617e-05
9.746185239662936235e-05
9.744559778667842033e-05
9.994823108248152010e-01
9.664974018455246016e-05
1.176909462178906952e-04
9.745933878663918073e-05
9.814019395905124732e-01
9.410052678602082101e-05
9.746185239662970116e-05
9.746090120066066523e-05
9.745918757134124772e-05
9.994397533132782785e-01
9.746139655442836742e-05
9.418127504083260960e-05
4.996594514000651244e-01
9.746185239662936235e-05
1.029968481307739597e-04
9.744880197908232481e-05
9.746025020801165001e-05
9.746185239538780179e-05
9.746175758432763520e-05
9.746180976622588260e-05
9.746179303893759980e-05
9.746184153231835174e-05
9.746185239662970116e-05
9.746023140310713061e-05
9.746185239662555409e-05
8.525189739898898246e-05
9.452292630512857633e-05
9.451255471923524659e-05
9.746185239363350846e-05
9.746185239282611666e-05
