5.555591085565515092e-04
5.555655575654452547e-04
5.546489687679226864e-04
9.999990202684547747e-01
5.555822114367338924e-04
5.555652228790411212e-04
5.555688849463825485e-04
9.999990723079490440e-01
4.964194489963472687e-04
5.555591063671472523e-04
5.552227289618353028e-04
5.555776099122757645e-04
5.555591063672207612e-04
5.555634300668768795e-04
5.557207936604829273e-04
5.555594744447837647e-04
4.849247548114390136e-04
5.543388149181513284e-04
5.555875724897029605e-04
5.555891426487132587e-04
5.832927588140857968e-04
9.999991040064232228e-01
9.999992143077418572e-01
5.509021276124474427e-04
5.555407265297060632e-04
5.556611656460433684e-04
5.558129006162331040e-04
9.999990872527859676e-01
9.999988959709934511e-01
5.556028713566398209e-04
5.555602067041988694e-04
5.556801734159042688e-04
9.999986823591244800e-01
9.999979670139863552e-01
5.556714606610732923e-04
9.999990380850596328e-01
4.402707441123855170e-04
5.555665528041025831e-04
5.557824937416994343e-04
5.555649976873385963e-04
