4.866020711027136021e-04
7.059488401441382788e-02
5.414786716439807428e-04
9.992788642714897085e-01
5.304632074336206341e-04
5.303462254579600346e-04
5.304590229614931105e-04
4.790636164971049976e-04
5.304985732550662617e-04
5.306404823622797593e-04
5.299247532909817605e-04
5.304590229615638005e-04
4.810406501048325044e-04
5.304590379859343285e-04
5.018667653083546754e-04
5.025597821309512291e-04
5.304590615171880970e-04
6.096699482887996645e-04
5.301168520248525449e-04
5.304610460644500810e-04
6.088789044862267814e-04
9.971650986697783159e-01
9.994467782626098584e-01
5.304590232529807561e-04
5.305049252972306563e-04
5.307038459086080165e-04
5.416058879220891692e-04
5.303818637951308174e-04
5.304866140637936722e-04
5.304324968981540857e-04
5.307091144721441970e-04
5.306223025509275784e-04
9.992367413410141452e-01
5.305133706136110159e-04
9.988142246015631054e-01
5.306840305597434462e-04
9.990465606328078341e-01
9.993400418675600916e-01
5.282827952288517712e-04
