3.923338786308847091e-05
3.838292199891898428e-05
3.540512032404723191e-05
9.954733562396731461e-01
3.871177498549905602e-05
9.943519696352115522e-01
3.858820149561967251e-05
3.838331667205191814e-05
3.847261579209827574e-05
9.291219005901479042e-04
3.838551626905707220e-05
3.838292199755260494e-05
3.838292201373227593e-05
9.870528861023182277e-01
3.829817640755763398e-05
3.838292478395653181e-05
3.838292199906394211e-05
3.049523938446788447e-05
3.838292233799517030e-05
3.116696934344513126e-05
3.871297639960120430e-05
3.838300557662083180e-05
3.845461716018350103e-05
3.841414114765665449e-05
3.908127163901176765e-05
3.849166284705882461e-05
3.838297322089034407e-05
3.851781791655993801e-05
3.839400875696601009e-05
3.847316984233033356e-05
3.838292199755294375e-05
3.838293909389132682e-05
3.115098345411050466e-05
3.840105242231134499e-05
3.852289935366198564e-05
3.838336480131478168e-05
5.495559277287536613e-05
3.839142049311782256e-05
3.838292311855644808e-05
