1.498946636451479081e-05
1.494949711879526113e-05
1.290422954119432583e-05
1.495298983690476311e-05
1.246606208241856753e-05
1.499046321478862119e-05
9.901211782057511845e-01
1.120989202507843885e-05
1.494962286392986050e-05
1.216896005668182407e-05
1.425943166504104996e-05
1.495396391209006317e-05
1.685378411812244845e-05
1.494952849498238966e-05
1.494949215177976052e-05
1.494949095240451919e-05
1.495863682179716375e-05
1.495148599526676036e-05
1.498278242453185169e-05
1.494949197130825770e-05
1.443128496364230761e-05
1.495214662074660584e-05
1.494949094280182695e-05
1.499120832783021422e-05
1.526081738082803697e-05
1.177127912484884087e-05
9.915956523783644450e-01
1.180090702311723499e-05
1.455693003335886956e-05
1.494949094248778779e-05
1.495086059638639787e-05
1.499791761802105318e-05
1.271830113457519629e-05
1.495588164675033307e-05
1.495073466643929927e-05
1.495324088884421013e-05
9.915267677374528521e-01
1.429030966983970318e-05
1.453693067218046967e-05
9.893012344201673747e-01
