6.807253502200732911e-04
6.807253498686565872e-04
9.967990942070292792e-01
6.917926175832497240e-04
6.808049043946360268e-04
6.796818956185396313e-04
6.665993880482326854e-04
9.996552269593005358e-01
6.807253498649038382e-04
9.998818607101708222e-01
8.237991613293622548e-04
9.996347290351494941e-01
6.807257639720210333e-04
6.827440173540721665e-04
6.808089160606241438e-04
6.806107414669733272e-04
6.620269322905146655e-04
6.612522650121873020e-04
6.973391022287304172e-04
6.815058107517983806e-04
6.813779897749067203e-04
6.808393298533185192e-04
6.807655695023338057e-04
6.807257713760822299e-04
6.815153415389721761e-04
6.808052729476923729e-04
9.284841392577273481e-04
6.807434149580786787e-04
6.807253498649026456e-04
6.807294112701832000e-04
6.970935374556012660e-04
6.808950608276107897e-04
6.807401334721001167e-04
7.580549045588442537e-04
6.807454269909305302e-04
6.820066159417109133e-04
6.807276951217807771e-04
6.807253499783624514e-04
6.807378747477989874e-04
7.389617263593893041e-04
7.450968787714292102e-04
9.999657407786266550e-01
7.611663421386792279e-04
7.635167550996295243e-04
7.577513913008083546e-04
9.998551942705866669e-01
7.639198136911031596e-04
7.575402146470074311e-04
7.575076527138044835e-04
7.660079588274321376e-04
7.170020554087888891e-04
7.643727287900964470e-04
7.613319415827853390e-04
7.609704157820428288e-04
7.574887504066920348e-04
7.574831993265798572e-04
7.670774574128589067e-04
8.715476160800892562e-04
7.608947015537015487e-04
7.611720058404882047e-04
7.642968929265802529e-04
7.712632390419587583e-04
7.690279385663258225e-04
8.316624304288552580e-04
7.588686835768859587e-04
7.620920478330464641e-04
7.622980432794462281e-04
9.999558935856360797e-01
7.582729066888610828e-04
7.296866986081549473e-04
7.029064421702385700e-04
7.633284855284890166e-04
7.630280560738982509e-04
9.999533877870876442e-01
9.999559565765053781e-01
6.717282577784713287e-04
9.999520589860171338e-01
7.652806458737440457e-04
3.025610919747231042e-04
9.978658078253929142e-01
3.020370595182803953e-04
3.027376635655244395e-04
3.022362161184222011e-04
3.027385525445960564e-04
3.027385530283553563e-04
9.979376825410990470e-01
3.027385340464745648e-04
2.913196037195860491e-04
3.027423247735227954e-04
2.747138397722638774e-04
4.099813328212422088e-04
3.027364054006584197e-04
9.895244475770706982e-01
3.027385530283334012e-04
3.027385523213147562e-04
2.948131186344691082e-04
3.027112491409425727e-04
9.978845154208286772e-01
3.027385531420236000e-04
3.027385530283334012e-04
3.027385530283473875e-04
3.005130091004443844e-04
2.702864392763877329e-04
2.610210098842419778e-04
2.683505464035476694e-04
3.011507048300610979e-04
3.027385530283334012e-04
9.974266021668608539e-01
3.027385530283334012e-04
9.970718846843031891e-01
3.027385530308837158e-04
3.027385530283334012e-04
3.027385530283334012e-04
3.027385530283334012e-04
3.022334536379092510e-04
2.656619987851774919e-04
3.027385530283334012e-04
7.100936545738056058e-04
1.218368260301040760e-03
7.164382867046885416e-04
7.130676578675643066e-04
7.100313697191510927e-04
7.100019537826401418e-04
4.344213448329789506e-02
7.216051140752263162e-04
7.121815992002204646e-04
7.229598204461862646e-04
9.999242839618295298e-01
9.999457384504475410e-01
9.979785257673192689e-01
7.256498306524164022e-04
9.999524333072041804e-01
9.999423904768851568e-01
6.862212064546192305e-04
7.138185917021786430e-04
7.292974436240607251e-04
7.121634495011954120e-04
7.226267677541496192e-04
7.184475856415096671e-04
7.103580062645489020e-04
7.273568667300158493e-04
7.272655806099877652e-04
6.867687712201082104e-04
7.103740017028663083e-04
9.999485618452743640e-01
7.385128804799905456e-04
6.868656357084703930e-04
9.999557619492541738e-01
7.305166394404629922e-04
2.605211974810137457e-02
7.097851349040960271e-04
9.999335196458667419e-01
7.109564872693546408e-04
7.097795732515369601e-04
7.177685217394773895e-04
7.065164587790745410e-04
7.565108714443396012e-04
3.307186488642180800e-04
3.240940390651688829e-04
3.961686727110730094e-04
3.178946797493903366e-04
3.300728035500050659e-04
9.995281471787981209e-01
3.299745117864810555e-04
3.217290308313110105e-04
3.308702538276973946e-04
3.238492773193334270e-04
3.301730867215629936e-04
3.302577533394885343e-04
3.027316098907031927e-04
9.581616758296739311e-01
3.303649742075823181e-04
3.254391374747045928e-04
3.240363021601930108e-04
3.181626911946282602e-04
9.995128295356264791e-01
9.995192093053349991e-01
3.276860770135042364e-04
3.304460034741344191e-04
9.995686427134736762e-01
5.659211355251919174e-04
3.192757578243392465e-04
9.996629473401446031e-01
3.297003455566389581e-04
3.289467523653530606e-04
3.261411536199276037e-04
3.305030828830337730e-04
3.291487980668166523e-04
3.305382517480559535e-04
3.289367870946482975e-04
3.236230256806289980e-04
3.305808567856700496e-04
3.280199586083400913e-04
3.282737420524306981e-04
3.264892043894043381e-04
2.927175919934449431e-04
9.993947387561605833e-01
9.746178577192028962e-05
9.746185239662900999e-05
9.994223978699071642e-01
9.746185239639738374e-05
9.746184065119764095e-05
9.746185239662918617e-05
9.746185239662936235e-05
9.744559778667842033e-05
9.994823108248152010e-01
9.664974018455246016e-05
1.176909462178906952e-04
9.745933878663918073e-05
9.814019395905124732e-01
9.410052678602082101e-05
9.746185239662970116e-05
9.746090120066066523e-05
9.745918757134124772e-05
9.994397533132782785e-01
9.746139655442836742e-05
9.418127504083260960e-05
4.996594514000651244e-01
9.746185239662936235e-05
1.029968481307739597e-04
9.744880197908232481e-05
9.746025020801165001e-05
9.746185239538780179e-05
9.746175758432763520e-05
9.746180976622588260e-05
9.746179303893759980e-05
9.746184153231835174e-05
9.746185239662970116e-05
9.746023140310713061e-05
9.746185239662555409e-05
8.525189739898898246e-05
9.452292630512857633e-05
9.451255471923524659e-05
9.746185239363350846e-05
9.746185239282611666e-05
5.555591085565515092e-04
5.555655575654452547e-04
5.546489687679226864e-04
9.999990202684547747e-01
5.555822114367338924e-04
5.555652228790411212e-04
5.555688849463825485e-04
9.999990723079490440e-01
4.964194489963472687e-04
5.555591063671472523e-04
5.552227289618353028e-04
5.555776099122757645e-04
5.555591063672207612e-04
5.555634300668768795e-04
5.557207936604829273e-04
5.555594744447837647e-04
4.849247548114390136e-04
5.543388149181513284e-04
5.555875724897029605e-04
5.555891426487132587e-04
5.832927588140857968e-04
9.999991040064232228e-01
9.999992143077418572e-01
5.509021276124474427e-04
5.555407265297060632e-04
5.556611656460433684e-04
5.558129006162331040e-04
9.999990872527859676e-01
9.999988959709934511e-01
5.556028713566398209e-04
5.555602067041988694e-04
5.556801734159042688e-04
9.999986823591244800e-01
9.999979670139863552e-01
5.556714606610732923e-04
9.999990380850596328e-01
4.402707441123855170e-04
5.555665528041025831e-04
5.557824937416994343e-04
5.555649976873385963e-04
4.866020711027136021e-04
7.059488401441382788e-02
5.414786716439807428e-04
9.992788642714897085e-01
5.304632074336206341e-04
5.303462254579600346e-04
5.304590229614931105e-04
4.790636164971049976e-04
5.304985732550662617e-04
5.306404823622797593e-04
5.299247532909817605e-04
5.304590229615638005e-04
4.810406501048325044e-04
5.304590379859343285e-04
5.018667653083546754e-04
5.025597821309512291e-04
5.304590615171880970e-04
6.096699482887996645e-04
5.301168520248525449e-04
5.304610460644500810e-04
6.088789044862267814e-04
9.971650986697783159e-01
9.994467782626098584e-01
5.304590232529807561e-04
5.305049252972306563e-04
5.307038459086080165e-04
5.416058879220891692e-04
5.303818637951308174e-04
5.304866140637936722e-04
5.304324968981540857e-04
5.307091144721441970e-04
5.306223025509275784e-04
9.992367413410141452e-01
5.305133706136110159e-04
9.988142246015631054e-01
5.306840305597434462e-04
9.990465606328078341e-01
9.993400418675600916e-01
5.282827952288517712e-04
3.923338786308847091e-05
3.838292199891898428e-05
3.540512032404723191e-05
9.954733562396731461e-01
3.871177498549905602e-05
9.943519696352115522e-01
3.858820149561967251e-05
3.838331667205191814e-05
3.847261579209827574e-05
9.291219005901479042e-04
3.838551626905707220e-05
3.838292199755260494e-05
3.838292201373227593e-05
9.870528861023182277e-01
3.829817640755763398e-05
3.838292478395653181e-05
3.838292199906394211e-05
3.049523938446788447e-05
3.838292233799517030e-05
3.116696934344513126e-05
3.871297639960120430e-05
3.838300557662083180e-05
3.845461716018350103e-05
3.841414114765665449e-05
3.908127163901176765e-05
3.849166284705882461e-05
3.838297322089034407e-05
3.851781791655993801e-05
3.839400875696601009e-05
3.847316984233033356e-05
3.838292199755294375e-05
3.838293909389132682e-05
3.115098345411050466e-05
3.840105242231134499e-05
3.852289935366198564e-05
3.838336480131478168e-05
5.495559277287536613e-05
3.839142049311782256e-05
3.838292311855644808e-05
1.498946636451479081e-05
1.494949711879526113e-05
1.290422954119432583e-05
1.495298983690476311e-05
1.246606208241856753e-05
1.499046321478862119e-05
9.901211782057511845e-01
1.120989202507843885e-05
1.494962286392986050e-05
1.216896005668182407e-05
1.425943166504104996e-05
1.495396391209006317e-05
1.685378411812244845e-05
1.494952849498238966e-05
1.494949215177976052e-05
1.494949095240451919e-05
1.495863682179716375e-05
1.495148599526676036e-05
1.498278242453185169e-05
1.494949197130825770e-05
1.443128496364230761e-05
1.495214662074660584e-05
1.494949094280182695e-05
1.499120832783021422e-05
1.526081738082803697e-05
1.177127912484884087e-05
9.915956523783644450e-01
1.180090702311723499e-05
1.455693003335886956e-05
1.494949094248778779e-05
1.495086059638639787e-05
1.499791761802105318e-05
1.271830113457519629e-05
1.495588164675033307e-05
1.495073466643929927e-05
1.495324088884421013e-05
9.915267677374528521e-01
1.429030966983970318e-05
1.453693067218046967e-05
9.893012344201673747e-01
