9.999999999770190495e-01
9.999999999771027603e-01
6.224593310976421767e-01
9.999999996351396359e-01
9.999999999771027603e-01
9.999999999771027603e-01
9.999999999771027603e-01
9.999999999891839852e-01
9.999999999771027603e-01
9.999999999891839852e-01
6.224593310976421767e-01
9.999999999840614162e-01
9.999999999771027603e-01
9.634955288736158918e-01
9.999999999771027603e-01
9.999999999771027603e-01
9.999999999771027603e-01
9.999999999771027603e-01
6.224593310976421767e-01
9.999999999770901038e-01
9.999999999771027603e-01
9.999999999771027603e-01
9.999999999771027603e-01
9.999999999771027603e-01
9.999999999771027603e-01
9.999999881649547229e-01
9.999999999821675978e-01
9.999999999771027603e-01
9.999999999771027603e-01
9.999999999771027603e-01
9.837369511193464477e-01
9.999999999771025383e-01
9.999999999771027603e-01
9.999999997930815177e-01
9.999999999771027603e-01
9.999980895124713776e-01
9.999999999771027603e-01
9.999999999473399015e-01
9.999999999771027603e-01
9.999999999771027603e-01
9.999999999771027603e-01
9.999999999889344071e-01
9.999999999771027603e-01
9.999999999771027603e-01
9.999999999771027603e-01
9.241418198233188885e-01
9.999999999771027603e-01
9.999999999771027603e-01
9.999999999771027603e-01
9.999999999691893127e-01
5.621765008312240575e-01
9.999999999771025383e-01
9.999999583400078773e-01
9.999999999771025383e-01
9.999999999771027603e-01
9.999999999622486424e-01
9.999999999771027603e-01
9.999999999771027603e-01
9.999999999771027603e-01
9.999999999771027603e-01
9.999999999771027603e-01
9.999999999771027603e-01
9.999995491911427559e-01
9.999999999771027603e-01
