9.999999999771027603e-01
9.999999999771027603e-01
9.999999999705986298e-01
9.999999999891839852e-01
9.999999999771027603e-01
9.999999999771027603e-01
9.999999999860043065e-01
9.999999999771027603e-01
9.999999999771027603e-01
9.999999999891839852e-01
9.422691575908105355e-01
9.241418197929895939e-01
9.999999999891839852e-01
9.999999999771027603e-01
9.999999999702398057e-01
9.999999999891839852e-01
9.999999999771027603e-01
9.999999999771027603e-01
9.999999999771027603e-01
9.999999804125617731e-01
9.999999999771027603e-01
9.999999999891839852e-01
9.999999999771027603e-01
9.999999999771027603e-01
9.999999999771027603e-01
9.999999999771027603e-01
9.999999999821675978e-01
9.999999999771027603e-01
9.999999999771027603e-01
9.999999999200805956e-01
9.999999999771027603e-01
8.519528017343507287e-01
9.999999999771027603e-01
9.999999999891839852e-01
9.999999999771023163e-01
9.999999999771027603e-01
9.999999999771027603e-01
9.999999999771027603e-01
9.999999999771027603e-01
9.999999999771027603e-01
9.999999999771027603e-01
9.999999999771027603e-01
9.999718380087557756e-01
9.999999999859048305e-01
9.999999999001758511e-01
9.999999999891802105e-01
9.999999999771027603e-01
9.999999997884818637e-01
9.999999999515263305e-01
9.999999999515263305e-01
9.999999999771027603e-01
9.525741266787774997e-01
9.999999999771027603e-01
9.999999999515258864e-01
9.999999999770992076e-01
9.999999999771027603e-01
9.999999999771027603e-01
9.999999999505924109e-01
9.999999999771027603e-01
5.624540525071874963e-01
9.999999999771027603e-01
9.999999999771027603e-01
9.999999999771027603e-01
9.999999599398716743e-01
