9.999999999891839852e-01
9.390031167922342492e-01
9.999999999771027603e-01
9.999999999891839852e-01
9.999999999891839852e-01
9.999999999771027603e-01
9.999999999771027603e-01
9.999999999771027603e-01
9.999999999771027603e-01
9.999999999771027603e-01
9.999999999771027603e-01
9.999999997883857183e-01
9.999999999771027603e-01
9.999999999771027603e-01
9.999999999771027603e-01
9.999999999771027603e-01
9.999999999891839852e-01
9.999999999771027603e-01
9.999999999771027603e-01
9.999999999891839852e-01
9.999999999771027603e-01
9.999999999891839852e-01
9.999999999771027603e-01
9.999999999891839852e-01
9.999999999771027603e-01
9.999999993720971592e-01
9.999999999771027603e-01
9.999999999771027603e-01
9.984819577211333508e-01
9.999999999376141258e-01
9.999999999771027603e-01
9.999998958445897035e-01
9.999999999533368822e-01
9.999999999771027603e-01
9.999999999891839852e-01
9.999999999771027603e-01
9.999999999771027603e-01
9.999999999771027603e-01
9.999999999705979636e-01
9.999999999607867007e-01
9.999999999524558092e-01
9.999999999771027603e-01
6.791788266811646935e-01
9.958894200831360788e-01
9.999999999771027603e-01
9.999999999771027603e-01
9.999999999771027603e-01
9.999999999891824309e-01
9.999999999891839852e-01
9.999999999771027603e-01
9.999999904692603581e-01
9.999999999891839852e-01
9.959298622595080808e-01
9.999999999771027603e-01
9.999999999891839852e-01
9.999999999771027603e-01
9.999999999771027603e-01
9.999999999771027603e-01
9.999999999771027603e-01
9.999999995001378483e-01
9.999999999771027603e-01
9.999999999771027603e-01
9.999999999771027603e-01
9.999999979387801385e-01
