9.999999999771027603e-01
9.999999999705919684e-01
9.999999999771027603e-01
9.999999999771089776e-01
9.999999999891839852e-01
9.999999999771027603e-01
9.999999999771027603e-01
9.999999999891693303e-01
9.999999999771027603e-01
9.999999677324434844e-01
9.999999999771027603e-01
9.999999973654298824e-01
9.999999999771027603e-01
9.999999999891839852e-01
9.999999999771027603e-01
9.999999999771027603e-01
9.999999999771025383e-01
9.999999999891839852e-01
9.999999999818973695e-01
9.999999999759172642e-01
9.999999999771027603e-01
9.999999999211053314e-01
9.999999999891839852e-01
9.999999999771027603e-01
9.999999999771027603e-01
5.621765008232374461e-01
9.999952106092356852e-01
9.999999741588794233e-01
9.999999999771027603e-01
9.999999999771027603e-01
9.999999999771027603e-01
9.984988175924529585e-01
9.999999997979511779e-01
9.999999999771027603e-01
9.999999586181597122e-01
9.999999999377584547e-01
9.999999999771027603e-01
9.999999999771027603e-01
9.999999997511379579e-01
9.999999999771027603e-01
9.999999999771027603e-01
9.999999999771027603e-01
9.999999999771027603e-01
9.999999999484270319e-01
9.999999999771027603e-01
9.999999999771027603e-01
9.999999999891839852e-01
9.999999999771027603e-01
9.999999999771027603e-01
9.999999999771027603e-01
9.999999999891839852e-01
9.999999999771027603e-01
9.999999999200803735e-01
9.999999999771027603e-01
9.999999997335038415e-01
9.999999999771027603e-01
9.999999999771027603e-01
9.999999999771027603e-01
9.999999999210209545e-01
9.999999999771027603e-01
9.999999999771027603e-01
9.999999999771027603e-01
9.999999999771027603e-01
9.626731125371370545e-01
