9.999999999891839852e-01
5.621765008099266492e-01
9.999999999771027603e-01
9.999999999771027603e-01
9.999999999771027603e-01
9.999999999771027603e-01
9.999999999891839852e-01
9.999999994494925826e-01
9.999999999771027603e-01
9.999999999771027603e-01
9.999999999771027603e-01
9.999999999771027603e-01
5.621765008099266492e-01
9.999999999771027603e-01
9.999999999891839852e-01
9.625239499328985815e-01
9.999999999771027603e-01
9.999999999771027603e-01
9.999999999771027603e-01
9.999999999819662033e-01
9.999999999891839852e-01
9.999707468126094456e-01
9.999999999891839852e-01
9.999999999771027603e-01
9.999999999771027603e-01
9.999999727746801126e-01
9.999999999820512464e-01
9.999999999771027603e-01
9.999999999771027603e-01
9.999999999771027603e-01
9.999999998973776449e-01
9.999999938175303527e-01
9.999999996020496607e-01
9.999999999771027603e-01
9.999999999771027603e-01
9.999999999705988518e-01
9.999999999771027603e-01
9.999999999771027603e-01
9.999999999771027603e-01
9.999999999771027603e-01
9.999999979369249559e-01
9.999999999891839852e-01
9.999999999771027603e-01
9.999999999771027603e-01
9.999999999771027603e-01
9.525744516566729825e-01
9.999999999771027603e-01
9.999999999771027603e-01
9.999999999771027603e-01
9.999999998291584369e-01
9.999999999771027603e-01
9.999999999891839852e-01
9.999999999771027603e-01
9.999999999891839852e-01
9.999999999771027603e-01
9.999999999891839852e-01
9.999999999891839852e-01
9.999999999475668311e-01
9.626731126719115794e-01
9.999999999377600091e-01
9.999999999771027603e-01
9.999999999874227274e-01
9.999999999771027603e-01
9.999999999891839852e-01
