9.999999999771027603e-01
9.999999999771027603e-01
9.999999999771027603e-01
9.999999999891839852e-01
9.999999999771027603e-01
9.999999979388463078e-01
9.999999999771027603e-01
9.999999999891839852e-01
9.999999999771027603e-01
9.999999999771027603e-01
9.999999999674786810e-01
9.999999999821667096e-01
9.999999999771027603e-01
9.999999999771027603e-01
9.999999999771027603e-01
9.999999999771027603e-01
9.999999999771005399e-01
9.999999999771027603e-01
9.999997543454608451e-01
9.999999999769686454e-01
9.999999999771027603e-01
9.999999999771027603e-01
9.999999999560469366e-01
9.999999999771027603e-01
9.999999999200803735e-01
9.999999999771027603e-01
9.997388096806815172e-01
9.999999999771027603e-01
9.999999999771027603e-01
9.999999999377584547e-01
9.999999999891766578e-01
9.999999999771027603e-01
9.999999999771027603e-01
9.999999999771027603e-01
9.999999999201740764e-01
9.999999999771027603e-01
9.999999999771027603e-01
9.999999999771027603e-01
9.999999999621784763e-01
9.999999999891839852e-01
9.990889388809579552e-01
9.999999999771027603e-01
9.999999999771027603e-01
9.999999999771027603e-01
9.999999998634907517e-01
9.999999999821675978e-01
9.999999999771027603e-01
9.999999999771027603e-01
9.999999999770994297e-01
9.999999999771027603e-01
9.999999999771027603e-01
9.999999999771027603e-01
9.999999999377584547e-01
9.999999999819539909e-01
9.999999999771027603e-01
9.999999999196445000e-01
9.999999999676423279e-01
9.999998874648363678e-01
9.999999999771027603e-01
9.999999999891839852e-01
9.999999999622486424e-01
9.999999999771027603e-01
9.999999999771027603e-01
9.999999907757669559e-01
