9.999999999771027603e-01
9.999999999771027603e-01
9.999999999771027603e-01
9.999999999771027603e-01
9.999999999771027603e-01
9.796789332948426798e-01
9.999999999771027603e-01
9.999999999766446823e-01
9.999999804443194806e-01
9.999999999515263305e-01
5.621765007060998132e-01
9.999999998330959539e-01
9.999999999771027603e-01
9.999999999771027603e-01
9.999999999515263305e-01
9.999999999891842073e-01
9.999999999771027603e-01
9.999999999771027603e-01
9.999999994094694866e-01
9.999999998923181366e-01
9.999998546360733265e-01
9.586476240714437713e-01
9.999999999891842073e-01
9.999999999891842073e-01
9.999999999706128406e-01
9.909631666855646115e-01
9.999999997210546887e-01
9.999999849775071947e-01
5.621765007060998132e-01
9.999999999771027603e-01
9.999999996935866609e-01
6.224593158906532864e-01
9.999999999200803735e-01
9.999999999891842073e-01
8.519528013237167574e-01
9.997965730168961729e-01
9.999999979177229825e-01
9.999999999771027603e-01
9.999999999771027603e-01
9.999999999861122202e-01
9.999949960142791028e-01
9.999999990263799265e-01
9.999999999515338800e-01
8.229306381134640080e-01
9.999999998729660611e-01
9.999999999674247242e-01
8.219744274319843447e-01
9.999999999821675978e-01
9.999999586006224073e-01
9.999999999771027603e-01
9.999999999706299381e-01
9.999999999377584547e-01
8.807970773646502938e-01
9.999999999891842073e-01
9.999999999771027603e-01
9.999999996418245107e-01
9.999999999771027603e-01
9.999999999771027603e-01
9.999999999515263305e-01
9.999999999767661407e-01
9.999999999771027603e-01
9.997900840983793280e-01
9.999999993020749489e-01
6.223993109072405439e-01
