9.999999999771027603e-01
5.621765007034393857e-01
9.999999999771098658e-01
5.621765007034393857e-01
9.999999999771027603e-01
9.999998551879915043e-01
6.224593309499700799e-01
9.999999907628417395e-01
9.999999999771027603e-01
9.999999677581320467e-01
9.999999999771027603e-01
5.621765007034393857e-01
9.999999999891839852e-01
9.999999999622486424e-01
9.999999468421475468e-01
9.999999999183823984e-01
9.999999999891839852e-01
9.988304897115768410e-01
9.859361043835443983e-01
9.999999999514419535e-01
9.999999999771027603e-01
9.999999999771027603e-01
9.999999995400943309e-01
9.402084192697075515e-01
9.999999999891839852e-01
9.999999999705992959e-01
9.999999999379167726e-01
9.999999999771027603e-01
9.990886715023971076e-01
9.999999999771027603e-01
6.224593372212594566e-01
9.999999999891839852e-01
5.621765007034393857e-01
9.999999999771027603e-01
9.999999999771027603e-01
9.999999999823105945e-01
9.046505345257204178e-01
9.826097024711363259e-01
9.999999999771027603e-01
9.999999999771120862e-01
9.525755055052590459e-01
9.999999999771027603e-01
5.913952798550980994e-01
9.999999727350187273e-01
9.972047894637853238e-01
9.999999999707118725e-01
9.999999999891839852e-01
9.999999999821673757e-01
9.999999999771027603e-01
5.621765007034472683e-01
9.241418194593638002e-01
9.999999999771014281e-01
9.999999999771027603e-01
9.999999988460464007e-01
9.999999999771027603e-01
9.999980895124189750e-01
9.999999999515263305e-01
9.999999999891839852e-01
9.999999999771027603e-01
9.999999999891839852e-01
9.999999999891839852e-01
9.999999999771027603e-01
9.996458045053886465e-01
9.999999999770796677e-01
