9.999999999622157798e-01
9.999999999771027603e-01
9.999999999891839852e-01
9.999999999890576419e-01
6.224593308536299219e-01
9.999999999891839852e-01
9.999999999771027603e-01
9.999999999771027603e-01
9.999999999891839852e-01
9.999999999891839852e-01
9.999999999891839852e-01
5.621765007034393857e-01
9.999999999771027603e-01
9.241418194593639113e-01
9.999999994259216596e-01
9.999999999821438390e-01
9.999999999891839852e-01
9.999999999771027603e-01
9.999999999771027603e-01
9.999999999515261084e-01
9.999999999891839852e-01
9.999999999891839852e-01
9.999999999771027603e-01
9.999999999771027603e-01
9.999999983859713115e-01
9.999999768650565946e-01
9.999999999705888598e-01
9.999999999891839852e-01
9.951735567143820127e-01
7.807574382373549948e-01
9.999999999891839852e-01
9.999999999771027603e-01
9.999999999891839852e-01
9.999999999771027603e-01
9.999999999891839852e-01
9.999999999771027603e-01
9.999999999891839852e-01
9.999999924972365895e-01
9.999999999891839852e-01
9.999416953838707878e-01
9.999999999891839852e-01
9.993331135527455666e-01
9.999999999821675978e-01
6.224359946184945258e-01
9.999999999891839852e-01
9.999999999891839852e-01
9.999999999771027603e-01
9.999999999891839852e-01
9.999999999771027603e-01
9.999999999045605659e-01
9.999999999891839852e-01
9.999999999891839852e-01
9.999999999771027603e-01
9.999999999891813207e-01
9.999999999771027603e-01
6.257697307529856978e-01
9.999999999771027603e-01
9.999999999442561460e-01
9.999999999771027603e-01
9.999999999891839852e-01
9.999999999891828750e-01
9.999999851216134772e-01
9.999999999705979636e-01
9.999550387403439711e-01
