9.999999999891839852e-01
9.999999999771027603e-01
9.999999999771027603e-01
9.999999986378522721e-01
7.310585780430792768e-01
9.046509578270601759e-01
9.999999999771027603e-01
9.999999999771027603e-01
9.999999999771027603e-01
9.999999999771027603e-01
9.999999999891839852e-01
9.947798742250573145e-01
9.241418194555726107e-01
9.999323997358561256e-01
9.999999999771027603e-01
9.999999999515274407e-01
9.999999999622486424e-01
9.999999999637751991e-01
9.999999999771027603e-01
9.999999999891839852e-01
9.999999999891839852e-01
9.999999999771027603e-01
9.999999999891839852e-01
9.999999999891839852e-01
8.209459459189912822e-01
9.999999999771027603e-01
9.525736272992477716e-01
9.999999988796344219e-01
5.621765007021083393e-01
9.999999999891839852e-01
9.999999999891839852e-01
9.999999999891839852e-01
9.999999999889956914e-01
9.241418194555726107e-01
9.046504635589088794e-01
9.999999999891839852e-01
5.621765007021083393e-01
9.999999999822597463e-01
9.994352321436956732e-01
9.999999960452961023e-01
6.212222833661357191e-01
9.999999999818538488e-01
9.999999999771027603e-01
8.517404710805791535e-01
5.621765012079634749e-01
9.999999847497640371e-01
9.999999999891839852e-01
9.999999999891839852e-01
9.999999999770969872e-01
9.999999999771027603e-01
9.999999999771027603e-01
9.999952092588474395e-01
9.999999999891839852e-01
9.999999999891839852e-01
9.726205600323230005e-01
9.999999999737834155e-01
9.999999999771027603e-01
9.999999999891839852e-01
9.999999999773772075e-01
9.999999999891839852e-01
9.999999999771025383e-01
9.999999999891839852e-01
9.819027692637720683e-01
9.961968750585340482e-01
9.999999999891839852e-01
