9.999999999770190495e-01
9.999999999771027603e-01
6.224593310976421767e-01
9.999999996351396359e-01
9.999999999771027603e-01
9.999999999771027603e-01
9.999999999771027603e-01
9.999999999891839852e-01
9.999999999771027603e-01
9.999999999891839852e-01
6.224593310976421767e-01
9.999999999840614162e-01
9.999999999771027603e-01
9.634955288736158918e-01
9.999999999771027603e-01
9.999999999771027603e-01
9.999999999771027603e-01
9.999999999771027603e-01
6.224593310976421767e-01
9.999999999770901038e-01
9.999999999771027603e-01
9.999999999771027603e-01
9.999999999771027603e-01
9.999999999771027603e-01
9.999999999771027603e-01
9.999999881649547229e-01
9.999999999821675978e-01
9.999999999771027603e-01
9.999999999771027603e-01
9.999999999771027603e-01
9.837369511193464477e-01
9.999999999771025383e-01
9.999999999771027603e-01
9.999999997930815177e-01
9.999999999771027603e-01
9.999980895124713776e-01
9.999999999771027603e-01
9.999999999473399015e-01
9.999999999771027603e-01
9.999999999771027603e-01
9.999999999771027603e-01
9.999999999889344071e-01
9.999999999771027603e-01
9.999999999771027603e-01
9.999999999771027603e-01
9.241418198233188885e-01
9.999999999771027603e-01
9.999999999771027603e-01
9.999999999771027603e-01
9.999999999691893127e-01
5.621765008312240575e-01
9.999999999771025383e-01
9.999999583400078773e-01
9.999999999771025383e-01
9.999999999771027603e-01
9.999999999622486424e-01
9.999999999771027603e-01
9.999999999771027603e-01
9.999999999771027603e-01
9.999999999771027603e-01
9.999999999771027603e-01
9.999999999771027603e-01
9.999995491911427559e-01
9.999999999771027603e-01
9.999999999771027603e-01
9.999999999771027603e-01
9.999999999705986298e-01
9.999999999891839852e-01
9.999999999771027603e-01
9.999999999771027603e-01
9.999999999860043065e-01
9.999999999771027603e-01
9.999999999771027603e-01
9.999999999891839852e-01
9.422691575908105355e-01
9.241418197929895939e-01
9.999999999891839852e-01
9.999999999771027603e-01
9.999999999702398057e-01
9.999999999891839852e-01
9.999999999771027603e-01
9.999999999771027603e-01
9.999999999771027603e-01
9.999999804125617731e-01
9.999999999771027603e-01
9.999999999891839852e-01
9.999999999771027603e-01
9.999999999771027603e-01
9.999999999771027603e-01
9.999999999771027603e-01
9.999999999821675978e-01
9.999999999771027603e-01
9.999999999771027603e-01
9.999999999200805956e-01
9.999999999771027603e-01
8.519528017343507287e-01
9.999999999771027603e-01
9.999999999891839852e-01
9.999999999771023163e-01
9.999999999771027603e-01
9.999999999771027603e-01
9.999999999771027603e-01
9.999999999771027603e-01
9.999999999771027603e-01
9.999999999771027603e-01
9.999999999771027603e-01
9.999718380087557756e-01
9.999999999859048305e-01
9.999999999001758511e-01
9.999999999891802105e-01
9.999999999771027603e-01
9.999999997884818637e-01
9.999999999515263305e-01
9.999999999515263305e-01
9.999999999771027603e-01
9.525741266787774997e-01
9.999999999771027603e-01
9.999999999515258864e-01
9.999999999770992076e-01
9.999999999771027603e-01
9.999999999771027603e-01
9.999999999505924109e-01
9.999999999771027603e-01
5.624540525071874963e-01
9.999999999771027603e-01
9.999999999771027603e-01
9.999999999771027603e-01
9.999999599398716743e-01
9.999999999891839852e-01
9.390031167922342492e-01
9.999999999771027603e-01
9.999999999891839852e-01
9.999999999891839852e-01
9.999999999771027603e-01
9.999999999771027603e-01
9.999999999771027603e-01
9.999999999771027603e-01
9.999999999771027603e-01
9.999999999771027603e-01
9.999999997883857183e-01
9.999999999771027603e-01
9.999999999771027603e-01
9.999999999771027603e-01
9.999999999771027603e-01
9.999999999891839852e-01
9.999999999771027603e-01
9.999999999771027603e-01
9.999999999891839852e-01
9.999999999771027603e-01
9.999999999891839852e-01
9.999999999771027603e-01
9.999999999891839852e-01
9.999999999771027603e-01
9.999999993720971592e-01
9.999999999771027603e-01
9.999999999771027603e-01
9.984819577211333508e-01
9.999999999376141258e-01
9.999999999771027603e-01
9.999998958445897035e-01
9.999999999533368822e-01
9.999999999771027603e-01
9.999999999891839852e-01
9.999999999771027603e-01
9.999999999771027603e-01
9.999999999771027603e-01
9.999999999705979636e-01
9.999999999607867007e-01
9.999999999524558092e-01
9.999999999771027603e-01
6.791788266811646935e-01
9.958894200831360788e-01
9.999999999771027603e-01
9.999999999771027603e-01
9.999999999771027603e-01
9.999999999891824309e-01
9.999999999891839852e-01
9.999999999771027603e-01
9.999999904692603581e-01
9.999999999891839852e-01
9.959298622595080808e-01
9.999999999771027603e-01
9.999999999891839852e-01
9.999999999771027603e-01
9.999999999771027603e-01
9.999999999771027603e-01
9.999999999771027603e-01
9.999999995001378483e-01
9.999999999771027603e-01
9.999999999771027603e-01
9.999999999771027603e-01
9.999999979387801385e-01
9.999999999771027603e-01
9.999999999705919684e-01
9.999999999771027603e-01
9.999999999771089776e-01
9.999999999891839852e-01
9.999999999771027603e-01
9.999999999771027603e-01
9.999999999891693303e-01
9.999999999771027603e-01
9.999999677324434844e-01
9.999999999771027603e-01
9.999999973654298824e-01
9.999999999771027603e-01
9.999999999891839852e-01
9.999999999771027603e-01
9.999999999771027603e-01
9.999999999771025383e-01
9.999999999891839852e-01
9.999999999818973695e-01
9.999999999759172642e-01
9.999999999771027603e-01
9.999999999211053314e-01
9.999999999891839852e-01
9.999999999771027603e-01
9.999999999771027603e-01
5.621765008232374461e-01
9.999952106092356852e-01
9.999999741588794233e-01
9.999999999771027603e-01
9.999999999771027603e-01
9.999999999771027603e-01
9.984988175924529585e-01
9.999999997979511779e-01
9.999999999771027603e-01
9.999999586181597122e-01
9.999999999377584547e-01
9.999999999771027603e-01
9.999999999771027603e-01
9.999999997511379579e-01
9.999999999771027603e-01
9.999999999771027603e-01
9.999999999771027603e-01
9.999999999771027603e-01
9.999999999484270319e-01
9.999999999771027603e-01
9.999999999771027603e-01
9.999999999891839852e-01
9.999999999771027603e-01
9.999999999771027603e-01
9.999999999771027603e-01
9.999999999891839852e-01
9.999999999771027603e-01
9.999999999200803735e-01
9.999999999771027603e-01
9.999999997335038415e-01
9.999999999771027603e-01
9.999999999771027603e-01
9.999999999771027603e-01
9.999999999210209545e-01
9.999999999771027603e-01
9.999999999771027603e-01
9.999999999771027603e-01
9.999999999771027603e-01
9.626731125371370545e-01
9.999999999891839852e-01
5.621765008099266492e-01
9.999999999771027603e-01
9.999999999771027603e-01
9.999999999771027603e-01
9.999999999771027603e-01
9.999999999891839852e-01
9.999999994494925826e-01
9.999999999771027603e-01
9.999999999771027603e-01
9.999999999771027603e-01
9.999999999771027603e-01
5.621765008099266492e-01
9.999999999771027603e-01
9.999999999891839852e-01
9.625239499328985815e-01
9.999999999771027603e-01
9.999999999771027603e-01
9.999999999771027603e-01
9.999999999819662033e-01
9.999999999891839852e-01
9.999707468126094456e-01
9.999999999891839852e-01
9.999999999771027603e-01
9.999999999771027603e-01
9.999999727746801126e-01
9.999999999820512464e-01
9.999999999771027603e-01
9.999999999771027603e-01
9.999999999771027603e-01
9.999999998973776449e-01
9.999999938175303527e-01
9.999999996020496607e-01
9.999999999771027603e-01
9.999999999771027603e-01
9.999999999705988518e-01
9.999999999771027603e-01
9.999999999771027603e-01
9.999999999771027603e-01
9.999999999771027603e-01
9.999999979369249559e-01
9.999999999891839852e-01
9.999999999771027603e-01
9.999999999771027603e-01
9.999999999771027603e-01
9.525744516566729825e-01
9.999999999771027603e-01
9.999999999771027603e-01
9.999999999771027603e-01
9.999999998291584369e-01
9.999999999771027603e-01
9.999999999891839852e-01
9.999999999771027603e-01
9.999999999891839852e-01
9.999999999771027603e-01
9.999999999891839852e-01
9.999999999891839852e-01
9.999999999475668311e-01
9.626731126719115794e-01
9.999999999377600091e-01
9.999999999771027603e-01
9.999999999874227274e-01
9.999999999771027603e-01
9.999999999891839852e-01
9.999999999771027603e-01
9.999999999771027603e-01
9.999999999771027603e-01
9.999999999891839852e-01
9.999999999771027603e-01
9.999999979388463078e-01
9.999999999771027603e-01
9.999999999891839852e-01
9.999999999771027603e-01
9.999999999771027603e-01
9.999999999674786810e-01
9.999999999821667096e-01
9.999999999771027603e-01
9.999999999771027603e-01
9.999999999771027603e-01
9.999999999771027603e-01
9.999999999771005399e-01
9.999999999771027603e-01
9.999997543454608451e-01
9.999999999769686454e-01
9.999999999771027603e-01
9.999999999771027603e-01
9.999999999560469366e-01
9.999999999771027603e-01
9.999999999200803735e-01
9.999999999771027603e-01
9.997388096806815172e-01
9.999999999771027603e-01
9.999999999771027603e-01
9.999999999377584547e-01
9.999999999891766578e-01
9.999999999771027603e-01
9.999999999771027603e-01
9.999999999771027603e-01
9.999999999201740764e-01
9.999999999771027603e-01
9.999999999771027603e-01
9.999999999771027603e-01
9.999999999621784763e-01
9.999999999891839852e-01
9.990889388809579552e-01
9.999999999771027603e-01
9.999999999771027603e-01
9.999999999771027603e-01
9.999999998634907517e-01
9.999999999821675978e-01
9.999999999771027603e-01
9.999999999771027603e-01
9.999999999770994297e-01
9.999999999771027603e-01
9.999999999771027603e-01
9.999999999771027603e-01
9.999999999377584547e-01
9.999999999819539909e-01
9.999999999771027603e-01
9.999999999196445000e-01
9.999999999676423279e-01
9.999998874648363678e-01
9.999999999771027603e-01
9.999999999891839852e-01
9.999999999622486424e-01
9.999999999771027603e-01
9.999999999771027603e-01
9.999999907757669559e-01
9.999999999771027603e-01
9.999999999771027603e-01
9.999999999771027603e-01
9.999999999771027603e-01
9.999999999771027603e-01
9.796789332948426798e-01
9.999999999771027603e-01
9.999999999766446823e-01
9.999999804443194806e-01
9.999999999515263305e-01
5.621765007060998132e-01
9.999999998330959539e-01
9.999999999771027603e-01
9.999999999771027603e-01
9.999999999515263305e-01
9.999999999891842073e-01
9.999999999771027603e-01
9.999999999771027603e-01
9.999999994094694866e-01
9.999999998923181366e-01
9.999998546360733265e-01
9.586476240714437713e-01
9.999999999891842073e-01
9.999999999891842073e-01
9.999999999706128406e-01
9.909631666855646115e-01
9.999999997210546887e-01
9.999999849775071947e-01
5.621765007060998132e-01
9.999999999771027603e-01
9.999999996935866609e-01
6.224593158906532864e-01
9.999999999200803735e-01
9.999999999891842073e-01
8.519528013237167574e-01
9.997965730168961729e-01
9.999999979177229825e-01
9.999999999771027603e-01
9.999999999771027603e-01
9.999999999861122202e-01
9.999949960142791028e-01
9.999999990263799265e-01
9.999999999515338800e-01
8.229306381134640080e-01
9.999999998729660611e-01
9.999999999674247242e-01
8.219744274319843447e-01
9.999999999821675978e-01
9.999999586006224073e-01
9.999999999771027603e-01
9.999999999706299381e-01
9.999999999377584547e-01
8.807970773646502938e-01
9.999999999891842073e-01
9.999999999771027603e-01
9.999999996418245107e-01
9.999999999771027603e-01
9.999999999771027603e-01
9.999999999515263305e-01
9.999999999767661407e-01
9.999999999771027603e-01
9.997900840983793280e-01
9.999999993020749489e-01
6.223993109072405439e-01
9.999999999771027603e-01
5.621765007034393857e-01
9.999999999771098658e-01
5.621765007034393857e-01
9.999999999771027603e-01
9.999998551879915043e-01
6.224593309499700799e-01
9.999999907628417395e-01
9.999999999771027603e-01
9.999999677581320467e-01
9.999999999771027603e-01
5.621765007034393857e-01
9.999999999891839852e-01
9.999999999622486424e-01
9.999999468421475468e-01
9.999999999183823984e-01
9.999999999891839852e-01
9.988304897115768410e-01
9.859361043835443983e-01
9.999999999514419535e-01
9.999999999771027603e-01
9.999999999771027603e-01
9.999999995400943309e-01
9.402084192697075515e-01
9.999999999891839852e-01
9.999999999705992959e-01
9.999999999379167726e-01
9.999999999771027603e-01
9.990886715023971076e-01
9.999999999771027603e-01
6.224593372212594566e-01
9.999999999891839852e-01
5.621765007034393857e-01
9.999999999771027603e-01
9.999999999771027603e-01
9.999999999823105945e-01
9.046505345257204178e-01
9.826097024711363259e-01
9.999999999771027603e-01
9.999999999771120862e-01
9.525755055052590459e-01
9.999999999771027603e-01
5.913952798550980994e-01
9.999999727350187273e-01
9.972047894637853238e-01
9.999999999707118725e-01
9.999999999891839852e-01
9.999999999821673757e-01
9.999999999771027603e-01
5.621765007034472683e-01
9.241418194593638002e-01
9.999999999771014281e-01
9.999999999771027603e-01
9.999999988460464007e-01
9.999999999771027603e-01
9.999980895124189750e-01
9.999999999515263305e-01
9.999999999891839852e-01
9.999999999771027603e-01
9.999999999891839852e-01
9.999999999891839852e-01
9.999999999771027603e-01
9.996458045053886465e-01
9.999999999770796677e-01
9.999999999622157798e-01
9.999999999771027603e-01
9.999999999891839852e-01
9.999999999890576419e-01
6.224593308536299219e-01
9.999999999891839852e-01
9.999999999771027603e-01
9.999999999771027603e-01
9.999999999891839852e-01
9.999999999891839852e-01
9.999999999891839852e-01
5.621765007034393857e-01
9.999999999771027603e-01
9.241418194593639113e-01
9.999999994259216596e-01
9.999999999821438390e-01
9.999999999891839852e-01
9.999999999771027603e-01
9.999999999771027603e-01
9.999999999515261084e-01
9.999999999891839852e-01
9.999999999891839852e-01
9.999999999771027603e-01
9.999999999771027603e-01
9.999999983859713115e-01
9.999999768650565946e-01
9.999999999705888598e-01
9.999999999891839852e-01
9.951735567143820127e-01
7.807574382373549948e-01
9.999999999891839852e-01
9.999999999771027603e-01
9.999999999891839852e-01
9.999999999771027603e-01
9.999999999891839852e-01
9.999999999771027603e-01
9.999999999891839852e-01
9.999999924972365895e-01
9.999999999891839852e-01
9.999416953838707878e-01
9.999999999891839852e-01
9.993331135527455666e-01
9.999999999821675978e-01
6.224359946184945258e-01
9.999999999891839852e-01
9.999999999891839852e-01
9.999999999771027603e-01
9.999999999891839852e-01
9.999999999771027603e-01
9.999999999045605659e-01
9.999999999891839852e-01
9.999999999891839852e-01
9.999999999771027603e-01
9.999999999891813207e-01
9.999999999771027603e-01
6.257697307529856978e-01
9.999999999771027603e-01
9.999999999442561460e-01
9.999999999771027603e-01
9.999999999891839852e-01
9.999999999891828750e-01
9.999999851216134772e-01
9.999999999705979636e-01
9.999550387403439711e-01
9.999999999891839852e-01
9.999999999771027603e-01
9.999999999771027603e-01
9.999999986378522721e-01
7.310585780430792768e-01
9.046509578270601759e-01
9.999999999771027603e-01
9.999999999771027603e-01
9.999999999771027603e-01
9.999999999771027603e-01
9.999999999891839852e-01
9.947798742250573145e-01
9.241418194555726107e-01
9.999323997358561256e-01
9.999999999771027603e-01
9.999999999515274407e-01
9.999999999622486424e-01
9.999999999637751991e-01
9.999999999771027603e-01
9.999999999891839852e-01
9.999999999891839852e-01
9.999999999771027603e-01
9.999999999891839852e-01
9.999999999891839852e-01
8.209459459189912822e-01
9.999999999771027603e-01
9.525736272992477716e-01
9.999999988796344219e-01
5.621765007021083393e-01
9.999999999891839852e-01
9.999999999891839852e-01
9.999999999891839852e-01
9.999999999889956914e-01
9.241418194555726107e-01
9.046504635589088794e-01
9.999999999891839852e-01
5.621765007021083393e-01
9.999999999822597463e-01
9.994352321436956732e-01
9.999999960452961023e-01
6.212222833661357191e-01
9.999999999818538488e-01
9.999999999771027603e-01
8.517404710805791535e-01
5.621765012079634749e-01
9.999999847497640371e-01
9.999999999891839852e-01
9.999999999891839852e-01
9.999999999770969872e-01
9.999999999771027603e-01
9.999999999771027603e-01
9.999952092588474395e-01
9.999999999891839852e-01
9.999999999891839852e-01
9.726205600323230005e-01
9.999999999737834155e-01
9.999999999771027603e-01
9.999999999891839852e-01
9.999999999773772075e-01
9.999999999891839852e-01
9.999999999771025383e-01
9.999999999891839852e-01
9.819027692637720683e-01
9.961968750585340482e-01
9.999999999891839852e-01
