3.616135930559598588e-01
3.638344529651358905e-01
3.638344529651358905e-01
7.251548943755447008e-01
3.616135930559598588e-01
3.616135930559598588e-01
4.272246064234158092e-01
3.637876216391486839e-01
3.638344529651358905e-01
3.616135930559598588e-01
7.474461320269154552e-01
3.616267528989621782e-01
6.489985640301444425e-01
4.318865372184531037e-01
5.357090021364929733e-01
5.987828801787744570e-01
4.358731156743844704e-01
3.638344529651358905e-01
7.558206477623959918e-01
7.583199306041290555e-01
3.638344529651358905e-01
3.616135930559598588e-01
3.638344529651358905e-01
3.616135930559598588e-01
3.638344529651358905e-01
3.720332226846492230e-01
3.638344529651358905e-01
3.616135930559598588e-01
3.638344529651358905e-01
7.798306968128412286e-01
3.638344529651358905e-01
4.382369634960383009e-01
3.638344456531266147e-01
3.616349267447341864e-01
3.616135930559598588e-01
4.063397623499199196e-01
3.638344529651358905e-01
3.638344529651358905e-01
7.030757392938665751e-01
7.517998752171692889e-01
3.638345808264220049e-01
3.638344529651358905e-01
7.583199306041290555e-01
6.806852899065105600e-01
3.638344529651358905e-01
3.616135930559598588e-01
3.639082281092978488e-01
7.500027797845786326e-01
6.681466863811116319e-01
3.638344529651358905e-01
3.638344529651358905e-01
3.616135930559598588e-01
5.333185326162631634e-01
4.366793710198721978e-01
3.638344529651358905e-01
3.616478438874315415e-01
3.616135930559598588e-01
3.616135930559598588e-01
3.638344529651358905e-01
3.616135930559598588e-01
3.638344529651358905e-01
7.702425499539022891e-01
3.616135930559598588e-01
3.744041371244835048e-01
