3.798294706170892154e-01
5.505611311899724081e-01
3.658308115611463296e-01
3.658308115569796626e-01
3.677147651215711965e-01
3.677147651215711965e-01
4.100367773209253608e-01
7.322238188270075998e-01
3.658308115569796626e-01
3.658308117178521446e-01
3.677147651215711965e-01
6.992113377043727152e-01
3.812762293085222853e-01
3.677147651215711965e-01
3.677147651215711965e-01
3.677147651215711965e-01
3.677147651215711965e-01
3.658308115569796626e-01
5.525688459256635765e-01
3.677147643051780213e-01
3.677147651215711965e-01
3.677147651215711965e-01
3.658435472814994260e-01
7.759211216734022143e-01
3.677147651215711965e-01
3.677147651215711965e-01
3.907282029319950611e-01
3.751320383558713889e-01
3.677147651215711965e-01
4.023739972113400953e-01
6.772195099277975583e-01
3.658308115569796626e-01
7.498437638595442101e-01
7.773283332764526765e-01
3.658308115569796626e-01
3.677142429172799987e-01
3.677147651215711965e-01
5.522776131956811385e-01
3.677147651215711965e-01
3.658308115569796626e-01
3.812762293085222853e-01
7.773283332764526765e-01
3.658308115569796626e-01
4.241121353208381906e-01
3.677147651215711965e-01
7.773283332764526765e-01
5.612398128390492236e-01
3.677147651215711965e-01
3.677147651215711965e-01
7.584631115567820325e-01
7.211376172802986817e-01
3.677147651215711965e-01
7.449108968460683711e-01
3.658308115569796626e-01
3.677147651215711965e-01
7.494354817218766840e-01
3.677147651215711965e-01
3.677147651215711965e-01
3.658308115569796626e-01
3.658308115569796626e-01
3.677147651215711965e-01
3.658308115569796626e-01
3.658308115569796626e-01
3.677147651215711965e-01
