3.576381000539173849e-01
3.571878037340882606e-01
3.577968728266587295e-01
5.631025496423380794e-01
3.921212780405154419e-01
3.577968728266587295e-01
3.571878037607386647e-01
3.577968728266587295e-01
3.571878037340882606e-01
3.577968728038024571e-01
4.470538369795292177e-01
4.676797074711829816e-01
3.577968728266587295e-01
3.571878037340882606e-01
3.577968728266587295e-01
3.571878037340882606e-01
3.577968746013338031e-01
3.577968728266587295e-01
3.571878037340882606e-01
7.760963643315716975e-01
3.577968728266587295e-01
3.577968728266587295e-01
3.571878037340882606e-01
3.577968728266587295e-01
3.577968728266587295e-01
3.577968728266587295e-01
3.577968644016640831e-01
6.541919315497429777e-01
3.577968728266587295e-01
4.336916964166304678e-01
7.264801797748058343e-01
3.698108041865442730e-01
3.571878037340882606e-01
3.577968728266587295e-01
7.551044111545933690e-01
7.155053769262269547e-01
5.006409256853269207e-01
4.819335339730415058e-01
7.849874955440455659e-01
3.577968728266587295e-01
3.577968728266587295e-01
3.577968728266587295e-01
4.549917293401540830e-01
3.577968728266587295e-01
3.571878037340882606e-01
3.571878037340882606e-01
3.577968728266587295e-01
3.577968725265711636e-01
3.571878037340882606e-01
4.875404841194356798e-01
4.039301186183304471e-01
3.577968728266587295e-01
3.577916169291567305e-01
3.577968728266587295e-01
7.854347140050944587e-01
4.336083808593378941e-01
7.849874955440455659e-01
3.577968728266587295e-01
4.335867486811243454e-01
5.478124303608696843e-01
7.770115729681763561e-01
3.577968728183695823e-01
3.577968728266587295e-01
7.268358371930200290e-01
