7.553677707229727867e-01
3.869538692689144521e-01
3.869538692689144521e-01
7.534942865785481114e-01
3.869538685739482009e-01
3.869538692689144521e-01
3.869538692689144521e-01
7.534942865785481114e-01
3.845577353184862490e-01
3.869538692689144521e-01
3.869538692689144521e-01
4.443931968148793210e-01
3.869538692689144521e-01
3.845577353184862490e-01
4.654805867518457818e-01
3.845577353184862490e-01
7.483923876289138022e-01
7.534942865785481114e-01
6.885559465470829643e-01
4.198071479060331290e-01
3.869538692689144521e-01
5.959198502669411646e-01
6.980524336537288210e-01
3.869538692689144521e-01
7.408316266790475613e-01
3.869538692689144521e-01
3.869538692689144521e-01
6.745310955162610034e-01
3.845577353184862490e-01
5.260313829618187276e-01
3.869538692689144521e-01
3.869538692689144521e-01
3.845577353184862490e-01
3.845577353184862490e-01
3.845577353184862490e-01
6.964984641577950386e-01
3.869538692689144521e-01
7.502917969119864416e-01
3.845577353184862490e-01
3.845577353184862490e-01
3.910343087731979472e-01
7.553677707229727867e-01
6.985600152148186970e-01
3.869538692689144521e-01
4.109787645540276535e-01
7.534942865785481114e-01
3.964273895853409613e-01
5.637336313454742731e-01
3.845577353400643772e-01
3.869538692689144521e-01
3.869538680062420966e-01
3.869538692689144521e-01
3.845577353184862490e-01
3.845577353184862490e-01
6.215554498940946138e-01
6.760138873874448340e-01
6.842508740634140052e-01
3.845577353184862490e-01
3.845577353184862490e-01
3.869538692689144521e-01
3.869538692689144521e-01
3.845578701569420388e-01
7.460348031872044983e-01
6.964984641577950386e-01
