3.556921944984913764e-01
3.526470088335401654e-01
3.526470088335401654e-01
3.556921944984913764e-01
3.526470088335401654e-01
3.641372972215102255e-01
7.612487129648293216e-01
3.556921944984913764e-01
3.556921944984913764e-01
7.870421509160192564e-01
3.556921944984913764e-01
7.892650246412351578e-01
3.556921944984913764e-01
3.556921944984913764e-01
7.892650246412351578e-01
3.526470088335401654e-01
7.870421509160192564e-01
7.571074762394285340e-01
3.526470088335441622e-01
3.556921944984913764e-01
7.337354481563782560e-01
3.556921944984913764e-01
3.526470088335401654e-01
7.177481796540993164e-01
3.526470088335401654e-01
3.526470088335401654e-01
3.556921944984913764e-01
3.556921944984913764e-01
3.526470088335401654e-01
3.556921944984913764e-01
5.193424281483761673e-01
7.870421509160192564e-01
3.526470088335401654e-01
5.124114052098067695e-01
4.484515330696658419e-01
7.775196884913974094e-01
3.526470088335401654e-01
4.983103812180251224e-01
3.556921944984913764e-01
4.496133843830947274e-01
7.636599729101120060e-01
5.975921042463935295e-01
6.681539436080753402e-01
3.526470088335401654e-01
3.556921944984913764e-01
4.806947875810310689e-01
5.456966407122182394e-01
4.999791574759449020e-01
3.526470088335401654e-01
3.556921944984913764e-01
3.556921944984913764e-01
3.526470088335401654e-01
3.526470088335401654e-01
4.972019012451667774e-01
7.870421509160192564e-01
5.298062539747515620e-01
7.374226509685688491e-01
3.526569941393456475e-01
6.998960615036905475e-01
3.526470088335401654e-01
6.998960615036905475e-01
7.337354481563782560e-01
3.655148660870945476e-01
3.556921944984913764e-01
