6.979807788210266040e-01
3.765355817463639232e-01
3.765356074832956756e-01
3.738047333942693395e-01
3.765356074832956756e-01
6.433446764162505938e-01
7.228867906682069355e-01
7.524763169270991536e-01
4.507539785976364954e-01
3.765356074832956756e-01
3.738047333942693395e-01
3.738047333942693395e-01
3.765356074832956756e-01
3.844493657427311972e-01
3.742872326500477631e-01
3.765356074832956756e-01
4.283317881367012525e-01
3.765354740664288435e-01
3.738047333942693395e-01
3.738047333942693395e-01
3.765356074832956756e-01
4.118385912413761174e-01
3.738047333942693395e-01
3.765356074832956756e-01
6.525892039623037988e-01
7.454902883534249014e-01
3.738047333942693395e-01
3.738047333942693395e-01
4.082886843608097283e-01
4.055798119495649945e-01
3.765356074832956756e-01
6.953733947312531471e-01
4.396051696708682122e-01
3.822112475566412648e-01
7.644779540991428757e-01
4.262013819665466663e-01
7.609100980862201213e-01
7.057314997034330739e-01
6.979807788210266040e-01
3.738047333942693395e-01
3.765356074832956756e-01
7.690401247598381840e-01
4.507539785976364954e-01
3.738047333949787721e-01
5.827226967985252859e-01
4.054772908621996352e-01
7.644779540991428757e-01
3.738049200215438628e-01
3.738047333942693395e-01
7.644779540991428757e-01
4.938149371099596618e-01
4.172958267685331624e-01
3.738047333942693395e-01
4.144658549428095751e-01
3.765353619763099902e-01
7.711028181217512989e-01
3.765356074832956756e-01
6.692931612666268570e-01
3.738050279472975301e-01
3.738047333942693395e-01
6.174181719623519360e-01
4.395845382128175660e-01
7.690401247598381840e-01
3.765356074832956756e-01
