7.657995066091901615e-01
4.332722105275236268e-01
3.913181577869843109e-01
5.104098442490673238e-01
6.191051684307575798e-01
6.619972626065940835e-01
3.781034346782553568e-01
4.575710875779568365e-01
3.781034346782553568e-01
7.454982760661673646e-01
3.781034346782553568e-01
6.796955178055182900e-01
6.701377451166685706e-01
7.191273596869505180e-01
3.781034346782553568e-01
3.781034346782553568e-01
4.023858250112283264e-01
3.781034346782553568e-01
5.061481847769863096e-01
3.767064265744494711e-01
4.899267497904951640e-01
3.781034346782553568e-01
3.781034346782553568e-01
3.781034346782553568e-01
7.574000114264644035e-01
3.781034346782553568e-01
3.767064265750153518e-01
7.350781973674116454e-01
3.781034346782553568e-01
3.781034346782553568e-01
5.865775909533815780e-01
3.781980072671499715e-01
3.781034346782553568e-01
7.584907903603145263e-01
3.767064265744494711e-01
3.767064265744494711e-01
3.769168443268455793e-01
7.439893056598747556e-01
3.767064265744494711e-01
3.767064265744494711e-01
3.781034346782553568e-01
6.714506776010085165e-01
6.025442298746506165e-01
6.988334528815597357e-01
5.344180278544593543e-01
7.657995066091901615e-01
3.767064265744494711e-01
3.781034346782553568e-01
7.657995066091901615e-01
6.929932962435810806e-01
6.701377451166685706e-01
3.781034346782553568e-01
7.668641444339399094e-01
3.781034346782553568e-01
3.767064265744494711e-01
7.657995066091901615e-01
6.044346116642399513e-01
3.767064265744494711e-01
3.781034346782553568e-01
3.767064315890027437e-01
7.458689278682133494e-01
3.781034346782553568e-01
3.767064265744494711e-01
5.134616022822710013e-01
