9.999410910567704258e-01
5.716432306114059836e-01
9.983292075499402562e-01
9.996175046764381733e-01
9.999998635013231940e-01
9.999999999999018563e-01
9.996174923490943609e-01
4.169913906682066258e-04
9.999999997363431259e-01
5.716432306114059836e-01
5.287107662084603588e-01
9.999999999999920064e-01
9.999999997363431259e-01
9.999410910567704258e-01
9.999999998840793936e-01
9.999999997363431259e-01
4.486841488467271932e-02
9.999393945197900813e-01
9.999999999972148945e-01
9.999999997363431259e-01
9.999999997363431259e-01
9.999410910567704258e-01
9.999999997363431259e-01
9.999999997363431259e-01
9.999999997363431259e-01
5.287107662084603588e-01
9.999999997363431259e-01
9.999410910567704258e-01
5.287107662084603588e-01
5.813789659213035565e-05
9.999999998840793936e-01
9.999999997363431259e-01
9.999998635013231940e-01
9.695764755386647726e-01
9.999999997363431259e-01
4.486841488467271932e-02
5.287107662084603588e-01
9.999999997363431259e-01
7.228380957763060012e-05
9.999999997363431259e-01
9.999999999999817923e-01
9.999999999999975575e-01
9.999999997363431259e-01
5.716432306114059836e-01
9.960991348836131243e-01
4.725183679130495453e-06
9.999999997363431259e-01
3.398055386621994705e-05
9.999999997363431259e-01
3.398055386621994705e-05
9.999999999999862332e-01
9.999999999999988898e-01
9.999999997363431259e-01
9.999467409550287789e-01
5.716432306114059836e-01
9.999999998840793936e-01
3.303122844822888315e-01
5.287107662084603588e-01
9.999998635013231940e-01
5.287107662084603588e-01
9.999998635013231940e-01
9.999999998840793936e-01
3.303122844822888315e-01
9.999410910567704258e-01
