4.761008925901010214e-01
9.013707146377257784e-01
9.142997984240340825e-01
8.123700194716214629e-01
8.912118945851708052e-01
7.080128224936806935e-01
5.466646258688523385e-01
9.082854944835451194e-01
7.480198152803263500e-01
9.142997984240340825e-01
4.946891537674257822e-01
4.946891537674257822e-01
4.946891537674257822e-01
4.761008925901010214e-01
4.946891537674257822e-01
4.761008925901010214e-01
8.315321061812381842e-01
6.186651135902143661e-01
4.761008925901010214e-01
8.964934281790373216e-01
4.946891537674257822e-01
4.761008925901010214e-01
7.695032970518908000e-01
4.761008925901010214e-01
4.761008925901010214e-01
4.946891537674257822e-01
4.761008925901010214e-01
5.984126293189105938e-01
6.349957188104385919e-01
4.946891537674257822e-01
4.946891537674257822e-01
8.129053647009405470e-01
4.761008925901010214e-01
4.761008925901010214e-01
5.941804805848035498e-01
8.129053647009405470e-01
4.761008925901010214e-01
6.119935388458235259e-01
4.946891537674257822e-01
9.142997984240340825e-01
4.761008925901010214e-01
4.946891537674257822e-01
8.981928643691661218e-01
8.889497014794485175e-01
4.946891537674257822e-01
4.946891537674257822e-01
7.052566685782596378e-01
9.082854944835451194e-01
4.946891537674257822e-01
4.761008925901010214e-01
4.946891537674257822e-01
5.234898593704633285e-01
4.761008926202554559e-01
4.946891537674257822e-01
4.946891537674257822e-01
4.946891537674257822e-01
4.761008925901010214e-01
4.946891537674257822e-01
4.761008928302954968e-01
4.761008925901010214e-01
8.217467337471148214e-01
4.946891537674257822e-01
4.946891537674257822e-01
4.946891537674257822e-01
