9.999632372689256643e-01
3.114859973360997736e-02
3.114859973360997736e-02
9.999510125410251415e-01
3.961112376354589126e-02
3.114859973360997736e-02
1.261968067421670968e-02
9.999618142857322756e-01
3.114859973360997736e-02
3.961112376354589126e-02
3.114859973360997736e-02
1.261968067421670968e-02
3.114859973360997736e-02
1.674588695865656535e-02
3.961112376354589126e-02
3.114859973360997736e-02
3.045246211746357665e-02
1.588796292272569993e-02
2.355836737881477488e-02
2.476641939334708539e-02
3.114859973360997736e-02
3.114859973360997736e-02
3.114859973360997736e-02
4.384860935892155587e-02
3.114859973360997736e-02
3.114859973360997736e-02
2.355836737881477488e-02
9.999510125410251415e-01
2.355836737881477488e-02
3.114859973360997736e-02
3.114859973360997736e-02
4.879320715704896783e-01
9.999797710325942779e-01
3.114859973360997736e-02
3.114859973360997736e-02
3.114859973360997736e-02
3.183145534483099864e-02
9.998550740471913167e-01
3.114859973360997736e-02
3.114859973360997736e-02
9.999713435358834612e-01
3.114859973360997736e-02
2.355836737881477488e-02
3.002266054593073080e-02
9.999695603421119294e-01
3.114859973360997736e-02
3.115236012243039962e-02
3.114859973360997736e-02
2.355836751102178064e-02
9.999797710325942779e-01
3.114859973360997736e-02
3.114859973360997736e-02
3.961112376354589126e-02
9.999638024562464977e-01
3.114859973360997736e-02
1.261968067421670968e-02
3.114859973360997736e-02
9.999629828553758815e-01
9.918068029990897427e-01
3.114859973360997736e-02
2.355836737870566772e-02
3.114859973360997736e-02
3.114859973360997736e-02
3.114859973360997736e-02
