3.616135930559598588e-01
3.638344529651358905e-01
3.638344529651358905e-01
7.251548943755447008e-01
3.616135930559598588e-01
3.616135930559598588e-01
4.272246064234158092e-01
3.637876216391486839e-01
3.638344529651358905e-01
3.616135930559598588e-01
7.474461320269154552e-01
3.616267528989621782e-01
6.489985640301444425e-01
4.318865372184531037e-01
5.357090021364929733e-01
5.987828801787744570e-01
4.358731156743844704e-01
3.638344529651358905e-01
7.558206477623959918e-01
7.583199306041290555e-01
3.638344529651358905e-01
3.616135930559598588e-01
3.638344529651358905e-01
3.616135930559598588e-01
3.638344529651358905e-01
3.720332226846492230e-01
3.638344529651358905e-01
3.616135930559598588e-01
3.638344529651358905e-01
7.798306968128412286e-01
3.638344529651358905e-01
4.382369634960383009e-01
3.638344456531266147e-01
3.616349267447341864e-01
3.616135930559598588e-01
4.063397623499199196e-01
3.638344529651358905e-01
3.638344529651358905e-01
7.030757392938665751e-01
7.517998752171692889e-01
3.638345808264220049e-01
3.638344529651358905e-01
7.583199306041290555e-01
6.806852899065105600e-01
3.638344529651358905e-01
3.616135930559598588e-01
3.639082281092978488e-01
7.500027797845786326e-01
6.681466863811116319e-01
3.638344529651358905e-01
3.638344529651358905e-01
3.616135930559598588e-01
5.333185326162631634e-01
4.366793710198721978e-01
3.638344529651358905e-01
3.616478438874315415e-01
3.616135930559598588e-01
3.616135930559598588e-01
3.638344529651358905e-01
3.616135930559598588e-01
3.638344529651358905e-01
7.702425499539022891e-01
3.616135930559598588e-01
3.744041371244835048e-01
3.798294706170892154e-01
5.505611311899724081e-01
3.658308115611463296e-01
3.658308115569796626e-01
3.677147651215711965e-01
3.677147651215711965e-01
4.100367773209253608e-01
7.322238188270075998e-01
3.658308115569796626e-01
3.658308117178521446e-01
3.677147651215711965e-01
6.992113377043727152e-01
3.812762293085222853e-01
3.677147651215711965e-01
3.677147651215711965e-01
3.677147651215711965e-01
3.677147651215711965e-01
3.658308115569796626e-01
5.525688459256635765e-01
3.677147643051780213e-01
3.677147651215711965e-01
3.677147651215711965e-01
3.658435472814994260e-01
7.759211216734022143e-01
3.677147651215711965e-01
3.677147651215711965e-01
3.907282029319950611e-01
3.751320383558713889e-01
3.677147651215711965e-01
4.023739972113400953e-01
6.772195099277975583e-01
3.658308115569796626e-01
7.498437638595442101e-01
7.773283332764526765e-01
3.658308115569796626e-01
3.677142429172799987e-01
3.677147651215711965e-01
5.522776131956811385e-01
3.677147651215711965e-01
3.658308115569796626e-01
3.812762293085222853e-01
7.773283332764526765e-01
3.658308115569796626e-01
4.241121353208381906e-01
3.677147651215711965e-01
7.773283332764526765e-01
5.612398128390492236e-01
3.677147651215711965e-01
3.677147651215711965e-01
7.584631115567820325e-01
7.211376172802986817e-01
3.677147651215711965e-01
7.449108968460683711e-01
3.658308115569796626e-01
3.677147651215711965e-01
7.494354817218766840e-01
3.677147651215711965e-01
3.677147651215711965e-01
3.658308115569796626e-01
3.658308115569796626e-01
3.677147651215711965e-01
3.658308115569796626e-01
3.658308115569796626e-01
3.677147651215711965e-01
3.576381000539173849e-01
3.571878037340882606e-01
3.577968728266587295e-01
5.631025496423380794e-01
3.921212780405154419e-01
3.577968728266587295e-01
3.571878037607386647e-01
3.577968728266587295e-01
3.571878037340882606e-01
3.577968728038024571e-01
4.470538369795292177e-01
4.676797074711829816e-01
3.577968728266587295e-01
3.571878037340882606e-01
3.577968728266587295e-01
3.571878037340882606e-01
3.577968746013338031e-01
3.577968728266587295e-01
3.571878037340882606e-01
7.760963643315716975e-01
3.577968728266587295e-01
3.577968728266587295e-01
3.571878037340882606e-01
3.577968728266587295e-01
3.577968728266587295e-01
3.577968728266587295e-01
3.577968644016640831e-01
6.541919315497429777e-01
3.577968728266587295e-01
4.336916964166304678e-01
7.264801797748058343e-01
3.698108041865442730e-01
3.571878037340882606e-01
3.577968728266587295e-01
7.551044111545933690e-01
7.155053769262269547e-01
5.006409256853269207e-01
4.819335339730415058e-01
7.849874955440455659e-01
3.577968728266587295e-01
3.577968728266587295e-01
3.577968728266587295e-01
4.549917293401540830e-01
3.577968728266587295e-01
3.571878037340882606e-01
3.571878037340882606e-01
3.577968728266587295e-01
3.577968725265711636e-01
3.571878037340882606e-01
4.875404841194356798e-01
4.039301186183304471e-01
3.577968728266587295e-01
3.577916169291567305e-01
3.577968728266587295e-01
7.854347140050944587e-01
4.336083808593378941e-01
7.849874955440455659e-01
3.577968728266587295e-01
4.335867486811243454e-01
5.478124303608696843e-01
7.770115729681763561e-01
3.577968728183695823e-01
3.577968728266587295e-01
7.268358371930200290e-01
7.553677707229727867e-01
3.869538692689144521e-01
3.869538692689144521e-01
7.534942865785481114e-01
3.869538685739482009e-01
3.869538692689144521e-01
3.869538692689144521e-01
7.534942865785481114e-01
3.845577353184862490e-01
3.869538692689144521e-01
3.869538692689144521e-01
4.443931968148793210e-01
3.869538692689144521e-01
3.845577353184862490e-01
4.654805867518457818e-01
3.845577353184862490e-01
7.483923876289138022e-01
7.534942865785481114e-01
6.885559465470829643e-01
4.198071479060331290e-01
3.869538692689144521e-01
5.959198502669411646e-01
6.980524336537288210e-01
3.869538692689144521e-01
7.408316266790475613e-01
3.869538692689144521e-01
3.869538692689144521e-01
6.745310955162610034e-01
3.845577353184862490e-01
5.260313829618187276e-01
3.869538692689144521e-01
3.869538692689144521e-01
3.845577353184862490e-01
3.845577353184862490e-01
3.845577353184862490e-01
6.964984641577950386e-01
3.869538692689144521e-01
7.502917969119864416e-01
3.845577353184862490e-01
3.845577353184862490e-01
3.910343087731979472e-01
7.553677707229727867e-01
6.985600152148186970e-01
3.869538692689144521e-01
4.109787645540276535e-01
7.534942865785481114e-01
3.964273895853409613e-01
5.637336313454742731e-01
3.845577353400643772e-01
3.869538692689144521e-01
3.869538680062420966e-01
3.869538692689144521e-01
3.845577353184862490e-01
3.845577353184862490e-01
6.215554498940946138e-01
6.760138873874448340e-01
6.842508740634140052e-01
3.845577353184862490e-01
3.845577353184862490e-01
3.869538692689144521e-01
3.869538692689144521e-01
3.845578701569420388e-01
7.460348031872044983e-01
6.964984641577950386e-01
3.556921944984913764e-01
3.526470088335401654e-01
3.526470088335401654e-01
3.556921944984913764e-01
3.526470088335401654e-01
3.641372972215102255e-01
7.612487129648293216e-01
3.556921944984913764e-01
3.556921944984913764e-01
7.870421509160192564e-01
3.556921944984913764e-01
7.892650246412351578e-01
3.556921944984913764e-01
3.556921944984913764e-01
7.892650246412351578e-01
3.526470088335401654e-01
7.870421509160192564e-01
7.571074762394285340e-01
3.526470088335441622e-01
3.556921944984913764e-01
7.337354481563782560e-01
3.556921944984913764e-01
3.526470088335401654e-01
7.177481796540993164e-01
3.526470088335401654e-01
3.526470088335401654e-01
3.556921944984913764e-01
3.556921944984913764e-01
3.526470088335401654e-01
3.556921944984913764e-01
5.193424281483761673e-01
7.870421509160192564e-01
3.526470088335401654e-01
5.124114052098067695e-01
4.484515330696658419e-01
7.775196884913974094e-01
3.526470088335401654e-01
4.983103812180251224e-01
3.556921944984913764e-01
4.496133843830947274e-01
7.636599729101120060e-01
5.975921042463935295e-01
6.681539436080753402e-01
3.526470088335401654e-01
3.556921944984913764e-01
4.806947875810310689e-01
5.456966407122182394e-01
4.999791574759449020e-01
3.526470088335401654e-01
3.556921944984913764e-01
3.556921944984913764e-01
3.526470088335401654e-01
3.526470088335401654e-01
4.972019012451667774e-01
7.870421509160192564e-01
5.298062539747515620e-01
7.374226509685688491e-01
3.526569941393456475e-01
6.998960615036905475e-01
3.526470088335401654e-01
6.998960615036905475e-01
7.337354481563782560e-01
3.655148660870945476e-01
3.556921944984913764e-01
6.979807788210266040e-01
3.765355817463639232e-01
3.765356074832956756e-01
3.738047333942693395e-01
3.765356074832956756e-01
6.433446764162505938e-01
7.228867906682069355e-01
7.524763169270991536e-01
4.507539785976364954e-01
3.765356074832956756e-01
3.738047333942693395e-01
3.738047333942693395e-01
3.765356074832956756e-01
3.844493657427311972e-01
3.742872326500477631e-01
3.765356074832956756e-01
4.283317881367012525e-01
3.765354740664288435e-01
3.738047333942693395e-01
3.738047333942693395e-01
3.765356074832956756e-01
4.118385912413761174e-01
3.738047333942693395e-01
3.765356074832956756e-01
6.525892039623037988e-01
7.454902883534249014e-01
3.738047333942693395e-01
3.738047333942693395e-01
4.082886843608097283e-01
4.055798119495649945e-01
3.765356074832956756e-01
6.953733947312531471e-01
4.396051696708682122e-01
3.822112475566412648e-01
7.644779540991428757e-01
4.262013819665466663e-01
7.609100980862201213e-01
7.057314997034330739e-01
6.979807788210266040e-01
3.738047333942693395e-01
3.765356074832956756e-01
7.690401247598381840e-01
4.507539785976364954e-01
3.738047333949787721e-01
5.827226967985252859e-01
4.054772908621996352e-01
7.644779540991428757e-01
3.738049200215438628e-01
3.738047333942693395e-01
7.644779540991428757e-01
4.938149371099596618e-01
4.172958267685331624e-01
3.738047333942693395e-01
4.144658549428095751e-01
3.765353619763099902e-01
7.711028181217512989e-01
3.765356074832956756e-01
6.692931612666268570e-01
3.738050279472975301e-01
3.738047333942693395e-01
6.174181719623519360e-01
4.395845382128175660e-01
7.690401247598381840e-01
3.765356074832956756e-01
7.657995066091901615e-01
4.332722105275236268e-01
3.913181577869843109e-01
5.104098442490673238e-01
6.191051684307575798e-01
6.619972626065940835e-01
3.781034346782553568e-01
4.575710875779568365e-01
3.781034346782553568e-01
7.454982760661673646e-01
3.781034346782553568e-01
6.796955178055182900e-01
6.701377451166685706e-01
7.191273596869505180e-01
3.781034346782553568e-01
3.781034346782553568e-01
4.023858250112283264e-01
3.781034346782553568e-01
5.061481847769863096e-01
3.767064265744494711e-01
4.899267497904951640e-01
3.781034346782553568e-01
3.781034346782553568e-01
3.781034346782553568e-01
7.574000114264644035e-01
3.781034346782553568e-01
3.767064265750153518e-01
7.350781973674116454e-01
3.781034346782553568e-01
3.781034346782553568e-01
5.865775909533815780e-01
3.781980072671499715e-01
3.781034346782553568e-01
7.584907903603145263e-01
3.767064265744494711e-01
3.767064265744494711e-01
3.769168443268455793e-01
7.439893056598747556e-01
3.767064265744494711e-01
3.767064265744494711e-01
3.781034346782553568e-01
6.714506776010085165e-01
6.025442298746506165e-01
6.988334528815597357e-01
5.344180278544593543e-01
7.657995066091901615e-01
3.767064265744494711e-01
3.781034346782553568e-01
7.657995066091901615e-01
6.929932962435810806e-01
6.701377451166685706e-01
3.781034346782553568e-01
7.668641444339399094e-01
3.781034346782553568e-01
3.767064265744494711e-01
7.657995066091901615e-01
6.044346116642399513e-01
3.767064265744494711e-01
3.781034346782553568e-01
3.767064315890027437e-01
7.458689278682133494e-01
3.781034346782553568e-01
3.767064265744494711e-01
5.134616022822710013e-01
9.999410910567704258e-01
5.716432306114059836e-01
9.983292075499402562e-01
9.996175046764381733e-01
9.999998635013231940e-01
9.999999999999018563e-01
9.996174923490943609e-01
4.169913906682066258e-04
9.999999997363431259e-01
5.716432306114059836e-01
5.287107662084603588e-01
9.999999999999920064e-01
9.999999997363431259e-01
9.999410910567704258e-01
9.999999998840793936e-01
9.999999997363431259e-01
4.486841488467271932e-02
9.999393945197900813e-01
9.999999999972148945e-01
9.999999997363431259e-01
9.999999997363431259e-01
9.999410910567704258e-01
9.999999997363431259e-01
9.999999997363431259e-01
9.999999997363431259e-01
5.287107662084603588e-01
9.999999997363431259e-01
9.999410910567704258e-01
5.287107662084603588e-01
5.813789659213035565e-05
9.999999998840793936e-01
9.999999997363431259e-01
9.999998635013231940e-01
9.695764755386647726e-01
9.999999997363431259e-01
4.486841488467271932e-02
5.287107662084603588e-01
9.999999997363431259e-01
7.228380957763060012e-05
9.999999997363431259e-01
9.999999999999817923e-01
9.999999999999975575e-01
9.999999997363431259e-01
5.716432306114059836e-01
9.960991348836131243e-01
4.725183679130495453e-06
9.999999997363431259e-01
3.398055386621994705e-05
9.999999997363431259e-01
3.398055386621994705e-05
9.999999999999862332e-01
9.999999999999988898e-01
9.999999997363431259e-01
9.999467409550287789e-01
5.716432306114059836e-01
9.999999998840793936e-01
3.303122844822888315e-01
5.287107662084603588e-01
9.999998635013231940e-01
5.287107662084603588e-01
9.999998635013231940e-01
9.999999998840793936e-01
3.303122844822888315e-01
9.999410910567704258e-01
4.761008925901010214e-01
9.013707146377257784e-01
9.142997984240340825e-01
8.123700194716214629e-01
8.912118945851708052e-01
7.080128224936806935e-01
5.466646258688523385e-01
9.082854944835451194e-01
7.480198152803263500e-01
9.142997984240340825e-01
4.946891537674257822e-01
4.946891537674257822e-01
4.946891537674257822e-01
4.761008925901010214e-01
4.946891537674257822e-01
4.761008925901010214e-01
8.315321061812381842e-01
6.186651135902143661e-01
4.761008925901010214e-01
8.964934281790373216e-01
4.946891537674257822e-01
4.761008925901010214e-01
7.695032970518908000e-01
4.761008925901010214e-01
4.761008925901010214e-01
4.946891537674257822e-01
4.761008925901010214e-01
5.984126293189105938e-01
6.349957188104385919e-01
4.946891537674257822e-01
4.946891537674257822e-01
8.129053647009405470e-01
4.761008925901010214e-01
4.761008925901010214e-01
5.941804805848035498e-01
8.129053647009405470e-01
4.761008925901010214e-01
6.119935388458235259e-01
4.946891537674257822e-01
9.142997984240340825e-01
4.761008925901010214e-01
4.946891537674257822e-01
8.981928643691661218e-01
8.889497014794485175e-01
4.946891537674257822e-01
4.946891537674257822e-01
7.052566685782596378e-01
9.082854944835451194e-01
4.946891537674257822e-01
4.761008925901010214e-01
4.946891537674257822e-01
5.234898593704633285e-01
4.761008926202554559e-01
4.946891537674257822e-01
4.946891537674257822e-01
4.946891537674257822e-01
4.761008925901010214e-01
4.946891537674257822e-01
4.761008928302954968e-01
4.761008925901010214e-01
8.217467337471148214e-01
4.946891537674257822e-01
4.946891537674257822e-01
4.946891537674257822e-01
9.999632372689256643e-01
3.114859973360997736e-02
3.114859973360997736e-02
9.999510125410251415e-01
3.961112376354589126e-02
3.114859973360997736e-02
1.261968067421670968e-02
9.999618142857322756e-01
3.114859973360997736e-02
3.961112376354589126e-02
3.114859973360997736e-02
1.261968067421670968e-02
3.114859973360997736e-02
1.674588695865656535e-02
3.961112376354589126e-02
3.114859973360997736e-02
3.045246211746357665e-02
1.588796292272569993e-02
2.355836737881477488e-02
2.476641939334708539e-02
3.114859973360997736e-02
3.114859973360997736e-02
3.114859973360997736e-02
4.384860935892155587e-02
3.114859973360997736e-02
3.114859973360997736e-02
2.355836737881477488e-02
9.999510125410251415e-01
2.355836737881477488e-02
3.114859973360997736e-02
3.114859973360997736e-02
4.879320715704896783e-01
9.999797710325942779e-01
3.114859973360997736e-02
3.114859973360997736e-02
3.114859973360997736e-02
3.183145534483099864e-02
9.998550740471913167e-01
3.114859973360997736e-02
3.114859973360997736e-02
9.999713435358834612e-01
3.114859973360997736e-02
2.355836737881477488e-02
3.002266054593073080e-02
9.999695603421119294e-01
3.114859973360997736e-02
3.115236012243039962e-02
3.114859973360997736e-02
2.355836751102178064e-02
9.999797710325942779e-01
3.114859973360997736e-02
3.114859973360997736e-02
3.961112376354589126e-02
9.999638024562464977e-01
3.114859973360997736e-02
1.261968067421670968e-02
3.114859973360997736e-02
9.999629828553758815e-01
9.918068029990897427e-01
3.114859973360997736e-02
2.355836737870566772e-02
3.114859973360997736e-02
3.114859973360997736e-02
3.114859973360997736e-02
