8.522469020532745521e-02
7.458268550335603320e-02
7.199189973794274666e-02
9.994656691725288811e-01
6.614407552048741368e-02
7.986193573315615579e-02
1.311907741009702699e-01
8.012234715183653988e-02
7.002372787732498438e-02
7.917385864677095597e-02
9.995967356196513443e-01
7.948403394281478018e-02
9.981377667950882548e-01
5.327556595938791606e-01
3.007225462094739732e-01
1.797683682428498630e-01
1.466972302516648674e-01
6.997547484210718538e-02
9.991567388206511469e-01
9.936861022533264309e-01
8.470025765880995205e-02
6.838768268745067103e-02
6.872861358103936336e-02
8.696121425146978445e-02
6.997153591052131250e-02
7.971160490132958576e-02
1.081284315979022109e-01
8.543177757546144280e-02
7.364612266126593920e-02
9.995845625922997746e-01
7.607914198490042801e-02
2.544075577629517082e-01
7.350185087556922181e-02
1.120091544379814424e-01
8.848210233509869183e-02
1.483438084739895357e-01
9.831982399086036661e-02
1.082250696908226562e-01
9.993703508371927224e-01
9.982863786552330643e-01
2.393655968444965698e-01
7.614329137126024660e-02
9.996379452752591765e-01
9.880655477675170939e-01
7.491558993435606939e-02
7.350548527523012576e-02
8.128970404720683995e-02
9.994440864698173055e-01
9.717283264450283786e-01
7.818330120398209182e-02
7.943174717544139452e-02
7.350194911090308925e-02
9.683747041674708456e-01
5.084664747453147005e-01
7.770056731498846403e-02
7.350194897375954273e-02
7.350182327063181642e-02
7.647302769289776592e-02
7.937457913899671758e-02
1.076279840181598446e-01
6.730859843564790390e-02
9.994301523502755469e-01
7.934804149266148909e-02
1.149837866938624026e-01
