1.066280097039013219e-01
9.716376654477983932e-01
5.379085668462560421e-02
5.367521749261213587e-02
5.525495632808901519e-02
5.034583037379304626e-02
1.274139331501124850e-01
9.536891768327490082e-01
4.857128885193954387e-02
5.631233073351563090e-02
5.808835010631889506e-02
9.996807606772262211e-01
6.315100474055140856e-02
5.214589837694514479e-02
5.525900392782218118e-02
5.562731863421523093e-02
5.525495616723178488e-02
6.267714499581980570e-02
2.205510022171197904e-01
5.306468117189995504e-02
5.046635059156076575e-02
5.525495610378810402e-02
6.316214212956325347e-02
9.997077417292939971e-01
5.525622247803640974e-02
5.556440628289836814e-02
9.108435592894215116e-01
5.249016985979677863e-02
5.882926974029149825e-02
1.622898596924087500e-01
9.973739019187952692e-01
5.035280389069313189e-02
9.984904212939836876e-01
9.998066876103409717e-01
5.348414784988744786e-02
5.754607354784166406e-02
6.131744981398457028e-02
9.776195178112436768e-01
5.986710297620965321e-02
5.348338733447990240e-02
1.194900861569164058e-01
9.997802808143939624e-01
5.034573623849817464e-02
1.226001056349440427e-01
4.611908981523526324e-02
9.997057456923623686e-01
9.438605010495513259e-01
5.420435833319400126e-02
5.525877850577594341e-02
9.997616217028757468e-01
9.990484368081571365e-01
5.034573544040268911e-02
9.995809674191347138e-01
5.879698874256000102e-02
5.244186841774538255e-02
9.996356488257426287e-01
5.300584302439298456e-02
5.783808140087994681e-02
5.664390919503962257e-02
4.996382108643653008e-02
6.928362079610814184e-02
7.150067697952247614e-02
5.300487121598274065e-02
5.542921695514530650e-02
