4.446441230465947997e-02
4.453039803706412836e-02
4.602292171356136413e-02
9.634971904393156983e-01
1.089583876741478524e-01
4.574933995300473760e-02
5.675564818574916487e-02
4.443762324763564364e-02
4.446430636224758121e-02
4.843642534972538577e-02
5.411487958777447815e-01
4.137921464850559672e-01
3.780246705226863319e-02
4.462842731338389352e-02
4.566424466743597421e-02
8.394701902002836558e-02
2.972264632239854376e-01
4.191358961055789006e-02
4.860722541361342519e-02
9.998205709323315649e-01
4.191371486214970354e-02
5.461236877450546812e-02
4.394798151947119924e-02
3.752914808282750009e-02
4.843640825106775016e-02
4.842748472929954417e-02
4.443638877418841504e-02
9.410642425947702838e-01
5.207784654759824855e-02
2.438008613034428340e-01
9.997207190304540081e-01
4.722503644637390807e-02
1.280557888184718218e-01
4.191639477680204201e-02
9.994330490957423763e-01
9.977548493845916910e-01
2.169838931642941171e-01
9.077893454274132967e-01
9.997240931623977422e-01
4.730202355361327188e-02
8.698867603010064509e-02
4.566844866233978756e-02
1.072688916729730574e-01
4.191388698106823796e-02
4.679112710937365777e-02
5.072948273107447809e-02
4.730085844624570129e-02
4.566841245231779284e-02
4.171720374364126793e-02
7.407969416983386512e-01
6.497094322838498082e-02
5.804213687146317358e-02
4.569975695099265378e-02
4.694080016751470824e-02
9.998230724807956049e-01
8.120937319193298476e-02
9.998631685806290692e-01
4.566835638934216984e-02
1.862099953079739412e-01
8.177648950485152390e-01
9.997883798958302481e-01
4.139395493459650799e-02
4.235763513716287593e-02
9.989878666903820870e-01
