9.997434666687019522e-01
5.962635921675773359e-02
6.091326494744354891e-02
9.996646734834072623e-01
6.488521641448430355e-02
5.581702766638529239e-02
6.512240817591605224e-02
9.989390790536788467e-01
5.778187617585794217e-02
5.581841391955420784e-02
6.265784613011542159e-02
2.311351367872981344e-01
6.494294734723898843e-02
5.460546554483620973e-02
2.182564925717499493e-01
6.029677848379970395e-02
9.998083250046690962e-01
9.998229293618036140e-01
9.418868440368496353e-01
8.963031827614943714e-02
5.394715108143251919e-02
8.998564153121136888e-01
9.995262223520625655e-01
8.445993775535846904e-02
9.997720207274838344e-01
6.870013052691549549e-02
6.351286769275463207e-02
9.990144354469446819e-01
6.814022543719328029e-02
6.135562440852850852e-01
6.358014694499618258e-02
6.495450051536154346e-02
5.951151157916872297e-02
6.273161443228353340e-02
5.587232732277350872e-02
9.994762388722693291e-01
6.086341796370545176e-02
9.997326996029176627e-01
6.278600872393434729e-02
6.433713985294599313e-02
1.280689104577378556e-01
9.998022768767260704e-01
9.996381122219415438e-01
6.428034154203277062e-02
6.096787555428319350e-02
9.997374771232190316e-01
6.588685369223072630e-02
1.329689939968416446e-01
6.085061232416560939e-02
7.393968059909589163e-02
6.422173559773583507e-02
5.697106328776336409e-02
6.103206976691268049e-02
6.085227662789477465e-02
9.990039009089304312e-01
9.992557647237622076e-01
9.982863959656753661e-01
7.751856668140004458e-02
6.642179845330503651e-02
6.495169623048327456e-02
6.082666115360477188e-02
7.024157071901462879e-02
9.996016503160505273e-01
9.989590110491782804e-01
