2.973770641649755783e-02
3.452275127051162434e-02
3.436979287489762974e-02
7.419721076415863870e-02
3.323771304407118626e-02
3.194367115880378249e-02
9.998708100954682987e-01
3.303395201242333157e-02
2.785096855242468611e-02
9.998505861669346739e-01
3.232699956509228062e-02
9.998887581364164223e-01
3.231314472184695918e-02
2.783541712946125887e-02
9.983138987111173090e-01
3.450092189705486478e-02
9.998235710113810848e-01
9.996218061126063148e-01
3.390607571026549999e-02
3.115716395040686593e-02
9.995796004127999179e-01
3.233675046805660480e-02
3.599986108275457508e-02
9.990644278064784167e-01
3.191222789209552380e-02
4.168258432308322159e-02
3.272489924567657110e-02
3.012011634379401295e-02
3.291611847912981337e-02
2.834643846021362226e-02
4.344126504473795891e-01
9.998832792508732803e-01
3.035186664942783955e-02
9.776732325471411134e-01
2.226263717008996335e-01
9.997822312732443928e-01
3.231158772555301623e-02
1.598723636749695698e-01
2.871223919510048142e-02
7.064899134109596524e-02
9.998795499770000150e-01
6.887549954324402313e-01
9.994143861301330034e-01
3.136845764758745131e-02
8.738631385461839707e-02
2.798724624134018013e-01
9.969969327243030088e-01
4.159301310575558852e-01
3.184853028007238879e-02
1.566384114856184673e-01
1.017365432944286330e-01
3.189291742772393939e-02
3.740388984055031257e-02
1.327390602882072002e-01
9.998819372509430981e-01
3.578178786351009499e-01
9.995357452339621585e-01
3.395428629266498965e-02
9.965982183595498700e-01
3.189291754839369830e-02
9.897261328054831608e-01
9.997779349005585514e-01
1.336897581063320462e-01
3.701262169945269964e-02
