9.959099495868247720e-01
5.944705439201695280e-02
7.882688989763343701e-02
6.090176742451193503e-02
6.066974773767246087e-02
8.932736112464593203e-01
9.996961870391493088e-01
9.994668694824370148e-01
2.262838936007976476e-01
5.235358756307433720e-02
5.885573326192905519e-02
5.780527270164187437e-02
5.717734913517539402e-02
1.313692638319074735e-01
5.235496793425344075e-02
5.432184036412944506e-02
3.091967156101411707e-01
6.913948919695786510e-02
5.608480115295100266e-02
5.652207111251872362e-02
5.953263067415956455e-02
3.273249055191249646e-01
6.877700356521494751e-02
6.334005838387972431e-02
9.507580580838492779e-01
9.996119757166849196e-01
5.833825806689577065e-02
5.970462050808961196e-02
7.547577983676959090e-02
8.803451523224675723e-02
5.717741988494363936e-02
9.997275796923557056e-01
2.992229862368430138e-01
7.706242068069588114e-02
9.946089291643279706e-01
2.798707909538028504e-01
9.974320091556174717e-01
9.986260436678332519e-01
9.994990482479141347e-01
5.449704945649405663e-02
5.717807906979142235e-02
9.997874398121394668e-01
7.250755471387492213e-01
6.069503867784705603e-02
9.490218529989432605e-01
6.854327404809988644e-02
9.993231081801488003e-01
5.537945695242865729e-02
5.622438828454276449e-02
9.990520644366723824e-01
8.991713174116148233e-01
1.014954603347216489e-01
5.235355315249826114e-02
6.764468721098979009e-02
6.236113531592746978e-02
9.997493837321407284e-01
5.592249947566307194e-02
9.995146712519471510e-01
6.050164795063184275e-02
5.780298050250879532e-02
9.921828939636168077e-01
2.840369983620770200e-01
9.997465469840070007e-01
5.587060793196016451e-02
