9.994730096184842871e-01
8.578900899050282414e-01
1.590466534568102663e-01
9.825772227954687743e-01
8.658241458480895325e-01
9.929571197559956541e-01
1.556571080904790294e-01
2.268532600389627507e-01
1.331539231777838506e-01
9.988864628932838663e-01
4.105937398781588921e-01
9.878347506764214581e-01
9.926077357307502291e-01
9.967642089145624107e-01
1.468926324379714876e-01
1.473938829022627406e-01
2.707187901567553734e-01
1.396358298423729105e-01
7.829205576644187037e-01
1.743792379612897903e-01
9.162487136090903261e-01
1.473679452984595351e-01
1.363513665074986281e-01
1.363513546658078335e-01
9.991517590939951177e-01
1.473940903668958524e-01
1.432449523409550507e-01
9.982135169073037551e-01
1.488620754781970201e-01
1.363513642068872878e-01
9.476727013768853070e-01
6.200416382797011572e-01
1.576065290490962223e-01
9.993469746109141516e-01
1.408680806250650064e-01
1.483665108840343805e-01
1.344229230471146175e-01
9.984647603865887122e-01
1.330583144087119918e-01
1.423710159453362711e-01
1.475925836933094371e-01
9.948210515974463819e-01
9.710192762204808981e-01
9.892167697174866214e-01
7.626706765023992807e-01
9.994434882496019412e-01
1.552523100421984437e-01
1.473940902179513568e-01
9.990421025147013800e-01
9.620649904460444324e-01
9.825574042494230609e-01
1.468599185271793062e-01
9.990720279742869581e-01
1.548472841520381615e-01
1.331632531159590849e-01
9.993873419233786359e-01
8.127753123477471364e-01
1.518494725111073362e-01
1.459296306294900203e-01
1.363513512235949021e-01
9.987126077572645588e-01
1.894542044331147257e-01
1.376536704272059153e-01
9.719929200885647491e-01
