1.954796819808385377e-01
1.875346305134433511e-01
3.487397522058724442e-01
9.874929196565007672e-01
1.997244707538460284e-01
9.978359195430157591e-01
9.797565988752759969e-01
2.191343700399163430e-01
2.071786421903310527e-01
2.009256307408584796e-01
9.991927341994811806e-01
9.988709091379665006e-01
2.113190838058415788e-01
2.050636073904477941e-01
1.996353925445455701e-01
2.138314199107969327e-01
9.322025536251382638e-01
9.857855195703303375e-01
9.991615113455749597e-01
2.142283748311285818e-01
2.207947745057242117e-01
2.086593522366198550e-01
2.071434207200172628e-01
2.144800299983617986e-01
2.086657779977539873e-01
9.988516290598600245e-01
1.842565946097614593e-01
1.942999159189750524e-01
9.980923665975091064e-01
9.984521859467767602e-01
2.072441859595753055e-01
2.077712118301723310e-01
1.869833578594619627e-01
9.957391642172699342e-01
2.080295871180624367e-01
2.487456211794546734e-01
9.988405097826509316e-01
2.173073414960570715e-01
1.881173061034216443e-01
2.138319480333718270e-01
9.825071478867899444e-01
9.839171622836527797e-01
2.576440182133289958e-01
1.869985526983543034e-01
9.971161306858636886e-01
9.680740642838754351e-01
2.041096451549837543e-01
2.450538061600671391e-01
2.094321858693136418e-01
3.321843477861365357e-01
4.053354351983445847e-01
9.817727438118143413e-01
2.137814311176009785e-01
1.919282918660538684e-01
1.950209747381926595e-01
2.801340049360846463e-01
9.984817601432116607e-01
9.990718436677538117e-01
2.076123753176136455e-01
9.991500915923535731e-01
2.006452549741600255e-01
1.899494758952267048e-01
9.983016016246041291e-01
2.028530568261364131e-01
