2.446708236854540364e-01
9.999196499490716761e-01
9.999770235360220250e-01
9.990125868399976072e-01
9.999633145047568394e-01
9.698864355846749108e-01
2.435277369538179359e-01
9.999722632950842627e-01
9.988475539217573917e-01
9.999870469107001725e-01
1.557735579365239764e-01
1.976372159329271017e-01
1.819644520775148544e-01
1.520341567099377511e-01
1.814036826651163892e-01
1.921271914179296936e-01
9.996104784233740270e-01
7.633129678885616221e-01
1.861907701126198078e-01
9.999730467757655950e-01
1.967644674588072129e-01
1.568391326063036384e-01
9.145737287566554352e-01
1.784768674489103923e-01
1.913473082056621200e-01
1.813377749997586996e-01
2.253949340913377897e-01
7.321102201071397753e-01
3.326227847543667959e-01
2.932491424243825473e-01
1.921208340506186107e-01
9.972200435275976327e-01
1.620662108577943517e-01
1.768935703407788496e-01
5.269898690993823909e-01
9.982236138647515578e-01
1.854179119618152294e-01
6.021372171900678527e-01
1.813543769043090281e-01
9.997640247121790669e-01
1.685389242779380681e-01
1.661146441593450707e-01
9.992834142887409010e-01
9.993511471110315680e-01
1.690263319281869181e-01
1.976871661991618789e-01
9.746491901590518259e-01
9.999837845060497443e-01
1.666171947248368257e-01
1.808116349293062697e-01
1.601042901221703119e-01
1.755161286589503322e-01
1.890834896211916472e-01
1.843012162103270235e-01
1.977112229110569441e-01
1.760963820844819172e-01
1.664347794074548526e-01
2.007846374829524716e-01
1.784749767521207064e-01
1.697972892680872370e-01
9.950058111606393529e-01
1.843233872808723584e-01
1.841562776875080854e-01
1.988045005946136590e-01
