9.997536321922345648e-01
1.155660370578337898e-01
9.700099989576839443e-02
9.999501072439136440e-01
3.787692097545427572e-01
9.360965184854588839e-02
1.231157482676161208e-01
9.999473148806200529e-01
1.026604299972435907e-01
3.942804763719510164e-01
1.016204547509543948e-01
3.837789818597068248e-01
1.085567254701633594e-01
1.033090774132708334e-01
1.368946117420984654e-01
9.667067144628782582e-02
9.349512368144964614e-02
5.721424221605715399e-01
1.071308667344591653e-01
4.944396858706629483e-01
9.700100612514506171e-02
9.367633939180525227e-02
1.020805276220772412e-01
9.866697687214955881e-01
9.700019808656473730e-02
1.035066087217326597e-01
1.232066497692686502e-01
9.999009062557073779e-01
7.613667374896887496e-02
8.738982424963438744e-02
9.679318104050615990e-02
9.138477117669956407e-01
9.996705294889363103e-01
9.702828287077899794e-02
9.446171785634016604e-02
1.092069386387629210e-01
5.723524694188647510e-01
9.996087172197190007e-01
9.183816407032395490e-02
9.700100015544657617e-02
9.999019354053085840e-01
9.500397526722820229e-02
1.166322017222790886e-01
1.333686858821812316e-01
9.996009635298008789e-01
1.113334526883027198e-01
8.159449758114262208e-02
8.761027620307874908e-02
1.031591202004557284e-01
9.997447142483971705e-01
9.333890960449377217e-02
8.061058695645147154e-02
4.051460178984761518e-01
9.971145228681681516e-01
9.174749139891587302e-02
1.123520728635508531e-01
1.016125849141250731e-01
9.984200450861370202e-01
9.501954188538784818e-01
9.163385942912663507e-02
1.035514460229044614e-01
9.481064082216227040e-02
1.011997799990708852e-01
8.529431918203443652e-02
9.999670998457940163e-01
