8.522469020532745521e-02
7.458268550335603320e-02
7.199189973794274666e-02
9.994656691725288811e-01
6.614407552048741368e-02
7.986193573315615579e-02
1.311907741009702699e-01
8.012234715183653988e-02
7.002372787732498438e-02
7.917385864677095597e-02
9.995967356196513443e-01
7.948403394281478018e-02
9.981377667950882548e-01
5.327556595938791606e-01
3.007225462094739732e-01
1.797683682428498630e-01
1.466972302516648674e-01
6.997547484210718538e-02
9.991567388206511469e-01
9.936861022533264309e-01
8.470025765880995205e-02
6.838768268745067103e-02
6.872861358103936336e-02
8.696121425146978445e-02
6.997153591052131250e-02
7.971160490132958576e-02
1.081284315979022109e-01
8.543177757546144280e-02
7.364612266126593920e-02
9.995845625922997746e-01
7.607914198490042801e-02
2.544075577629517082e-01
7.350185087556922181e-02
1.120091544379814424e-01
8.848210233509869183e-02
1.483438084739895357e-01
9.831982399086036661e-02
1.082250696908226562e-01
9.993703508371927224e-01
9.982863786552330643e-01
2.393655968444965698e-01
7.614329137126024660e-02
9.996379452752591765e-01
9.880655477675170939e-01
7.491558993435606939e-02
7.350548527523012576e-02
8.128970404720683995e-02
9.994440864698173055e-01
9.717283264450283786e-01
7.818330120398209182e-02
7.943174717544139452e-02
7.350194911090308925e-02
9.683747041674708456e-01
5.084664747453147005e-01
7.770056731498846403e-02
7.350194897375954273e-02
7.350182327063181642e-02
7.647302769289776592e-02
7.937457913899671758e-02
1.076279840181598446e-01
6.730859843564790390e-02
9.994301523502755469e-01
7.934804149266148909e-02
1.149837866938624026e-01
1.066280097039013219e-01
9.716376654477983932e-01
5.379085668462560421e-02
5.367521749261213587e-02
5.525495632808901519e-02
5.034583037379304626e-02
1.274139331501124850e-01
9.536891768327490082e-01
4.857128885193954387e-02
5.631233073351563090e-02
5.808835010631889506e-02
9.996807606772262211e-01
6.315100474055140856e-02
5.214589837694514479e-02
5.525900392782218118e-02
5.562731863421523093e-02
5.525495616723178488e-02
6.267714499581980570e-02
2.205510022171197904e-01
5.306468117189995504e-02
5.046635059156076575e-02
5.525495610378810402e-02
6.316214212956325347e-02
9.997077417292939971e-01
5.525622247803640974e-02
5.556440628289836814e-02
9.108435592894215116e-01
5.249016985979677863e-02
5.882926974029149825e-02
1.622898596924087500e-01
9.973739019187952692e-01
5.035280389069313189e-02
9.984904212939836876e-01
9.998066876103409717e-01
5.348414784988744786e-02
5.754607354784166406e-02
6.131744981398457028e-02
9.776195178112436768e-01
5.986710297620965321e-02
5.348338733447990240e-02
1.194900861569164058e-01
9.997802808143939624e-01
5.034573623849817464e-02
1.226001056349440427e-01
4.611908981523526324e-02
9.997057456923623686e-01
9.438605010495513259e-01
5.420435833319400126e-02
5.525877850577594341e-02
9.997616217028757468e-01
9.990484368081571365e-01
5.034573544040268911e-02
9.995809674191347138e-01
5.879698874256000102e-02
5.244186841774538255e-02
9.996356488257426287e-01
5.300584302439298456e-02
5.783808140087994681e-02
5.664390919503962257e-02
4.996382108643653008e-02
6.928362079610814184e-02
7.150067697952247614e-02
5.300487121598274065e-02
5.542921695514530650e-02
4.446441230465947997e-02
4.453039803706412836e-02
4.602292171356136413e-02
9.634971904393156983e-01
1.089583876741478524e-01
4.574933995300473760e-02
5.675564818574916487e-02
4.443762324763564364e-02
4.446430636224758121e-02
4.843642534972538577e-02
5.411487958777447815e-01
4.137921464850559672e-01
3.780246705226863319e-02
4.462842731338389352e-02
4.566424466743597421e-02
8.394701902002836558e-02
2.972264632239854376e-01
4.191358961055789006e-02
4.860722541361342519e-02
9.998205709323315649e-01
4.191371486214970354e-02
5.461236877450546812e-02
4.394798151947119924e-02
3.752914808282750009e-02
4.843640825106775016e-02
4.842748472929954417e-02
4.443638877418841504e-02
9.410642425947702838e-01
5.207784654759824855e-02
2.438008613034428340e-01
9.997207190304540081e-01
4.722503644637390807e-02
1.280557888184718218e-01
4.191639477680204201e-02
9.994330490957423763e-01
9.977548493845916910e-01
2.169838931642941171e-01
9.077893454274132967e-01
9.997240931623977422e-01
4.730202355361327188e-02
8.698867603010064509e-02
4.566844866233978756e-02
1.072688916729730574e-01
4.191388698106823796e-02
4.679112710937365777e-02
5.072948273107447809e-02
4.730085844624570129e-02
4.566841245231779284e-02
4.171720374364126793e-02
7.407969416983386512e-01
6.497094322838498082e-02
5.804213687146317358e-02
4.569975695099265378e-02
4.694080016751470824e-02
9.998230724807956049e-01
8.120937319193298476e-02
9.998631685806290692e-01
4.566835638934216984e-02
1.862099953079739412e-01
8.177648950485152390e-01
9.997883798958302481e-01
4.139395493459650799e-02
4.235763513716287593e-02
9.989878666903820870e-01
9.997434666687019522e-01
5.962635921675773359e-02
6.091326494744354891e-02
9.996646734834072623e-01
6.488521641448430355e-02
5.581702766638529239e-02
6.512240817591605224e-02
9.989390790536788467e-01
5.778187617585794217e-02
5.581841391955420784e-02
6.265784613011542159e-02
2.311351367872981344e-01
6.494294734723898843e-02
5.460546554483620973e-02
2.182564925717499493e-01
6.029677848379970395e-02
9.998083250046690962e-01
9.998229293618036140e-01
9.418868440368496353e-01
8.963031827614943714e-02
5.394715108143251919e-02
8.998564153121136888e-01
9.995262223520625655e-01
8.445993775535846904e-02
9.997720207274838344e-01
6.870013052691549549e-02
6.351286769275463207e-02
9.990144354469446819e-01
6.814022543719328029e-02
6.135562440852850852e-01
6.358014694499618258e-02
6.495450051536154346e-02
5.951151157916872297e-02
6.273161443228353340e-02
5.587232732277350872e-02
9.994762388722693291e-01
6.086341796370545176e-02
9.997326996029176627e-01
6.278600872393434729e-02
6.433713985294599313e-02
1.280689104577378556e-01
9.998022768767260704e-01
9.996381122219415438e-01
6.428034154203277062e-02
6.096787555428319350e-02
9.997374771232190316e-01
6.588685369223072630e-02
1.329689939968416446e-01
6.085061232416560939e-02
7.393968059909589163e-02
6.422173559773583507e-02
5.697106328776336409e-02
6.103206976691268049e-02
6.085227662789477465e-02
9.990039009089304312e-01
9.992557647237622076e-01
9.982863959656753661e-01
7.751856668140004458e-02
6.642179845330503651e-02
6.495169623048327456e-02
6.082666115360477188e-02
7.024157071901462879e-02
9.996016503160505273e-01
9.989590110491782804e-01
2.973770641649755783e-02
3.452275127051162434e-02
3.436979287489762974e-02
7.419721076415863870e-02
3.323771304407118626e-02
3.194367115880378249e-02
9.998708100954682987e-01
3.303395201242333157e-02
2.785096855242468611e-02
9.998505861669346739e-01
3.232699956509228062e-02
9.998887581364164223e-01
3.231314472184695918e-02
2.783541712946125887e-02
9.983138987111173090e-01
3.450092189705486478e-02
9.998235710113810848e-01
9.996218061126063148e-01
3.390607571026549999e-02
3.115716395040686593e-02
9.995796004127999179e-01
3.233675046805660480e-02
3.599986108275457508e-02
9.990644278064784167e-01
3.191222789209552380e-02
4.168258432308322159e-02
3.272489924567657110e-02
3.012011634379401295e-02
3.291611847912981337e-02
2.834643846021362226e-02
4.344126504473795891e-01
9.998832792508732803e-01
3.035186664942783955e-02
9.776732325471411134e-01
2.226263717008996335e-01
9.997822312732443928e-01
3.231158772555301623e-02
1.598723636749695698e-01
2.871223919510048142e-02
7.064899134109596524e-02
9.998795499770000150e-01
6.887549954324402313e-01
9.994143861301330034e-01
3.136845764758745131e-02
8.738631385461839707e-02
2.798724624134018013e-01
9.969969327243030088e-01
4.159301310575558852e-01
3.184853028007238879e-02
1.566384114856184673e-01
1.017365432944286330e-01
3.189291742772393939e-02
3.740388984055031257e-02
1.327390602882072002e-01
9.998819372509430981e-01
3.578178786351009499e-01
9.995357452339621585e-01
3.395428629266498965e-02
9.965982183595498700e-01
3.189291754839369830e-02
9.897261328054831608e-01
9.997779349005585514e-01
1.336897581063320462e-01
3.701262169945269964e-02
9.959099495868247720e-01
5.944705439201695280e-02
7.882688989763343701e-02
6.090176742451193503e-02
6.066974773767246087e-02
8.932736112464593203e-01
9.996961870391493088e-01
9.994668694824370148e-01
2.262838936007976476e-01
5.235358756307433720e-02
5.885573326192905519e-02
5.780527270164187437e-02
5.717734913517539402e-02
1.313692638319074735e-01
5.235496793425344075e-02
5.432184036412944506e-02
3.091967156101411707e-01
6.913948919695786510e-02
5.608480115295100266e-02
5.652207111251872362e-02
5.953263067415956455e-02
3.273249055191249646e-01
6.877700356521494751e-02
6.334005838387972431e-02
9.507580580838492779e-01
9.996119757166849196e-01
5.833825806689577065e-02
5.970462050808961196e-02
7.547577983676959090e-02
8.803451523224675723e-02
5.717741988494363936e-02
9.997275796923557056e-01
2.992229862368430138e-01
7.706242068069588114e-02
9.946089291643279706e-01
2.798707909538028504e-01
9.974320091556174717e-01
9.986260436678332519e-01
9.994990482479141347e-01
5.449704945649405663e-02
5.717807906979142235e-02
9.997874398121394668e-01
7.250755471387492213e-01
6.069503867784705603e-02
9.490218529989432605e-01
6.854327404809988644e-02
9.993231081801488003e-01
5.537945695242865729e-02
5.622438828454276449e-02
9.990520644366723824e-01
8.991713174116148233e-01
1.014954603347216489e-01
5.235355315249826114e-02
6.764468721098979009e-02
6.236113531592746978e-02
9.997493837321407284e-01
5.592249947566307194e-02
9.995146712519471510e-01
6.050164795063184275e-02
5.780298050250879532e-02
9.921828939636168077e-01
2.840369983620770200e-01
9.997465469840070007e-01
5.587060793196016451e-02
9.994730096184842871e-01
8.578900899050282414e-01
1.590466534568102663e-01
9.825772227954687743e-01
8.658241458480895325e-01
9.929571197559956541e-01
1.556571080904790294e-01
2.268532600389627507e-01
1.331539231777838506e-01
9.988864628932838663e-01
4.105937398781588921e-01
9.878347506764214581e-01
9.926077357307502291e-01
9.967642089145624107e-01
1.468926324379714876e-01
1.473938829022627406e-01
2.707187901567553734e-01
1.396358298423729105e-01
7.829205576644187037e-01
1.743792379612897903e-01
9.162487136090903261e-01
1.473679452984595351e-01
1.363513665074986281e-01
1.363513546658078335e-01
9.991517590939951177e-01
1.473940903668958524e-01
1.432449523409550507e-01
9.982135169073037551e-01
1.488620754781970201e-01
1.363513642068872878e-01
9.476727013768853070e-01
6.200416382797011572e-01
1.576065290490962223e-01
9.993469746109141516e-01
1.408680806250650064e-01
1.483665108840343805e-01
1.344229230471146175e-01
9.984647603865887122e-01
1.330583144087119918e-01
1.423710159453362711e-01
1.475925836933094371e-01
9.948210515974463819e-01
9.710192762204808981e-01
9.892167697174866214e-01
7.626706765023992807e-01
9.994434882496019412e-01
1.552523100421984437e-01
1.473940902179513568e-01
9.990421025147013800e-01
9.620649904460444324e-01
9.825574042494230609e-01
1.468599185271793062e-01
9.990720279742869581e-01
1.548472841520381615e-01
1.331632531159590849e-01
9.993873419233786359e-01
8.127753123477471364e-01
1.518494725111073362e-01
1.459296306294900203e-01
1.363513512235949021e-01
9.987126077572645588e-01
1.894542044331147257e-01
1.376536704272059153e-01
9.719929200885647491e-01
1.954796819808385377e-01
1.875346305134433511e-01
3.487397522058724442e-01
9.874929196565007672e-01
1.997244707538460284e-01
9.978359195430157591e-01
9.797565988752759969e-01
2.191343700399163430e-01
2.071786421903310527e-01
2.009256307408584796e-01
9.991927341994811806e-01
9.988709091379665006e-01
2.113190838058415788e-01
2.050636073904477941e-01
1.996353925445455701e-01
2.138314199107969327e-01
9.322025536251382638e-01
9.857855195703303375e-01
9.991615113455749597e-01
2.142283748311285818e-01
2.207947745057242117e-01
2.086593522366198550e-01
2.071434207200172628e-01
2.144800299983617986e-01
2.086657779977539873e-01
9.988516290598600245e-01
1.842565946097614593e-01
1.942999159189750524e-01
9.980923665975091064e-01
9.984521859467767602e-01
2.072441859595753055e-01
2.077712118301723310e-01
1.869833578594619627e-01
9.957391642172699342e-01
2.080295871180624367e-01
2.487456211794546734e-01
9.988405097826509316e-01
2.173073414960570715e-01
1.881173061034216443e-01
2.138319480333718270e-01
9.825071478867899444e-01
9.839171622836527797e-01
2.576440182133289958e-01
1.869985526983543034e-01
9.971161306858636886e-01
9.680740642838754351e-01
2.041096451549837543e-01
2.450538061600671391e-01
2.094321858693136418e-01
3.321843477861365357e-01
4.053354351983445847e-01
9.817727438118143413e-01
2.137814311176009785e-01
1.919282918660538684e-01
1.950209747381926595e-01
2.801340049360846463e-01
9.984817601432116607e-01
9.990718436677538117e-01
2.076123753176136455e-01
9.991500915923535731e-01
2.006452549741600255e-01
1.899494758952267048e-01
9.983016016246041291e-01
2.028530568261364131e-01
2.446708236854540364e-01
9.999196499490716761e-01
9.999770235360220250e-01
9.990125868399976072e-01
9.999633145047568394e-01
9.698864355846749108e-01
2.435277369538179359e-01
9.999722632950842627e-01
9.988475539217573917e-01
9.999870469107001725e-01
1.557735579365239764e-01
1.976372159329271017e-01
1.819644520775148544e-01
1.520341567099377511e-01
1.814036826651163892e-01
1.921271914179296936e-01
9.996104784233740270e-01
7.633129678885616221e-01
1.861907701126198078e-01
9.999730467757655950e-01
1.967644674588072129e-01
1.568391326063036384e-01
9.145737287566554352e-01
1.784768674489103923e-01
1.913473082056621200e-01
1.813377749997586996e-01
2.253949340913377897e-01
7.321102201071397753e-01
3.326227847543667959e-01
2.932491424243825473e-01
1.921208340506186107e-01
9.972200435275976327e-01
1.620662108577943517e-01
1.768935703407788496e-01
5.269898690993823909e-01
9.982236138647515578e-01
1.854179119618152294e-01
6.021372171900678527e-01
1.813543769043090281e-01
9.997640247121790669e-01
1.685389242779380681e-01
1.661146441593450707e-01
9.992834142887409010e-01
9.993511471110315680e-01
1.690263319281869181e-01
1.976871661991618789e-01
9.746491901590518259e-01
9.999837845060497443e-01
1.666171947248368257e-01
1.808116349293062697e-01
1.601042901221703119e-01
1.755161286589503322e-01
1.890834896211916472e-01
1.843012162103270235e-01
1.977112229110569441e-01
1.760963820844819172e-01
1.664347794074548526e-01
2.007846374829524716e-01
1.784749767521207064e-01
1.697972892680872370e-01
9.950058111606393529e-01
1.843233872808723584e-01
1.841562776875080854e-01
1.988045005946136590e-01
9.997536321922345648e-01
1.155660370578337898e-01
9.700099989576839443e-02
9.999501072439136440e-01
3.787692097545427572e-01
9.360965184854588839e-02
1.231157482676161208e-01
9.999473148806200529e-01
1.026604299972435907e-01
3.942804763719510164e-01
1.016204547509543948e-01
3.837789818597068248e-01
1.085567254701633594e-01
1.033090774132708334e-01
1.368946117420984654e-01
9.667067144628782582e-02
9.349512368144964614e-02
5.721424221605715399e-01
1.071308667344591653e-01
4.944396858706629483e-01
9.700100612514506171e-02
9.367633939180525227e-02
1.020805276220772412e-01
9.866697687214955881e-01
9.700019808656473730e-02
1.035066087217326597e-01
1.232066497692686502e-01
9.999009062557073779e-01
7.613667374896887496e-02
8.738982424963438744e-02
9.679318104050615990e-02
9.138477117669956407e-01
9.996705294889363103e-01
9.702828287077899794e-02
9.446171785634016604e-02
1.092069386387629210e-01
5.723524694188647510e-01
9.996087172197190007e-01
9.183816407032395490e-02
9.700100015544657617e-02
9.999019354053085840e-01
9.500397526722820229e-02
1.166322017222790886e-01
1.333686858821812316e-01
9.996009635298008789e-01
1.113334526883027198e-01
8.159449758114262208e-02
8.761027620307874908e-02
1.031591202004557284e-01
9.997447142483971705e-01
9.333890960449377217e-02
8.061058695645147154e-02
4.051460178984761518e-01
9.971145228681681516e-01
9.174749139891587302e-02
1.123520728635508531e-01
1.016125849141250731e-01
9.984200450861370202e-01
9.501954188538784818e-01
9.163385942912663507e-02
1.035514460229044614e-01
9.481064082216227040e-02
1.011997799990708852e-01
8.529431918203443652e-02
9.999670998457940163e-01
