9.456600362316709418e-01
9.442141422497845049e-01
9.999219774776659797e-01
9.999237733648882465e-01
9.998576884818609622e-01
9.999121634091799882e-01
9.999224033344300544e-01
9.999194528076190691e-01
9.994070604263765034e-01
9.999384082781929139e-01
9.998881590967592103e-01
9.999384138925374588e-01
9.998436511219707112e-01
9.999302347246770140e-01
9.999132542773173649e-01
9.999209196815204148e-01
9.998471529402177538e-01
9.999033078464375501e-01
9.992863830794662672e-01
9.998898430674753035e-01
9.999224069777943313e-01
9.999227584053594908e-01
9.975901410198294572e-01
9.797270822090018427e-01
9.999209196812510747e-01
9.997933323860879185e-01
9.999047825191861305e-01
9.998798295067152786e-01
9.999398435299364785e-01
9.999167659535034280e-01
9.999013386913244705e-01
9.999219585084209161e-01
9.357227693828585879e-01
9.999000400533952782e-01
9.998757424913425895e-01
9.999470003971754339e-01
9.999271215267150348e-01
9.904731552280434670e-01
9.999400709243015939e-01
9.999033078451610157e-01
9.999077404808961456e-01
9.999384052874276119e-01
9.999261860513105615e-01
9.999203578817111859e-01
9.532201036855457721e-01
9.999257361452075221e-01
9.999319454740736024e-01
9.999288177801258781e-01
9.999103561475574109e-01
9.999169989463163599e-01
9.998886777072261145e-01
9.998471159720798696e-01
9.998847922379680009e-01
9.999338297037535517e-01
9.998957558303480653e-01
9.581767945720520707e-01
9.999067495873465994e-01
9.999047234046265498e-01
9.999316245334360920e-01
9.999290958972527621e-01
9.999361155143211555e-01
9.999153036275900686e-01
9.999078674478043549e-01
9.999384664868059547e-01
