9.999182537832217443e-01
9.998707339257250082e-01
9.994710527636569974e-01
9.999096420168809285e-01
9.998569744513537971e-01
9.998956090759825166e-01
9.998959493861797609e-01
9.999110012212216736e-01
9.999211702972672366e-01
9.999066303383130627e-01
9.998814554341229899e-01
9.994213492013658273e-01
9.999066506019460565e-01
9.999208233927848744e-01
9.998852004432768892e-01
9.999066304621175849e-01
9.998973713685406217e-01
9.998956015181981183e-01
9.998894759753486072e-01
9.998437853093242733e-01
9.998449390993461305e-01
9.999078553066004238e-01
9.998978416082636711e-01
9.998956015382380880e-01
9.999072521305112371e-01
9.999093089751380781e-01
9.978536683042854571e-01
9.998984891870933422e-01
9.999078569874368938e-01
9.476471975207942933e-01
9.998763998458877200e-01
9.998793485927062186e-01
9.999110053998657710e-01
9.999181394859459893e-01
9.810049864883204629e-01
9.993834727908950111e-01
9.987927584365039468e-01
9.999054217877308970e-01
9.998956015182258739e-01
9.998956015214406357e-01
9.998894759811807198e-01
9.998956026281631271e-01
9.410032398430333567e-01
9.998940722662694736e-01
9.993562964550011252e-01
9.999078552320863622e-01
9.999042790829676397e-01
9.484120409277505548e-01
9.612573348354358505e-01
9.427852302953605435e-01
9.998956015019384580e-01
9.865876059466063275e-01
9.539026963186018060e-01
9.464304710493814943e-01
9.999181371597259949e-01
9.999229591830127717e-01
9.294527050874229479e-01
9.997755351467301210e-01
9.999315110885472757e-01
9.999088051960413059e-01
8.917184144250227540e-01
9.998973039308084454e-01
9.999042684142896986e-01
9.999072244569149337e-01
