9.999401798846625500e-01
9.999319331352400919e-01
9.998952564691128142e-01
9.999401230042250788e-01
9.999328962329890880e-01
9.999271713203348178e-01
9.996269410723778170e-01
9.999082018717327935e-01
9.999200567441878240e-01
9.999297608508785906e-01
9.999314795687410662e-01
9.917067407805854051e-01
9.999218769236953852e-01
9.999264566760135420e-01
9.999297364383381570e-01
9.999241774954786832e-01
9.999393589004420546e-01
9.998143238998439264e-01
9.908089988845721896e-01
9.999328963457475572e-01
9.998295727570041258e-01
9.999061043623486134e-01
9.998357252901215464e-01
9.999389437248628054e-01
9.956379349186618155e-01
9.987351477572316005e-01
9.999341578051282875e-01
9.999103425510911247e-01
9.780535886292620606e-01
8.524853091189907861e-01
9.999308683129419784e-01
9.932556709722645261e-01
9.411294387899685754e-01
9.999170117759377252e-01
9.999328963353562028e-01
9.999336594684424817e-01
9.999377815527032975e-01
9.985834402865061410e-01
9.999252620306389172e-01
9.965257731737180436e-01
9.999105845248008606e-01
9.999242078520168553e-01
9.998911807288036746e-01
9.999284334046362188e-01
9.999353673418857058e-01
9.999353673432284095e-01
9.999053080984746655e-01
9.999401798802703967e-01
9.999368954483041083e-01
9.997131976012921806e-01
9.997249673112635904e-01
9.999152845748086049e-01
9.898681497530438245e-01
9.997388753466909250e-01
9.999328941593814690e-01
9.999230090759642087e-01
9.999353673432286316e-01
9.999147363469320648e-01
9.994608176001289479e-01
9.999241485335035318e-01
9.403656097450389106e-01
9.998728348885113082e-01
9.994183493164841003e-01
9.850356193978885289e-01
