9.956180831253341745e-01
9.999485317473233437e-01
9.999379123650757872e-01
9.999282171879492198e-01
9.998606442772186575e-01
9.999368589388895057e-01
9.898186995919319164e-01
9.999462130319137776e-01
9.999456208633925591e-01
9.998208914102253431e-01
9.998229166620229424e-01
9.315455743481702022e-01
9.999328365810162822e-01
9.999473491257379054e-01
9.999405665422904654e-01
9.999405647360144478e-01
9.999415403245566214e-01
9.999322372975280038e-01
9.999231691079577544e-01
9.613667956293091565e-01
9.999173465196841137e-01
9.999326074144512244e-01
9.999405647444919998e-01
9.999419193215245416e-01
9.999405647351754522e-01
9.999396693457129892e-01
9.785279459251374767e-01
9.999434639269978442e-01
9.999379761931730393e-01
9.999015448449368737e-01
9.999228621326857747e-01
9.999347331255961091e-01
9.999491385309600133e-01
9.999389914110560218e-01
9.668666237060214996e-01
9.473478744245215077e-01
9.999326134971587843e-01
9.990341400667799299e-01
9.999021875790090608e-01
9.999102344827573985e-01
9.999099968805841288e-01
9.999313607867400533e-01
9.990339055321997286e-01
9.970020447063746571e-01
9.999416651736580119e-01
9.997959017699248330e-01
9.999471774993371476e-01
9.999171769725651027e-01
9.999158860311831987e-01
9.999228589292999958e-01
9.999405647364736360e-01
9.999372485694554280e-01
9.696541503432211107e-01
9.999366861487312130e-01
9.999176199287364009e-01
9.999104809308809738e-01
9.999114739234630234e-01
9.999246592767740971e-01
9.996469415008926163e-01
9.999473490739734238e-01
9.999337844668838571e-01
9.999115984252866518e-01
9.999337844781552853e-01
9.999380166985393226e-01
