9.999310237086228570e-01
9.999391858051585036e-01
9.999216270109904103e-01
9.999329288299835250e-01
9.999114168561964444e-01
9.998383902633652953e-01
9.999310237281117120e-01
9.999310237273102420e-01
9.659142391257373728e-01
9.990957810960069407e-01
9.999233557358644386e-01
9.999504767934799254e-01
9.992710374544802043e-01
9.998945552699193273e-01
9.999216845104174078e-01
9.999134200420173313e-01
9.998892690878545819e-01
9.999273133699780880e-01
9.999061946003264811e-01
9.999216914283789448e-01
9.999309466722704487e-01
9.998770563829174618e-01
9.999088804302508349e-01
9.999280073948494385e-01
9.999357385299131318e-01
9.092100350609766402e-01
9.999265453247889734e-01
9.999093990684333466e-01
9.998908926980371037e-01
9.999392013452026440e-01
9.562663092131586939e-01
9.999220492424226725e-01
9.998445128694274375e-01
9.999268447812322824e-01
9.999216347353320211e-01
9.999304896974537948e-01
9.999165640368010699e-01
9.998679211540300038e-01
9.999366508949903976e-01
9.997582416056267629e-01
9.999327611213755240e-01
9.999336790349863113e-01
9.722237889037415037e-01
9.999079685497469505e-01
9.999209399348732985e-01
9.998892044185544448e-01
9.999136248048251518e-01
9.999366403973607431e-01
9.998487270803094740e-01
9.998995011234150798e-01
9.999038636379562472e-01
9.999392010888455973e-01
9.999057580538126544e-01
9.999310240488354928e-01
9.999269788234286249e-01
9.999368214119066511e-01
9.999305241317463233e-01
9.999309386208682371e-01
9.999311635039518364e-01
9.511084555838518195e-01
9.999339399249701499e-01
9.999263216145237720e-01
9.999477724803577106e-01
9.999443465894235494e-01
