9.999108599259544095e-01
9.980092150074649782e-01
9.998832005359383768e-01
9.999077532067114360e-01
9.999036624674947360e-01
9.151665170457050635e-01
9.252958873851815369e-01
9.999130334791919150e-01
9.999006374209518100e-01
9.995179978746338012e-01
9.998723270547783537e-01
9.999024522627697475e-01
9.996916233421574427e-01
9.998650304296771152e-01
9.998804126469965636e-01
9.952355857274407525e-01
9.998003585754998701e-01
9.999073778420581871e-01
9.983369627973601723e-01
9.999020231203126219e-01
9.993752175142817107e-01
9.999032865829358130e-01
9.994550967622829463e-01
9.998968149354083845e-01
9.569056087299246949e-01
9.997849159580652900e-01
9.987094040275431572e-01
9.998973064612449724e-01
9.998800507670010385e-01
9.902663906612787503e-01
9.999130291819268157e-01
9.998479464438236874e-01
9.193037773154092429e-01
9.999052439993144636e-01
9.881638305272570921e-01
9.998993055035274580e-01
9.999088066574148836e-01
9.998941028742319714e-01
9.998981747537261100e-01
9.999127200438833185e-01
9.998614947512347584e-01
9.998689625956276306e-01
9.423935506218292790e-01
9.728895456981710987e-01
9.999245240106434673e-01
9.998513255222160057e-01
9.996742928570229170e-01
9.985957013608488531e-01
9.844351884255773122e-01
9.998989119737431430e-01
9.999136946564370909e-01
9.998624291487068216e-01
9.831830183157458380e-01
9.999129641519098888e-01
9.999005605716511091e-01
9.108868880296007164e-01
9.999038836980799205e-01
9.966819940353245366e-01
9.999078556391395312e-01
9.999230543603668808e-01
8.779552843750761948e-01
9.910031720389789189e-01
9.889188311708482226e-01
9.999287843237961715e-01
