9.999776903656393268e-01
9.999794485039584790e-01
9.999804688895213012e-01
9.999418343979330492e-01
9.999850705039342591e-01
9.999823967987016005e-01
9.999850189950058033e-01
9.999823956906792599e-01
8.075699464623745660e-01
6.828287247127744486e-01
9.999532870737718460e-01
9.999683725870593953e-01
9.999776867955014747e-01
6.539200490040633085e-01
7.336090060823380332e-01
9.997858034129363247e-01
6.889578478439262188e-01
5.792545798375640098e-01
5.983117541849456433e-01
9.157372195299982032e-01
6.980300840295542431e-01
9.999784245546115002e-01
8.716697795844855490e-01
9.992423825309699748e-01
9.997031932007899302e-01
9.997914995208212474e-01
6.426703758863729909e-01
8.485504950848017369e-01
8.156931262436478702e-01
5.633298710330870707e-01
6.808322274529888807e-01
9.577745037449795218e-01
9.117562335374859162e-01
9.522232007065436488e-01
8.256104350387383217e-01
7.329493001606603997e-01
8.232737974308307338e-01
7.924010097539230246e-01
6.570856015671444617e-01
9.999801964173984370e-01
9.542412336047328969e-01
7.416786602499406689e-01
7.039341716583209507e-01
8.825912809529684599e-01
9.996543260457081415e-01
9.999823744208179432e-01
9.947207483130874328e-01
9.979193286631530269e-01
6.790808694255883182e-01
7.030115466374039501e-01
9.999834574796995224e-01
6.761533634926839564e-01
9.999850191016557144e-01
9.999432119473689040e-01
6.303747266612927946e-01
7.885339279548569946e-01
9.395064081818786939e-01
8.892134700041577355e-01
6.443835327584812589e-01
8.473788737493891388e-01
6.488849672657840406e-01
9.337397367964018757e-01
9.999850191018540002e-01
9.999833550224033196e-01
