9.998250521670013491e-01
9.667592973152533409e-01
9.903470312776263551e-01
9.998032513633264839e-01
8.932468147020693472e-01
9.351342425721769214e-01
9.797524851375840615e-01
9.132057252166598804e-01
9.185335286515389219e-01
9.022014053489879615e-01
9.998452532065486009e-01
9.995365166425566050e-01
9.997670769324475959e-01
8.978308457730631575e-01
8.986398285614836112e-01
9.830740482677310377e-01
9.998664956866658571e-01
9.557609303662173428e-01
9.354016201719673740e-01
9.984486512470674979e-01
9.998586231000722302e-01
9.049384017298012228e-01
9.998821722920326893e-01
9.998885502421280824e-01
9.998870408199651560e-01
8.907220784166159921e-01
9.998683027041170845e-01
8.764976759467578704e-01
9.901632470097397887e-01
9.998997921736431094e-01
9.956070011351962901e-01
9.998885472179472877e-01
9.977149241861195117e-01
9.995917779809687653e-01
9.998473212674771071e-01
9.927529211001732135e-01
9.997509674980095129e-01
9.998741998937470399e-01
9.303610665058398288e-01
9.998883982690661698e-01
9.997773357580825859e-01
8.944002620659403657e-01
9.998730875032773024e-01
9.998885502421280824e-01
9.998037111343697214e-01
9.995980827731368867e-01
9.998876980770577960e-01
9.999056813575271097e-01
9.998351026679632714e-01
9.998733843329653537e-01
9.520752786899088216e-01
9.134356313087823587e-01
9.998878295963785634e-01
9.998753174621810569e-01
9.998574092239365108e-01
9.998804891798798167e-01
9.399098055920945827e-01
9.998576577802650300e-01
9.165105968772671030e-01
9.998739976815228525e-01
9.998735475050988253e-01
9.998203747338487712e-01
9.342976389540410542e-01
9.998770040401360193e-01
