9.727664368780700732e-01
9.999918044726766597e-01
9.999914918227039706e-01
9.999933286265332288e-01
9.998043032281226372e-01
9.999933268180510870e-01
9.999886377843236751e-01
9.999898654835822631e-01
9.999882702965804393e-01
9.999860129438108425e-01
9.999922066679858279e-01
9.999887195352766822e-01
9.750782022370957369e-01
9.999900076790579906e-01
9.847899637399060158e-01
9.999912427107774393e-01
9.998810580646505519e-01
9.910364731606003952e-01
9.875204701195172685e-01
9.942397092307576623e-01
9.999924927597595437e-01
9.999882703003308837e-01
9.999921675218240713e-01
9.999847159231606275e-01
9.679326427415163581e-01
9.732171992827856055e-01
9.999377459629533726e-01
9.999920443811031179e-01
9.999870150704716076e-01
9.989808187023819785e-01
9.999922062009080070e-01
9.978574454041024833e-01
9.999837578738242083e-01
9.725984942711853876e-01
9.999929363615222000e-01
9.822975444362476161e-01
9.999926496431350564e-01
9.999929363999939813e-01
9.999928399570650051e-01
9.546024637820555991e-01
9.999736546067433673e-01
9.999671140366448441e-01
9.999467152838754647e-01
9.999706961693727303e-01
9.999865673553329781e-01
9.999929015293197443e-01
9.408524283773815888e-01
9.999897219115747582e-01
9.723145312937763185e-01
9.999939516538416395e-01
9.999847985574141784e-01
9.999922067088042876e-01
9.672398881915152957e-01
9.999876944455209360e-01
9.967120753546803158e-01
9.884602921180331014e-01
9.999908502344139194e-01
9.999816047531098206e-01
9.745514045681281656e-01
9.999908156472395726e-01
9.999918903527384995e-01
9.997871017578803254e-01
9.999908178189536034e-01
9.752164638255195195e-01
