9.999891534039162533e-01
9.999889181166259355e-01
9.832132751591463604e-01
9.999884212740982603e-01
9.996960847943018313e-01
9.999929752583230913e-01
9.402604562949947731e-01
9.993744199165232045e-01
9.999685847417414397e-01
9.491748139950366703e-01
9.999845866591871024e-01
9.747078335682367589e-01
9.999923209225668463e-01
9.998820411822000320e-01
9.417003408746309479e-01
9.991465840932215459e-01
9.642680035213094802e-01
9.999809525748986072e-01
9.997730757439763360e-01
9.999583478875143649e-01
9.999886632963408406e-01
9.999875787109149261e-01
9.999895916372760762e-01
9.999904803481998172e-01
9.999857073470663771e-01
9.995886266217660632e-01
9.998679671438620575e-01
9.999923205945526750e-01
9.999690311249530561e-01
9.999855834216612172e-01
9.999878368178998223e-01
9.999915387715525572e-01
9.999917347310610660e-01
9.999927740798707498e-01
9.999915379401417281e-01
9.999915387474886952e-01
9.999915393263714147e-01
9.999914920038833754e-01
9.748402114710132960e-01
9.997888040782491048e-01
9.980459752602974799e-01
9.995910045160146806e-01
9.999934109754162748e-01
9.999902341746548240e-01
9.999872767079650560e-01
9.689049151204298660e-01
9.999923209104126798e-01
9.999892728776740292e-01
9.999910475644344654e-01
9.849166302122553951e-01
9.999901894189516804e-01
9.956423560128793149e-01
9.999888897939949173e-01
9.999800616358741623e-01
9.996691325532124361e-01
9.495491379233176321e-01
9.641180531055085767e-01
9.999893659474655694e-01
9.999710274765039042e-01
9.999873147126483452e-01
9.999904182125237684e-01
9.999915391957923116e-01
9.999915387580411430e-01
9.999788075898233819e-01
9.999915395679105368e-01
