9.456600362316709418e-01
9.442141422497845049e-01
9.999219774776659797e-01
9.999237733648882465e-01
9.998576884818609622e-01
9.999121634091799882e-01
9.999224033344300544e-01
9.999194528076190691e-01
9.994070604263765034e-01
9.999384082781929139e-01
9.998881590967592103e-01
9.999384138925374588e-01
9.998436511219707112e-01
9.999302347246770140e-01
9.999132542773173649e-01
9.999209196815204148e-01
9.998471529402177538e-01
9.999033078464375501e-01
9.992863830794662672e-01
9.998898430674753035e-01
9.999224069777943313e-01
9.999227584053594908e-01
9.975901410198294572e-01
9.797270822090018427e-01
9.999209196812510747e-01
9.997933323860879185e-01
9.999047825191861305e-01
9.998798295067152786e-01
9.999398435299364785e-01
9.999167659535034280e-01
9.999013386913244705e-01
9.999219585084209161e-01
9.357227693828585879e-01
9.999000400533952782e-01
9.998757424913425895e-01
9.999470003971754339e-01
9.999271215267150348e-01
9.904731552280434670e-01
9.999400709243015939e-01
9.999033078451610157e-01
9.999077404808961456e-01
9.999384052874276119e-01
9.999261860513105615e-01
9.999203578817111859e-01
9.532201036855457721e-01
9.999257361452075221e-01
9.999319454740736024e-01
9.999288177801258781e-01
9.999103561475574109e-01
9.999169989463163599e-01
9.998886777072261145e-01
9.998471159720798696e-01
9.998847922379680009e-01
9.999338297037535517e-01
9.998957558303480653e-01
9.581767945720520707e-01
9.999067495873465994e-01
9.999047234046265498e-01
9.999316245334360920e-01
9.999290958972527621e-01
9.999361155143211555e-01
9.999153036275900686e-01
9.999078674478043549e-01
9.999384664868059547e-01
9.999182537832217443e-01
9.998707339257250082e-01
9.994710527636569974e-01
9.999096420168809285e-01
9.998569744513537971e-01
9.998956090759825166e-01
9.998959493861797609e-01
9.999110012212216736e-01
9.999211702972672366e-01
9.999066303383130627e-01
9.998814554341229899e-01
9.994213492013658273e-01
9.999066506019460565e-01
9.999208233927848744e-01
9.998852004432768892e-01
9.999066304621175849e-01
9.998973713685406217e-01
9.998956015181981183e-01
9.998894759753486072e-01
9.998437853093242733e-01
9.998449390993461305e-01
9.999078553066004238e-01
9.998978416082636711e-01
9.998956015382380880e-01
9.999072521305112371e-01
9.999093089751380781e-01
9.978536683042854571e-01
9.998984891870933422e-01
9.999078569874368938e-01
9.476471975207942933e-01
9.998763998458877200e-01
9.998793485927062186e-01
9.999110053998657710e-01
9.999181394859459893e-01
9.810049864883204629e-01
9.993834727908950111e-01
9.987927584365039468e-01
9.999054217877308970e-01
9.998956015182258739e-01
9.998956015214406357e-01
9.998894759811807198e-01
9.998956026281631271e-01
9.410032398430333567e-01
9.998940722662694736e-01
9.993562964550011252e-01
9.999078552320863622e-01
9.999042790829676397e-01
9.484120409277505548e-01
9.612573348354358505e-01
9.427852302953605435e-01
9.998956015019384580e-01
9.865876059466063275e-01
9.539026963186018060e-01
9.464304710493814943e-01
9.999181371597259949e-01
9.999229591830127717e-01
9.294527050874229479e-01
9.997755351467301210e-01
9.999315110885472757e-01
9.999088051960413059e-01
8.917184144250227540e-01
9.998973039308084454e-01
9.999042684142896986e-01
9.999072244569149337e-01
9.999401798846625500e-01
9.999319331352400919e-01
9.998952564691128142e-01
9.999401230042250788e-01
9.999328962329890880e-01
9.999271713203348178e-01
9.996269410723778170e-01
9.999082018717327935e-01
9.999200567441878240e-01
9.999297608508785906e-01
9.999314795687410662e-01
9.917067407805854051e-01
9.999218769236953852e-01
9.999264566760135420e-01
9.999297364383381570e-01
9.999241774954786832e-01
9.999393589004420546e-01
9.998143238998439264e-01
9.908089988845721896e-01
9.999328963457475572e-01
9.998295727570041258e-01
9.999061043623486134e-01
9.998357252901215464e-01
9.999389437248628054e-01
9.956379349186618155e-01
9.987351477572316005e-01
9.999341578051282875e-01
9.999103425510911247e-01
9.780535886292620606e-01
8.524853091189907861e-01
9.999308683129419784e-01
9.932556709722645261e-01
9.411294387899685754e-01
9.999170117759377252e-01
9.999328963353562028e-01
9.999336594684424817e-01
9.999377815527032975e-01
9.985834402865061410e-01
9.999252620306389172e-01
9.965257731737180436e-01
9.999105845248008606e-01
9.999242078520168553e-01
9.998911807288036746e-01
9.999284334046362188e-01
9.999353673418857058e-01
9.999353673432284095e-01
9.999053080984746655e-01
9.999401798802703967e-01
9.999368954483041083e-01
9.997131976012921806e-01
9.997249673112635904e-01
9.999152845748086049e-01
9.898681497530438245e-01
9.997388753466909250e-01
9.999328941593814690e-01
9.999230090759642087e-01
9.999353673432286316e-01
9.999147363469320648e-01
9.994608176001289479e-01
9.999241485335035318e-01
9.403656097450389106e-01
9.998728348885113082e-01
9.994183493164841003e-01
9.850356193978885289e-01
9.956180831253341745e-01
9.999485317473233437e-01
9.999379123650757872e-01
9.999282171879492198e-01
9.998606442772186575e-01
9.999368589388895057e-01
9.898186995919319164e-01
9.999462130319137776e-01
9.999456208633925591e-01
9.998208914102253431e-01
9.998229166620229424e-01
9.315455743481702022e-01
9.999328365810162822e-01
9.999473491257379054e-01
9.999405665422904654e-01
9.999405647360144478e-01
9.999415403245566214e-01
9.999322372975280038e-01
9.999231691079577544e-01
9.613667956293091565e-01
9.999173465196841137e-01
9.999326074144512244e-01
9.999405647444919998e-01
9.999419193215245416e-01
9.999405647351754522e-01
9.999396693457129892e-01
9.785279459251374767e-01
9.999434639269978442e-01
9.999379761931730393e-01
9.999015448449368737e-01
9.999228621326857747e-01
9.999347331255961091e-01
9.999491385309600133e-01
9.999389914110560218e-01
9.668666237060214996e-01
9.473478744245215077e-01
9.999326134971587843e-01
9.990341400667799299e-01
9.999021875790090608e-01
9.999102344827573985e-01
9.999099968805841288e-01
9.999313607867400533e-01
9.990339055321997286e-01
9.970020447063746571e-01
9.999416651736580119e-01
9.997959017699248330e-01
9.999471774993371476e-01
9.999171769725651027e-01
9.999158860311831987e-01
9.999228589292999958e-01
9.999405647364736360e-01
9.999372485694554280e-01
9.696541503432211107e-01
9.999366861487312130e-01
9.999176199287364009e-01
9.999104809308809738e-01
9.999114739234630234e-01
9.999246592767740971e-01
9.996469415008926163e-01
9.999473490739734238e-01
9.999337844668838571e-01
9.999115984252866518e-01
9.999337844781552853e-01
9.999380166985393226e-01
9.999310237086228570e-01
9.999391858051585036e-01
9.999216270109904103e-01
9.999329288299835250e-01
9.999114168561964444e-01
9.998383902633652953e-01
9.999310237281117120e-01
9.999310237273102420e-01
9.659142391257373728e-01
9.990957810960069407e-01
9.999233557358644386e-01
9.999504767934799254e-01
9.992710374544802043e-01
9.998945552699193273e-01
9.999216845104174078e-01
9.999134200420173313e-01
9.998892690878545819e-01
9.999273133699780880e-01
9.999061946003264811e-01
9.999216914283789448e-01
9.999309466722704487e-01
9.998770563829174618e-01
9.999088804302508349e-01
9.999280073948494385e-01
9.999357385299131318e-01
9.092100350609766402e-01
9.999265453247889734e-01
9.999093990684333466e-01
9.998908926980371037e-01
9.999392013452026440e-01
9.562663092131586939e-01
9.999220492424226725e-01
9.998445128694274375e-01
9.999268447812322824e-01
9.999216347353320211e-01
9.999304896974537948e-01
9.999165640368010699e-01
9.998679211540300038e-01
9.999366508949903976e-01
9.997582416056267629e-01
9.999327611213755240e-01
9.999336790349863113e-01
9.722237889037415037e-01
9.999079685497469505e-01
9.999209399348732985e-01
9.998892044185544448e-01
9.999136248048251518e-01
9.999366403973607431e-01
9.998487270803094740e-01
9.998995011234150798e-01
9.999038636379562472e-01
9.999392010888455973e-01
9.999057580538126544e-01
9.999310240488354928e-01
9.999269788234286249e-01
9.999368214119066511e-01
9.999305241317463233e-01
9.999309386208682371e-01
9.999311635039518364e-01
9.511084555838518195e-01
9.999339399249701499e-01
9.999263216145237720e-01
9.999477724803577106e-01
9.999443465894235494e-01
9.999108599259544095e-01
9.980092150074649782e-01
9.998832005359383768e-01
9.999077532067114360e-01
9.999036624674947360e-01
9.151665170457050635e-01
9.252958873851815369e-01
9.999130334791919150e-01
9.999006374209518100e-01
9.995179978746338012e-01
9.998723270547783537e-01
9.999024522627697475e-01
9.996916233421574427e-01
9.998650304296771152e-01
9.998804126469965636e-01
9.952355857274407525e-01
9.998003585754998701e-01
9.999073778420581871e-01
9.983369627973601723e-01
9.999020231203126219e-01
9.993752175142817107e-01
9.999032865829358130e-01
9.994550967622829463e-01
9.998968149354083845e-01
9.569056087299246949e-01
9.997849159580652900e-01
9.987094040275431572e-01
9.998973064612449724e-01
9.998800507670010385e-01
9.902663906612787503e-01
9.999130291819268157e-01
9.998479464438236874e-01
9.193037773154092429e-01
9.999052439993144636e-01
9.881638305272570921e-01
9.998993055035274580e-01
9.999088066574148836e-01
9.998941028742319714e-01
9.998981747537261100e-01
9.999127200438833185e-01
9.998614947512347584e-01
9.998689625956276306e-01
9.423935506218292790e-01
9.728895456981710987e-01
9.999245240106434673e-01
9.998513255222160057e-01
9.996742928570229170e-01
9.985957013608488531e-01
9.844351884255773122e-01
9.998989119737431430e-01
9.999136946564370909e-01
9.998624291487068216e-01
9.831830183157458380e-01
9.999129641519098888e-01
9.999005605716511091e-01
9.108868880296007164e-01
9.999038836980799205e-01
9.966819940353245366e-01
9.999078556391395312e-01
9.999230543603668808e-01
8.779552843750761948e-01
9.910031720389789189e-01
9.889188311708482226e-01
9.999287843237961715e-01
9.999776903656393268e-01
9.999794485039584790e-01
9.999804688895213012e-01
9.999418343979330492e-01
9.999850705039342591e-01
9.999823967987016005e-01
9.999850189950058033e-01
9.999823956906792599e-01
8.075699464623745660e-01
6.828287247127744486e-01
9.999532870737718460e-01
9.999683725870593953e-01
9.999776867955014747e-01
6.539200490040633085e-01
7.336090060823380332e-01
9.997858034129363247e-01
6.889578478439262188e-01
5.792545798375640098e-01
5.983117541849456433e-01
9.157372195299982032e-01
6.980300840295542431e-01
9.999784245546115002e-01
8.716697795844855490e-01
9.992423825309699748e-01
9.997031932007899302e-01
9.997914995208212474e-01
6.426703758863729909e-01
8.485504950848017369e-01
8.156931262436478702e-01
5.633298710330870707e-01
6.808322274529888807e-01
9.577745037449795218e-01
9.117562335374859162e-01
9.522232007065436488e-01
8.256104350387383217e-01
7.329493001606603997e-01
8.232737974308307338e-01
7.924010097539230246e-01
6.570856015671444617e-01
9.999801964173984370e-01
9.542412336047328969e-01
7.416786602499406689e-01
7.039341716583209507e-01
8.825912809529684599e-01
9.996543260457081415e-01
9.999823744208179432e-01
9.947207483130874328e-01
9.979193286631530269e-01
6.790808694255883182e-01
7.030115466374039501e-01
9.999834574796995224e-01
6.761533634926839564e-01
9.999850191016557144e-01
9.999432119473689040e-01
6.303747266612927946e-01
7.885339279548569946e-01
9.395064081818786939e-01
8.892134700041577355e-01
6.443835327584812589e-01
8.473788737493891388e-01
6.488849672657840406e-01
9.337397367964018757e-01
9.999850191018540002e-01
9.999833550224033196e-01
9.998250521670013491e-01
9.667592973152533409e-01
9.903470312776263551e-01
9.998032513633264839e-01
8.932468147020693472e-01
9.351342425721769214e-01
9.797524851375840615e-01
9.132057252166598804e-01
9.185335286515389219e-01
9.022014053489879615e-01
9.998452532065486009e-01
9.995365166425566050e-01
9.997670769324475959e-01
8.978308457730631575e-01
8.986398285614836112e-01
9.830740482677310377e-01
9.998664956866658571e-01
9.557609303662173428e-01
9.354016201719673740e-01
9.984486512470674979e-01
9.998586231000722302e-01
9.049384017298012228e-01
9.998821722920326893e-01
9.998885502421280824e-01
9.998870408199651560e-01
8.907220784166159921e-01
9.998683027041170845e-01
8.764976759467578704e-01
9.901632470097397887e-01
9.998997921736431094e-01
9.956070011351962901e-01
9.998885472179472877e-01
9.977149241861195117e-01
9.995917779809687653e-01
9.998473212674771071e-01
9.927529211001732135e-01
9.997509674980095129e-01
9.998741998937470399e-01
9.303610665058398288e-01
9.998883982690661698e-01
9.997773357580825859e-01
8.944002620659403657e-01
9.998730875032773024e-01
9.998885502421280824e-01
9.998037111343697214e-01
9.995980827731368867e-01
9.998876980770577960e-01
9.999056813575271097e-01
9.998351026679632714e-01
9.998733843329653537e-01
9.520752786899088216e-01
9.134356313087823587e-01
9.998878295963785634e-01
9.998753174621810569e-01
9.998574092239365108e-01
9.998804891798798167e-01
9.399098055920945827e-01
9.998576577802650300e-01
9.165105968772671030e-01
9.998739976815228525e-01
9.998735475050988253e-01
9.998203747338487712e-01
9.342976389540410542e-01
9.998770040401360193e-01
9.727664368780700732e-01
9.999918044726766597e-01
9.999914918227039706e-01
9.999933286265332288e-01
9.998043032281226372e-01
9.999933268180510870e-01
9.999886377843236751e-01
9.999898654835822631e-01
9.999882702965804393e-01
9.999860129438108425e-01
9.999922066679858279e-01
9.999887195352766822e-01
9.750782022370957369e-01
9.999900076790579906e-01
9.847899637399060158e-01
9.999912427107774393e-01
9.998810580646505519e-01
9.910364731606003952e-01
9.875204701195172685e-01
9.942397092307576623e-01
9.999924927597595437e-01
9.999882703003308837e-01
9.999921675218240713e-01
9.999847159231606275e-01
9.679326427415163581e-01
9.732171992827856055e-01
9.999377459629533726e-01
9.999920443811031179e-01
9.999870150704716076e-01
9.989808187023819785e-01
9.999922062009080070e-01
9.978574454041024833e-01
9.999837578738242083e-01
9.725984942711853876e-01
9.999929363615222000e-01
9.822975444362476161e-01
9.999926496431350564e-01
9.999929363999939813e-01
9.999928399570650051e-01
9.546024637820555991e-01
9.999736546067433673e-01
9.999671140366448441e-01
9.999467152838754647e-01
9.999706961693727303e-01
9.999865673553329781e-01
9.999929015293197443e-01
9.408524283773815888e-01
9.999897219115747582e-01
9.723145312937763185e-01
9.999939516538416395e-01
9.999847985574141784e-01
9.999922067088042876e-01
9.672398881915152957e-01
9.999876944455209360e-01
9.967120753546803158e-01
9.884602921180331014e-01
9.999908502344139194e-01
9.999816047531098206e-01
9.745514045681281656e-01
9.999908156472395726e-01
9.999918903527384995e-01
9.997871017578803254e-01
9.999908178189536034e-01
9.752164638255195195e-01
9.999891534039162533e-01
9.999889181166259355e-01
9.832132751591463604e-01
9.999884212740982603e-01
9.996960847943018313e-01
9.999929752583230913e-01
9.402604562949947731e-01
9.993744199165232045e-01
9.999685847417414397e-01
9.491748139950366703e-01
9.999845866591871024e-01
9.747078335682367589e-01
9.999923209225668463e-01
9.998820411822000320e-01
9.417003408746309479e-01
9.991465840932215459e-01
9.642680035213094802e-01
9.999809525748986072e-01
9.997730757439763360e-01
9.999583478875143649e-01
9.999886632963408406e-01
9.999875787109149261e-01
9.999895916372760762e-01
9.999904803481998172e-01
9.999857073470663771e-01
9.995886266217660632e-01
9.998679671438620575e-01
9.999923205945526750e-01
9.999690311249530561e-01
9.999855834216612172e-01
9.999878368178998223e-01
9.999915387715525572e-01
9.999917347310610660e-01
9.999927740798707498e-01
9.999915379401417281e-01
9.999915387474886952e-01
9.999915393263714147e-01
9.999914920038833754e-01
9.748402114710132960e-01
9.997888040782491048e-01
9.980459752602974799e-01
9.995910045160146806e-01
9.999934109754162748e-01
9.999902341746548240e-01
9.999872767079650560e-01
9.689049151204298660e-01
9.999923209104126798e-01
9.999892728776740292e-01
9.999910475644344654e-01
9.849166302122553951e-01
9.999901894189516804e-01
9.956423560128793149e-01
9.999888897939949173e-01
9.999800616358741623e-01
9.996691325532124361e-01
9.495491379233176321e-01
9.641180531055085767e-01
9.999893659474655694e-01
9.999710274765039042e-01
9.999873147126483452e-01
9.999904182125237684e-01
9.999915391957923116e-01
9.999915387580411430e-01
9.999788075898233819e-01
9.999915395679105368e-01
