0.542624750846
0.542624750846
0.542624750778
0.542624116046
0.542624750846
0.542624750846
0.542624750846
0.5
0.542624760764
0.542622340965
0.542624750846
0.542624750846
0.541779817262
0.542624750846
0.541893211967
0.542624705001
0.26899535027
0.542624750825
0.542624594777
0.542624907762
0.51095828656
0.699730502485
0.542624750846
0.207699173823
0.192578619602
0.539101796669
0.542624750846
0.542624750846
0.542624871439
0.542624750846
0.541233753135
0.512689634548
0.542624750846
0.542624750846
0.543231052597
0.438011133124
0.542624750846
0.542624750846
0.542624750846
0.542624750847
0.527192001372
0.271309755656
0.542699612478
0.542624750846
0.542624750846
0.542624750846
0.269921292508
0.542624750846
0.542624750846
0.542624750717
0.38577523594
0.542624751623
0.542626818222
0.542624750846
0.542624750846
0.542624750003
0.542624750846
0.542623356582
0.542624750846
0.542624745063
0.542624751072
0.523813951412
0.542624814178
0.541838572032
