0.230822445855
0.53515908215
0.535159081221
0.535159082149
0.535159568107
0.53515908215
0.535159538134
0.53515908215
0.53515908215
0.53515908215
0.186350032535
0.53515908215
0.53515908215
0.53515908215
0.53515908215
0.53515908215
0.53515908215
0.479207070571
0.53515908215
0.53515908215
0.53515908215
0.53515908215
0.53515908215
0.534959866383
0.53515943561
0.535159082152
0.333367326748
0.53515908215
0.53515908215
0.53515908215
0.535024748191
0.206829444385
0.115588945517
0.53515908215
0.535158839978
0.53515908215
0.530912885962
0.53515908215
0.387651453583
0.535159082039
0.535159082063
0.53515907434
0.53515908215
0.53515908215
0.137668988312
0.157052986231
0.535158288957
0.53515908215
0.51160828435
0.535159008479
0.53515908215
0.125641491213
0.535159082151
0.535159082151
0.535121751483
0.535089810151
0.535159278689
0.535160269008
0.53515908236
0.53515908215
0.53515908215
0.53515908348
0.535159577037
0.470496504414
