0.545393339596
0.546323406731
0.532583986571
0.546325870729
0.618022428276
0.54632340691
0.542848978226
0.293223894348
0.391962142306
0.546323410588
0.546323406899
0.546323406899
0.546323406918
0.153780760898
0.546323406899
0.547449615031
0.508047038695
0.546323406899
0.546127506339
0.546323406899
0.523481733161
0.704008878664
0.54462787877
0.546323406899
0.546323406899
0.548606190169
0.271011869839
0.546323406895
0.546323445413
0.546323406899
0.546323407811
0.140019632135
0.546323406899
0.546323406885
0.273725314849
0.546323406899
0.546323406899
0.546323406902
0.546323406899
0.546323406899
0.546323406899
0.546323406899
0.559388186436
0.546323406899
0.546323087455
0.546323406897
0.546323406899
0.5463234069
0.546316140073
0.546323406899
0.545738903772
0.546323406899
0.543981824772
0.546323406899
0.546323406899
0.546323406899
0.546323406901
0.103179494583
0.137004368581
0.546323406899
0.54632340691
0.546323406899
0.533875290251
0.546323406899
