0.537560124454
0.537544823366
0.537560124415
0.527999900814
0.198452062861
0.537560124454
0.537560124454
0.121112825294
0.149582172603
0.537560128892
0.537560124454
0.537560016936
0.537560124454
0.539179268342
0.537560124454
0.53792620813
0.537559313847
0.53756843238
0.537597095439
0.537559995736
0.537560124454
0.537560233052
0.537560124454
0.136318016623
0.537560133678
0.156818709081
0.537491301503
0.457025813684
0.537560124454
0.537703158461
0.537397745121
0.537560124454
0.537560124454
0.516312111374
0.537560124456
0.537560124454
0.537560124454
0.537560124454
0.537560124454
0.537560124454
0.537335135742
0.537560124454
0.537560391182
0.537560124454
0.537560124454
0.537560124454
0.537560124454
0.537560124454
0.537560124454
0.537560124454
0.537560124454
0.537560124454
0.537560124454
0.173963585119
0.537560128351
0.537521846567
0.537560124454
0.537822674072
0.537560124454
0.537560124454
0.537560124454
0.537560124454
0.537560124454
0.537560124454
