0.540042805254
0.541582688784
0.397816800704
0.541538994875
0.541621606484
0.48492065261
0.541621606592
0.541621782351
0.541621657876
0.132293979411
0.541621606592
0.541585318024
0.428115166402
0.541621606592
0.541621607256
0.541621606592
0.541621606592
0.364366573227
0.541621606592
0.465071716843
0.541621606592
0.541621606592
0.541621606592
0.541621606592
0.541621606592
0.269869036296
0.540343992894
0.541621606592
0.350770007141
0.541621606592
0.541621606592
0.541621606601
0.533890542638
0.541621606592
0.541621606592
0.541621606592
0.54162160659
0.54162304368
0.540876514761
0.541621606592
0.541621606592
0.541621606592
0.541621606591
0.541621606592
0.276694725099
0.305682971191
0.541621606592
0.541621606592
0.327857083093
0.291303929618
0.541621606592
0.54163017902
0.541621606592
0.541621606592
0.129473906308
0.54161852699
0.541621606592
0.541621606592
0.541621606592
0.541621606449
0.443472031297
0.541621606592
0.541957327405
0.541621606592
0.541621606592
