0.507891374755
0.538835638611
0.541214946548
0.261260237321
0.541194762405
0.550665349976
0.541215314655
0.541214946548
0.539711558093
0.54089147761
0.542393646115
0.541214946548
0.721967294618
0.537364295508
0.541195877829
0.441588982611
0.541281826969
0.346376671622
0.541180889824
0.541214951295
0.378255210007
0.540714507628
0.541178114931
0.541214946548
0.541214946548
0.542788844419
0.541214946548
0.439304767869
0.541214946548
0.541029781406
0.541265635571
0.541214955607
0.541214946436
0.541889737621
0.340311264581
0.54089359727
0.541214946548
0.541214946548
0.541214946548
0.541214946645
0.541214946548
0.541214946548
0.541214946548
0.541214946548
0.541214946548
0.541214946548
0.541214946548
0.541214946548
0.540757219934
0.159525727367
0.14713989724
0.541215703554
0.541214946548
0.620597257574
0.536419692811
0.185095023432
0.541214946548
0.535849542415
0.242526777799
0.541214946548
0.541214946548
0.540216436526
0.541214906275
0.541214946548
