0.545862634877
0.545862577682
0.545852408598
0.530183126526
0.545862577682
0.545862577682
0.545862577682
0.545862577688
0.545862577682
0.545904597554
0.545862577682
0.465912460923
0.183048728777
0.146030535909
0.542293611896
0.576251474989
0.488027044425
0.545862577682
0.545862585498
0.239314423853
0.541550429464
0.143416539283
0.482850062365
0.545862577682
0.545862577682
0.545862577682
0.545801554527
0.545862577682
0.545862577682
0.421014619314
0.54586256905
0.545839342399
0.545862577682
0.54503287151
0.533626882389
0.545862577954
0.545862577682
0.545862578414
0.545862577682
0.545862577682
0.545862577682
0.545761867357
0.545862577682
0.234704052009
0.648782489796
0.545862577682
0.436521485555
0.545862577682
0.545862577682
0.545862577682
0.395206771521
0.545862577682
0.545895421543
0.241677559737
0.545862577682
0.545862577682
0.131273854968
0.098144279061
0.545862577682
0.545862577678
0.545862577854
0.400378864313
0.545888904306
0.545862577682
