0.549607681517
0.361482609141
0.415563044471
0.549607681517
0.0882081150855
0.549607681516
0.549607681517
0.549607681517
0.403346235389
0.549622344822
0.549607681887
0.549703089195
0.479662968303
0.549611823721
0.549607681756
0.549607681517
0.549607681518
0.549607681517
0.547521580304
0.549607681517
0.549607681517
0.204098191245
0.538443418174
0.549607681256
0.549607681517
0.549607681517
0.264911950815
0.549607681517
0.549607681517
0.229118640389
0.549553239729
0.549607685229
0.513790004285
0.549607681517
0.435244193349
0.549607681517
0.314123695504
0.35260853014
0.549607681517
0.549607681517
0.549607765083
0.549607681517
0.382114374791
0.549607682758
0.549607681517
0.0910679615706
0.549555695004
0.549607681517
0.549607681517
0.521307559035
0.549104265944
0.549607681517
0.549580639993
0.549607681517
0.35489936076
0.549394301334
0.549607681517
0.549607681517
0.549607681517
0.423209991449
0.549607681517
0.258380856507
0.55260953591
0.0983659359969
