0.533110026134
0.524585021609
0.533686953525
0.533687210412
0.53368695242
0.533682693752
0.533686953525
0.533559836129
0.110346274466
0.533686953525
0.533686953525
0.533686953525
0.533687265898
0.533686953525
0.533686953525
0.533686953525
0.183330994091
0.533686953525
0.533686952981
0.533686953525
0.533686953525
0.533686953525
0.533686953525
0.528090168639
0.533686953525
0.533624871962
0.533686953525
0.533686805952
0.29554478402
0.533686953525
0.441896966247
0.186526576177
0.680369210925
0.533686953525
0.533686953525
0.618701637029
0.533879161693
0.533686953525
0.5
0.533686954767
0.53368698219
0.53368702091
0.533686953525
0.533686953525
0.533686953525
0.533686953525
0.222063627503
0.533686953525
0.533686953526
0.413360515969
0.533686905337
0.533686953525
0.259412450005
0.533692584275
0.532964539575
0.316705010072
0.470997523855
0.533686953982
0.533686953525
0.533686953495
0.24180267063
0.533686953525
0.533951442388
0.533686953526
