0.533830850172
0.533830777295
0.533830850167
0.377620639894
0.533822913907
0.533830850191
0.533830849759
0.533830850167
0.532754363435
0.533830850167
0.533830850167
0.533830850166
0.533830850167
0.515020311441
0.547151256821
0.533830850167
0.533830850167
0.533821964875
0.533830850168
0.533830850166
0.533830850168
0.533830850167
0.533830850167
0.533830353864
0.410982682429
0.533830850167
0.533830850167
0.533830850167
0.533830850169
0.533830850167
0.5338308496
0.533871107646
0.525079716527
0.533829367344
0.533830850168
0.488197554809
0.533830850167
0.533830850167
0.533830850167
0.533865988179
0.533830850488
0.533830850167
0.533830836832
0.533822092413
0.533830742109
0.533828379447
0.467021989542
0.533830850167
0.533830850167
0.533830850167
0.533830850167
0.533830941903
0.533830850167
0.533731566581
0.533830854832
0.533830850167
0.533830850168
0.357613316426
0.533830850167
0.3621363741
0.533830850167
0.533830849133
0.533830850167
0.533830647962
0.533673162035
