0.542624750846
0.542624750846
0.542624750778
0.542624116046
0.542624750846
0.542624750846
0.542624750846
0.5
0.542624760764
0.542622340965
0.542624750846
0.542624750846
0.541779817262
0.542624750846
0.541893211967
0.542624705001
0.26899535027
0.542624750825
0.542624594777
0.542624907762
0.51095828656
0.699730502485
0.542624750846
0.207699173823
0.192578619602
0.539101796669
0.542624750846
0.542624750846
0.542624871439
0.542624750846
0.541233753135
0.512689634548
0.542624750846
0.542624750846
0.543231052597
0.438011133124
0.542624750846
0.542624750846
0.542624750846
0.542624750847
0.527192001372
0.271309755656
0.542699612478
0.542624750846
0.542624750846
0.542624750846
0.269921292508
0.542624750846
0.542624750846
0.542624750717
0.38577523594
0.542624751623
0.542626818222
0.542624750846
0.542624750846
0.542624750003
0.542624750846
0.542623356582
0.542624750846
0.542624745063
0.542624751072
0.523813951412
0.542624814178
0.541838572032
0.230822445855
0.53515908215
0.535159081221
0.535159082149
0.535159568107
0.53515908215
0.535159538134
0.53515908215
0.53515908215
0.53515908215
0.186350032535
0.53515908215
0.53515908215
0.53515908215
0.53515908215
0.53515908215
0.53515908215
0.479207070571
0.53515908215
0.53515908215
0.53515908215
0.53515908215
0.53515908215
0.534959866383
0.53515943561
0.535159082152
0.333367326748
0.53515908215
0.53515908215
0.53515908215
0.535024748191
0.206829444385
0.115588945517
0.53515908215
0.535158839978
0.53515908215
0.530912885962
0.53515908215
0.387651453583
0.535159082039
0.535159082063
0.53515907434
0.53515908215
0.53515908215
0.137668988312
0.157052986231
0.535158288957
0.53515908215
0.51160828435
0.535159008479
0.53515908215
0.125641491213
0.535159082151
0.535159082151
0.535121751483
0.535089810151
0.535159278689
0.535160269008
0.53515908236
0.53515908215
0.53515908215
0.53515908348
0.535159577037
0.470496504414
0.545393339596
0.546323406731
0.532583986571
0.546325870729
0.618022428276
0.54632340691
0.542848978226
0.293223894348
0.391962142306
0.546323410588
0.546323406899
0.546323406899
0.546323406918
0.153780760898
0.546323406899
0.547449615031
0.508047038695
0.546323406899
0.546127506339
0.546323406899
0.523481733161
0.704008878664
0.54462787877
0.546323406899
0.546323406899
0.548606190169
0.271011869839
0.546323406895
0.546323445413
0.546323406899
0.546323407811
0.140019632135
0.546323406899
0.546323406885
0.273725314849
0.546323406899
0.546323406899
0.546323406902
0.546323406899
0.546323406899
0.546323406899
0.546323406899
0.559388186436
0.546323406899
0.546323087455
0.546323406897
0.546323406899
0.5463234069
0.546316140073
0.546323406899
0.545738903772
0.546323406899
0.543981824772
0.546323406899
0.546323406899
0.546323406899
0.546323406901
0.103179494583
0.137004368581
0.546323406899
0.54632340691
0.546323406899
0.533875290251
0.546323406899
0.537560124454
0.537544823366
0.537560124415
0.527999900814
0.198452062861
0.537560124454
0.537560124454
0.121112825294
0.149582172603
0.537560128892
0.537560124454
0.537560016936
0.537560124454
0.539179268342
0.537560124454
0.53792620813
0.537559313847
0.53756843238
0.537597095439
0.537559995736
0.537560124454
0.537560233052
0.537560124454
0.136318016623
0.537560133678
0.156818709081
0.537491301503
0.457025813684
0.537560124454
0.537703158461
0.537397745121
0.537560124454
0.537560124454
0.516312111374
0.537560124456
0.537560124454
0.537560124454
0.537560124454
0.537560124454
0.537560124454
0.537335135742
0.537560124454
0.537560391182
0.537560124454
0.537560124454
0.537560124454
0.537560124454
0.537560124454
0.537560124454
0.537560124454
0.537560124454
0.537560124454
0.537560124454
0.173963585119
0.537560128351
0.537521846567
0.537560124454
0.537822674072
0.537560124454
0.537560124454
0.537560124454
0.537560124454
0.537560124454
0.537560124454
0.540042805254
0.541582688784
0.397816800704
0.541538994875
0.541621606484
0.48492065261
0.541621606592
0.541621782351
0.541621657876
0.132293979411
0.541621606592
0.541585318024
0.428115166402
0.541621606592
0.541621607256
0.541621606592
0.541621606592
0.364366573227
0.541621606592
0.465071716843
0.541621606592
0.541621606592
0.541621606592
0.541621606592
0.541621606592
0.269869036296
0.540343992894
0.541621606592
0.350770007141
0.541621606592
0.541621606592
0.541621606601
0.533890542638
0.541621606592
0.541621606592
0.541621606592
0.54162160659
0.54162304368
0.540876514761
0.541621606592
0.541621606592
0.541621606592
0.541621606591
0.541621606592
0.276694725099
0.305682971191
0.541621606592
0.541621606592
0.327857083093
0.291303929618
0.541621606592
0.54163017902
0.541621606592
0.541621606592
0.129473906308
0.54161852699
0.541621606592
0.541621606592
0.541621606592
0.541621606449
0.443472031297
0.541621606592
0.541957327405
0.541621606592
0.541621606592
0.507891374755
0.538835638611
0.541214946548
0.261260237321
0.541194762405
0.550665349976
0.541215314655
0.541214946548
0.539711558093
0.54089147761
0.542393646115
0.541214946548
0.721967294618
0.537364295508
0.541195877829
0.441588982611
0.541281826969
0.346376671622
0.541180889824
0.541214951295
0.378255210007
0.540714507628
0.541178114931
0.541214946548
0.541214946548
0.542788844419
0.541214946548
0.439304767869
0.541214946548
0.541029781406
0.541265635571
0.541214955607
0.541214946436
0.541889737621
0.340311264581
0.54089359727
0.541214946548
0.541214946548
0.541214946548
0.541214946645
0.541214946548
0.541214946548
0.541214946548
0.541214946548
0.541214946548
0.541214946548
0.541214946548
0.541214946548
0.540757219934
0.159525727367
0.14713989724
0.541215703554
0.541214946548
0.620597257574
0.536419692811
0.185095023432
0.541214946548
0.535849542415
0.242526777799
0.541214946548
0.541214946548
0.540216436526
0.541214906275
0.541214946548
0.545862634877
0.545862577682
0.545852408598
0.530183126526
0.545862577682
0.545862577682
0.545862577682
0.545862577688
0.545862577682
0.545904597554
0.545862577682
0.465912460923
0.183048728777
0.146030535909
0.542293611896
0.576251474989
0.488027044425
0.545862577682
0.545862585498
0.239314423853
0.541550429464
0.143416539283
0.482850062365
0.545862577682
0.545862577682
0.545862577682
0.545801554527
0.545862577682
0.545862577682
0.421014619314
0.54586256905
0.545839342399
0.545862577682
0.54503287151
0.533626882389
0.545862577954
0.545862577682
0.545862578414
0.545862577682
0.545862577682
0.545862577682
0.545761867357
0.545862577682
0.234704052009
0.648782489796
0.545862577682
0.436521485555
0.545862577682
0.545862577682
0.545862577682
0.395206771521
0.545862577682
0.545895421543
0.241677559737
0.545862577682
0.545862577682
0.131273854968
0.098144279061
0.545862577682
0.545862577678
0.545862577854
0.400378864313
0.545888904306
0.545862577682
0.549607681517
0.361482609141
0.415563044471
0.549607681517
0.0882081150855
0.549607681516
0.549607681517
0.549607681517
0.403346235389
0.549622344822
0.549607681887
0.549703089195
0.479662968303
0.549611823721
0.549607681756
0.549607681517
0.549607681518
0.549607681517
0.547521580304
0.549607681517
0.549607681517
0.204098191245
0.538443418174
0.549607681256
0.549607681517
0.549607681517
0.264911950815
0.549607681517
0.549607681517
0.229118640389
0.549553239729
0.549607685229
0.513790004285
0.549607681517
0.435244193349
0.549607681517
0.314123695504
0.35260853014
0.549607681517
0.549607681517
0.549607765083
0.549607681517
0.382114374791
0.549607682758
0.549607681517
0.0910679615706
0.549555695004
0.549607681517
0.549607681517
0.521307559035
0.549104265944
0.549607681517
0.549580639993
0.549607681517
0.35489936076
0.549394301334
0.549607681517
0.549607681517
0.549607681517
0.423209991449
0.549607681517
0.258380856507
0.55260953591
0.0983659359969
0.533110026134
0.524585021609
0.533686953525
0.533687210412
0.53368695242
0.533682693752
0.533686953525
0.533559836129
0.110346274466
0.533686953525
0.533686953525
0.533686953525
0.533687265898
0.533686953525
0.533686953525
0.533686953525
0.183330994091
0.533686953525
0.533686952981
0.533686953525
0.533686953525
0.533686953525
0.533686953525
0.528090168639
0.533686953525
0.533624871962
0.533686953525
0.533686805952
0.29554478402
0.533686953525
0.441896966247
0.186526576177
0.680369210925
0.533686953525
0.533686953525
0.618701637029
0.533879161693
0.533686953525
0.5
0.533686954767
0.53368698219
0.53368702091
0.533686953525
0.533686953525
0.533686953525
0.533686953525
0.222063627503
0.533686953525
0.533686953526
0.413360515969
0.533686905337
0.533686953525
0.259412450005
0.533692584275
0.532964539575
0.316705010072
0.470997523855
0.533686953982
0.533686953525
0.533686953495
0.24180267063
0.533686953525
0.533951442388
0.533686953526
0.533830850172
0.533830777295
0.533830850167
0.377620639894
0.533822913907
0.533830850191
0.533830849759
0.533830850167
0.532754363435
0.533830850167
0.533830850167
0.533830850166
0.533830850167
0.515020311441
0.547151256821
0.533830850167
0.533830850167
0.533821964875
0.533830850168
0.533830850166
0.533830850168
0.533830850167
0.533830850167
0.533830353864
0.410982682429
0.533830850167
0.533830850167
0.533830850167
0.533830850169
0.533830850167
0.5338308496
0.533871107646
0.525079716527
0.533829367344
0.533830850168
0.488197554809
0.533830850167
0.533830850167
0.533830850167
0.533865988179
0.533830850488
0.533830850167
0.533830836832
0.533822092413
0.533830742109
0.533828379447
0.467021989542
0.533830850167
0.533830850167
0.533830850167
0.533830850167
0.533830941903
0.533830850167
0.533731566581
0.533830854832
0.533830850167
0.533830850168
0.357613316426
0.533830850167
0.3621363741
0.533830850167
0.533830849133
0.533830850167
0.533830647962
0.533673162035
