1.000000000000000000e+00
1.000000000000000000e+00
1.790058818791693745e-48
1.000000000000000000e+00
1.000000000000000000e+00
1.000000000000000000e+00
2.939123077763614861e-40
1.000000000000000000e+00
1.000000000000000000e+00
1.000000000000000000e+00
1.000000000000000000e+00
1.000000000000000000e+00
1.000000000000000000e+00
1.000000000000000000e+00
1.000000000000000000e+00
1.000000000000000000e+00
1.000000000000000000e+00
1.000000000000000000e+00
1.000000000000000000e+00
1.000000000000000000e+00
1.000000000000000000e+00
1.000000000000000000e+00
1.000000000000000000e+00
1.000000000000000000e+00
9.999977429173415588e-01
1.000000000000000000e+00
1.000000000000000000e+00
1.000000000000000000e+00
1.308513651913558056e-41
1.000000000000000000e+00
1.000000000000000000e+00
1.000000000000000000e+00
1.000000000000000000e+00
1.000000000000000000e+00
3.114472455042797372e-37
2.590979716581032635e-45
1.000000000000000000e+00
4.307821417195052118e-40
1.000000000000000000e+00
