1.000000000000000000e+00
9.999890646156797125e-01
1.000000000000000000e+00
1.000000000000000000e+00
1.000000000000000000e+00
1.000000000000000000e+00
4.047756483272754724e-01
1.000000000000000000e+00
1.000000000000000000e+00
1.000000000000000000e+00
1.901068011425505866e-48
1.151085756546929180e-48
2.301153763168064998e-20
1.000000000000000000e+00
1.904058325993389889e-42
3.594242031477430923e-32
1.000000000000000000e+00
1.000000000000000000e+00
1.000000000000000000e+00
1.000000000000000000e+00
1.000000000000000000e+00
1.000000000000000000e+00
1.000000000000000000e+00
1.000000000000000000e+00
1.000000000000000000e+00
1.000000000000000000e+00
1.000000000000000000e+00
1.443369249820199724e-48
1.000000000000000000e+00
1.000000000000000000e+00
2.249200532974590965e-48
1.000000000000000000e+00
1.000000000000000000e+00
1.000000000000000000e+00
3.954145829470631341e-44
1.000000000000000000e+00
1.000000000000000000e+00
1.000000000000000000e+00
1.000000000000000000e+00
1.000000000000000000e+00
