5.019358565131270980e-48
1.000000000000000000e+00
1.000000000000000000e+00
3.452071378181684255e-48
1.000000000000000000e+00
1.000000000000000000e+00
1.000000000000000000e+00
1.000000000000000000e+00
1.000000000000000000e+00
5.553478668888145403e-45
1.000000000000000000e+00
9.999864785108946164e-01
1.000000000000000000e+00
1.696217275759173173e-24
1.000000000000000000e+00
1.000000000000000000e+00
1.000000000000000000e+00
1.000000000000000000e+00
1.549416190859457825e-46
1.000000000000000000e+00
1.000000000000000000e+00
2.713873199789951660e-05
1.000000000000000000e+00
1.000000000000000000e+00
1.000000000000000000e+00
1.000000000000000000e+00
1.000000000000000000e+00
1.000000000000000000e+00
1.000000000000000000e+00
1.000000000000000000e+00
1.000000000000000000e+00
1.000000000000000000e+00
1.000000000000000000e+00
1.000000000000000000e+00
1.000000000000000000e+00
1.000000000000000000e+00
1.000000000000000000e+00
1.000000000000000000e+00
1.000000000000000000e+00
