1.000000000000000000e+00
1.000000000000000000e+00
1.000000000000000000e+00
1.033979865922273723e-47
1.000000000000000000e+00
1.000000000000000000e+00
1.000000000000000000e+00
1.529907835700381457e-44
1.000000000000000000e+00
1.000000000000000000e+00
1.000000000000000000e+00
1.000000000000000000e+00
1.000000000000000000e+00
1.000000000000000000e+00
1.000000000000000000e+00
1.000000000000000000e+00
1.000000000000000000e+00
1.000000000000000000e+00
1.000000000000000000e+00
1.000000000000000000e+00
1.000000000000000000e+00
4.245218074432519815e-45
3.907502952136617119e-44
1.000000000000000000e+00
1.000000000000000000e+00
1.000000000000000000e+00
1.000000000000000000e+00
3.375697780455006517e-46
1.128375686073060758e-46
1.000000000000000000e+00
1.000000000000000000e+00
1.000000000000000000e+00
4.273508678757794427e-40
3.152986811120211460e-42
1.000000000000000000e+00
4.455253661596237077e-46
1.000000000000000000e+00
1.000000000000000000e+00
1.000000000000000000e+00
1.000000000000000000e+00
