1.000000000000000000e+00
9.591907507292266044e-02
1.000000000000000000e+00
3.788117718688762829e-47
1.000000000000000000e+00
1.000000000000000000e+00
1.000000000000000000e+00
1.000000000000000000e+00
1.000000000000000000e+00
1.000000000000000000e+00
1.000000000000000000e+00
1.000000000000000000e+00
1.000000000000000000e+00
1.000000000000000000e+00
1.000000000000000000e+00
1.000000000000000000e+00
1.000000000000000000e+00
1.000000000000000000e+00
1.000000000000000000e+00
1.000000000000000000e+00
1.000000000000000000e+00
2.254050642553079461e-10
1.811368887345227430e-47
1.000000000000000000e+00
1.000000000000000000e+00
1.000000000000000000e+00
1.000000000000000000e+00
1.000000000000000000e+00
1.000000000000000000e+00
1.000000000000000000e+00
1.000000000000000000e+00
1.000000000000000000e+00
5.077035220982933707e-45
1.000000000000000000e+00
3.581541555403968927e-36
1.000000000000000000e+00
1.606712549644165689e-39
1.328978223846555346e-43
1.000000000000000000e+00
