9.999999999999988898e-01
9.999999999999984457e-01
9.999999999999944489e-01
2.334007191015580284e-10
9.999999999999595879e-01
1.802053230182566463e-12
9.999999999999986677e-01
9.999999999999984457e-01
9.999999999999984457e-01
9.999989241675758533e-01
9.999999999999982236e-01
9.999999999999984457e-01
9.999999999999984457e-01
4.584099552565615505e-05
9.999999999999968914e-01
9.999999999999973355e-01
9.999999999999984457e-01
9.999999999999882316e-01
9.999999999999968914e-01
9.999999999999968914e-01
9.999999999999971134e-01
9.999999999999984457e-01
9.999999999999968914e-01
9.999999999999984457e-01
9.999999999999968914e-01
9.999999999999982236e-01
9.999999999999984457e-01
9.999999999999975575e-01
9.999999999999986677e-01
9.999999999999968914e-01
9.999999999999984457e-01
9.999999999999968914e-01
9.999999999999968914e-01
9.999999999999971134e-01
9.999999999999971134e-01
9.999999999999984457e-01
9.999999972960387229e-01
9.999999999999984457e-01
9.999999999999984457e-01
