9.999999999999968914e-01
9.999999999999988898e-01
9.999999999999960032e-01
9.999999999999968914e-01
9.999999999999968914e-01
9.999999999999968914e-01
2.094679720087175665e-11
9.999999999999913403e-01
9.999999999999984457e-01
9.999999999999968914e-01
9.999999999999862332e-01
9.999999999999975575e-01
9.999999999999631406e-01
9.999999999999984457e-01
9.999999999999984457e-01
9.999999999999984457e-01
9.999999999999984457e-01
9.999999999999982236e-01
9.999999999999984457e-01
9.999999999999984457e-01
9.999999999999242828e-01
9.999999999999968914e-01
9.999999999999984457e-01
9.999999999999971134e-01
9.999999999999984457e-01
9.999999999999957812e-01
7.582360795812890976e-13
9.999999999999940048e-01
9.999999999999968914e-01
9.999999999999968914e-01
9.999999999999984457e-01
9.999999999999971134e-01
9.999999999999868994e-01
9.999999999999973355e-01
9.999999999999984457e-01
9.999999999999982236e-01
4.105676587230854822e-06
9.999999999999915623e-01
9.999999999820339269e-01
2.450635120039684734e-05
