1.000000000000000000e+00
1.000000000000000000e+00
5.474243259672614853e-08
1.000000000000000000e+00
1.000000000000000000e+00
1.000000000000000000e+00
1.000000000000000000e+00
6.357034144268557130e-35
1.000000000000000000e+00
6.507882283101281012e-36
9.999999999990585309e-01
1.086318529365718242e-23
1.000000000000000000e+00
1.000000000000000000e+00
1.000000000000000000e+00
1.000000000000000000e+00
1.000000000000000000e+00
1.000000000000000000e+00
1.000000000000000000e+00
1.000000000000000000e+00
1.000000000000000000e+00
1.000000000000000000e+00
1.000000000000000000e+00
1.000000000000000000e+00
1.000000000000000000e+00
1.000000000000000000e+00
1.000000000000000000e+00
1.000000000000000000e+00
1.000000000000000000e+00
1.000000000000000000e+00
1.000000000000000000e+00
1.000000000000000000e+00
1.000000000000000000e+00
1.000000000000000000e+00
1.000000000000000000e+00
1.000000000000000000e+00
1.000000000000000000e+00
1.000000000000000000e+00
1.000000000000000000e+00
1.000000000000000000e+00
1.000000000000000000e+00
1.790058818791693745e-48
1.000000000000000000e+00
1.000000000000000000e+00
1.000000000000000000e+00
2.939123077763614861e-40
1.000000000000000000e+00
1.000000000000000000e+00
1.000000000000000000e+00
1.000000000000000000e+00
1.000000000000000000e+00
1.000000000000000000e+00
1.000000000000000000e+00
1.000000000000000000e+00
1.000000000000000000e+00
1.000000000000000000e+00
1.000000000000000000e+00
1.000000000000000000e+00
1.000000000000000000e+00
1.000000000000000000e+00
1.000000000000000000e+00
1.000000000000000000e+00
1.000000000000000000e+00
9.999977429173415588e-01
1.000000000000000000e+00
1.000000000000000000e+00
1.000000000000000000e+00
1.308513651913558056e-41
1.000000000000000000e+00
1.000000000000000000e+00
1.000000000000000000e+00
1.000000000000000000e+00
1.000000000000000000e+00
3.114472455042797372e-37
2.590979716581032635e-45
1.000000000000000000e+00
4.307821417195052118e-40
1.000000000000000000e+00
1.000000000000000000e+00
1.648301409180397828e-33
1.000000000000000000e+00
1.000000000000000000e+00
1.000000000000000000e+00
1.000000000000000000e+00
1.000000000000000000e+00
8.196213693001530381e-36
1.000000000000000000e+00
1.000000000000000000e+00
1.000000000000000000e+00
1.000000000000000000e+00
1.000000000000000000e+00
1.000000000000000000e+00
2.093034611436619184e-29
1.000000000000000000e+00
1.000000000000000000e+00
1.000000000000000000e+00
1.000000000000000000e+00
1.157083117595487686e-34
1.000000000000000000e+00
1.000000000000000000e+00
1.000000000000000000e+00
1.000000000000000000e+00
1.000000000000000000e+00
1.000000000000000000e+00
1.000000000000000000e+00
1.000000000000000000e+00
1.000000000000000000e+00
1.972596308641299582e-26
1.000000000000000000e+00
9.749235443535657662e-32
1.000000000000000000e+00
1.000000000000000000e+00
1.000000000000000000e+00
1.000000000000000000e+00
1.000000000000000000e+00
1.000000000000000000e+00
1.000000000000000000e+00
1.000000000000000000e+00
9.999890646156797125e-01
1.000000000000000000e+00
1.000000000000000000e+00
1.000000000000000000e+00
1.000000000000000000e+00
4.047756483272754724e-01
1.000000000000000000e+00
1.000000000000000000e+00
1.000000000000000000e+00
1.901068011425505866e-48
1.151085756546929180e-48
2.301153763168064998e-20
1.000000000000000000e+00
1.904058325993389889e-42
3.594242031477430923e-32
1.000000000000000000e+00
1.000000000000000000e+00
1.000000000000000000e+00
1.000000000000000000e+00
1.000000000000000000e+00
1.000000000000000000e+00
1.000000000000000000e+00
1.000000000000000000e+00
1.000000000000000000e+00
1.000000000000000000e+00
1.000000000000000000e+00
1.443369249820199724e-48
1.000000000000000000e+00
1.000000000000000000e+00
2.249200532974590965e-48
1.000000000000000000e+00
1.000000000000000000e+00
1.000000000000000000e+00
3.954145829470631341e-44
1.000000000000000000e+00
1.000000000000000000e+00
1.000000000000000000e+00
1.000000000000000000e+00
1.000000000000000000e+00
1.000000000000000000e+00
1.000000000000000000e+00
1.000000000000000000e+00
1.000000000000000000e+00
1.000000000000000000e+00
2.014828044415733331e-41
1.000000000000000000e+00
1.000000000000000000e+00
1.000000000000000000e+00
1.000000000000000000e+00
1.000000000000000000e+00
1.000000000000000000e+00
1.000000000000000000e+00
3.422136879727873182e-11
1.000000000000000000e+00
1.000000000000000000e+00
1.000000000000000000e+00
1.000000000000000000e+00
3.669084395637978369e-50
4.847569224183776964e-50
1.000000000000000000e+00
1.000000000000000000e+00
2.117921183282038106e-49
1.000000000000000000e+00
1.000000000000000000e+00
8.269299472471952537e-26
1.000000000000000000e+00
1.000000000000000000e+00
1.000000000000000000e+00
1.000000000000000000e+00
1.000000000000000000e+00
1.000000000000000000e+00
1.000000000000000000e+00
1.000000000000000000e+00
1.000000000000000000e+00
1.000000000000000000e+00
1.000000000000000000e+00
1.000000000000000000e+00
1.000000000000000000e+00
5.019358565131270980e-48
1.000000000000000000e+00
1.000000000000000000e+00
3.452071378181684255e-48
1.000000000000000000e+00
1.000000000000000000e+00
1.000000000000000000e+00
1.000000000000000000e+00
1.000000000000000000e+00
5.553478668888145403e-45
1.000000000000000000e+00
9.999864785108946164e-01
1.000000000000000000e+00
1.696217275759173173e-24
1.000000000000000000e+00
1.000000000000000000e+00
1.000000000000000000e+00
1.000000000000000000e+00
1.549416190859457825e-46
1.000000000000000000e+00
1.000000000000000000e+00
2.713873199789951660e-05
1.000000000000000000e+00
1.000000000000000000e+00
1.000000000000000000e+00
1.000000000000000000e+00
1.000000000000000000e+00
1.000000000000000000e+00
1.000000000000000000e+00
1.000000000000000000e+00
1.000000000000000000e+00
1.000000000000000000e+00
1.000000000000000000e+00
1.000000000000000000e+00
1.000000000000000000e+00
1.000000000000000000e+00
1.000000000000000000e+00
1.000000000000000000e+00
1.000000000000000000e+00
1.000000000000000000e+00
1.000000000000000000e+00
1.000000000000000000e+00
1.033979865922273723e-47
1.000000000000000000e+00
1.000000000000000000e+00
1.000000000000000000e+00
1.529907835700381457e-44
1.000000000000000000e+00
1.000000000000000000e+00
1.000000000000000000e+00
1.000000000000000000e+00
1.000000000000000000e+00
1.000000000000000000e+00
1.000000000000000000e+00
1.000000000000000000e+00
1.000000000000000000e+00
1.000000000000000000e+00
1.000000000000000000e+00
1.000000000000000000e+00
1.000000000000000000e+00
4.245218074432519815e-45
3.907502952136617119e-44
1.000000000000000000e+00
1.000000000000000000e+00
1.000000000000000000e+00
1.000000000000000000e+00
3.375697780455006517e-46
1.128375686073060758e-46
1.000000000000000000e+00
1.000000000000000000e+00
1.000000000000000000e+00
4.273508678757794427e-40
3.152986811120211460e-42
1.000000000000000000e+00
4.455253661596237077e-46
1.000000000000000000e+00
1.000000000000000000e+00
1.000000000000000000e+00
1.000000000000000000e+00
1.000000000000000000e+00
9.591907507292266044e-02
1.000000000000000000e+00
3.788117718688762829e-47
1.000000000000000000e+00
1.000000000000000000e+00
1.000000000000000000e+00
1.000000000000000000e+00
1.000000000000000000e+00
1.000000000000000000e+00
1.000000000000000000e+00
1.000000000000000000e+00
1.000000000000000000e+00
1.000000000000000000e+00
1.000000000000000000e+00
1.000000000000000000e+00
1.000000000000000000e+00
1.000000000000000000e+00
1.000000000000000000e+00
1.000000000000000000e+00
1.000000000000000000e+00
2.254050642553079461e-10
1.811368887345227430e-47
1.000000000000000000e+00
1.000000000000000000e+00
1.000000000000000000e+00
1.000000000000000000e+00
1.000000000000000000e+00
1.000000000000000000e+00
1.000000000000000000e+00
1.000000000000000000e+00
1.000000000000000000e+00
5.077035220982933707e-45
1.000000000000000000e+00
3.581541555403968927e-36
1.000000000000000000e+00
1.606712549644165689e-39
1.328978223846555346e-43
1.000000000000000000e+00
9.999999999999988898e-01
9.999999999999984457e-01
9.999999999999944489e-01
2.334007191015580284e-10
9.999999999999595879e-01
1.802053230182566463e-12
9.999999999999986677e-01
9.999999999999984457e-01
9.999999999999984457e-01
9.999989241675758533e-01
9.999999999999982236e-01
9.999999999999984457e-01
9.999999999999984457e-01
4.584099552565615505e-05
9.999999999999968914e-01
9.999999999999973355e-01
9.999999999999984457e-01
9.999999999999882316e-01
9.999999999999968914e-01
9.999999999999968914e-01
9.999999999999971134e-01
9.999999999999984457e-01
9.999999999999968914e-01
9.999999999999984457e-01
9.999999999999968914e-01
9.999999999999982236e-01
9.999999999999984457e-01
9.999999999999975575e-01
9.999999999999986677e-01
9.999999999999968914e-01
9.999999999999984457e-01
9.999999999999968914e-01
9.999999999999968914e-01
9.999999999999971134e-01
9.999999999999971134e-01
9.999999999999984457e-01
9.999999972960387229e-01
9.999999999999984457e-01
9.999999999999984457e-01
9.999999999999968914e-01
9.999999999999988898e-01
9.999999999999960032e-01
9.999999999999968914e-01
9.999999999999968914e-01
9.999999999999968914e-01
2.094679720087175665e-11
9.999999999999913403e-01
9.999999999999984457e-01
9.999999999999968914e-01
9.999999999999862332e-01
9.999999999999975575e-01
9.999999999999631406e-01
9.999999999999984457e-01
9.999999999999984457e-01
9.999999999999984457e-01
9.999999999999984457e-01
9.999999999999982236e-01
9.999999999999984457e-01
9.999999999999984457e-01
9.999999999999242828e-01
9.999999999999968914e-01
9.999999999999984457e-01
9.999999999999971134e-01
9.999999999999984457e-01
9.999999999999957812e-01
7.582360795812890976e-13
9.999999999999940048e-01
9.999999999999968914e-01
9.999999999999968914e-01
9.999999999999984457e-01
9.999999999999971134e-01
9.999999999999868994e-01
9.999999999999973355e-01
9.999999999999984457e-01
9.999999999999982236e-01
4.105676587230854822e-06
9.999999999999915623e-01
9.999999999820339269e-01
2.450635120039684734e-05
