9.999999759857854942e-01
9.997072528287320736e-01
9.999997807661255012e-01
9.949635721649174869e-01
2.052275551913808180e-08
9.638221693339532603e-01
1.000000000000000000e+00
9.999996119507845727e-01
1.399809340409248980e-04
9.883004978684368780e-01
1.000000000000000000e+00
9.971380827849815054e-01
4.056758192782631278e-01
1.000000000000000000e+00
1.000000000000000000e+00
1.000000000000000000e+00
5.490637682286888047e-05
1.000000000000000000e+00
1.000000000000000000e+00
1.065317781816831587e-02
1.000000000000000000e+00
1.000000000000000000e+00
1.000000000000000000e+00
3.830458861665235748e-01
9.604464770006534424e-01
1.000000000000000000e+00
8.523316938157968758e-01
1.000000000000000000e+00
1.000000000000000000e+00
1.000000000000000000e+00
1.000000000000000000e+00
1.000000000000000000e+00
1.000000000000000000e+00
1.000000000000000000e+00
2.520424564851534492e-14
4.525774444130635411e-16
1.000000000000000000e+00
1.000000000000000000e+00
1.670510377431906265e-02
1.000000000000000000e+00
1.000000000000000000e+00
9.987104129749173609e-01
1.979576570110176958e-01
9.999850982703497593e-01
9.999999999954931607e-01
9.903579781531415271e-01
8.787962750092033658e-14
1.000000000000000000e+00
9.963668969827843558e-01
2.061555955551604981e-32
2.186105232599207036e-07
1.000000000000000000e+00
1.000000000000000000e+00
1.000000000000000000e+00
9.154342686384971059e-19
7.730880441946544890e-01
9.999795076970640073e-01
9.999999999999746869e-01
1.000000000000000000e+00
9.999986705806972465e-01
1.000000000000000000e+00
1.000000000000000000e+00
9.435480738994049821e-01
9.996318985882121089e-01
