1.970180048726283329e-82
9.999999999972961628e-01
1.000000000000000000e+00
1.000000000000000000e+00
4.343742420829475275e-10
1.000000000000000000e+00
1.000000000000000000e+00
1.615646437206493411e-69
1.000000000000000000e+00
5.787815798364777990e-72
9.999999999999991118e-01
1.000000000000000000e+00
1.000000000000000000e+00
9.999999999991511235e-01
1.000000000000000000e+00
1.000000000000000000e+00
1.000000000000000000e+00
1.000000000000000000e+00
1.000000000000000000e+00
1.000000000000000000e+00
1.000000000000000000e+00
1.000000000000000000e+00
8.554840296409144331e-09
1.000000000000000000e+00
1.000000000000000000e+00
9.433209559115616205e-01
1.000000000000000000e+00
1.000000000000000000e+00
1.000000000000000000e+00
4.162267145801633624e-39
1.000000000000000000e+00
1.000000000000000000e+00
9.880179102735581186e-22
1.000000000000000000e+00
1.000000000000000000e+00
2.011399791300179802e-32
1.000000000000000000e+00
1.000000000000000000e+00
9.958126979729339245e-01
1.000000000000000000e+00
1.000000000000000000e+00
1.000000000000000000e+00
1.000000000000000000e+00
5.745892903330817808e-120
1.000000000000000000e+00
1.868802818473980835e-21
1.000000000000000000e+00
1.997329303956942695e-111
1.000000000000000000e+00
4.729479818992015411e-48
1.000000000000000000e+00
1.000000000000000000e+00
1.000000000000000000e+00
1.589279926357681027e-38
2.089451702203448298e-105
1.000000000000000000e+00
1.000000000000000000e+00
1.000000000000000000e+00
2.329268188661003479e-80
1.000000000000000000e+00
1.000000000000000000e+00
1.000000000000000000e+00
9.999999991426773427e-01
1.000000000000000000e+00
