1.000000000000000000e+00
1.000000000000000000e+00
1.000000000000000000e+00
9.999999999960920150e-01
4.167981974286001395e-20
1.032638800811688507e-45
1.811851194287387825e-65
6.814633122884244942e-01
3.719316661858135795e-84
2.490199790977118263e-44
1.000000000000000000e+00
9.999589367138090878e-01
1.000000000000000000e+00
1.152873691017583022e-88
1.000000000000000000e+00
1.000000000000000000e+00
1.606939618165952810e-09
1.841840010415914848e-76
9.332210117444793133e-65
1.000000000000000000e+00
1.000000000000000000e+00
1.000000000000000000e+00
1.000000000000000000e+00
1.000000000000000000e+00
1.000000000000000000e+00
6.553641241001261379e-76
3.483096298991662438e-73
7.364140486529427134e-14
4.080041068080900168e-02
4.966099261969768833e-49
9.890503990501726683e-01
1.000000000000000000e+00
3.662413454851845248e-25
1.000000000000000000e+00
1.000000000000000000e+00
1.000000000000000000e+00
1.355162524198040150e-17
1.000000000000000000e+00
1.000000000000000000e+00
1.000000000000000000e+00
1.343858262043801268e-64
1.000000000000000000e+00
2.623097053227220732e-75
9.343646149752110319e-18
9.999999999999875655e-01
9.999999999999038547e-01
1.846331338281654328e-83
1.000000000000000000e+00
1.000000000000000000e+00
1.000000000000000000e+00
1.000000000000000000e+00
9.999999639262782125e-01
1.000000000000000000e+00
1.000000000000000000e+00
1.000000000000000000e+00
2.893845989330683780e-91
1.000000000000000000e+00
1.000000000000000000e+00
9.999999999942466022e-01
1.000000000000000000e+00
1.447775225157673378e-85
9.991772159855879520e-01
1.024915340385427879e-84
4.214791992212415553e-23
9.922442286078517748e-01
