1.000000000000000000e+00
1.000000000000000000e+00
1.000000000000000000e+00
2.489435158455061740e-11
1.000000000000000000e+00
1.000000000000000000e+00
1.000000000000000000e+00
1.000000000000000000e+00
1.000000000000000000e+00
2.470295568319232956e-42
1.000000000000000000e+00
1.000000000000000000e+00
1.000000000000000000e+00
1.000000000000000000e+00
1.000000000000000000e+00
1.000000000000000000e+00
2.316864974337653525e-25
1.000000000000000000e+00
1.000000000000000000e+00
9.999999999997433164e-01
1.000000000000000000e+00
1.000000000000000000e+00
1.000000000000000000e+00
1.000000000000000000e+00
1.000000000000000000e+00
1.554609274239139221e-08
1.000000000000000000e+00
1.000000000000000000e+00
1.000000000000000000e+00
1.000000000000000000e+00
1.000000000000000000e+00
1.000000000000000000e+00
1.000000000000000000e+00
1.000000000000000000e+00
1.000000000000000000e+00
1.000000000000000000e+00
1.000000000000000000e+00
1.000000000000000000e+00
1.000000000000000000e+00
1.000000000000000000e+00
1.000000000000000000e+00
1.000000000000000000e+00
1.282503032674471161e-18
9.999727291244601135e-01
1.000000000000000000e+00
1.000000000000000000e+00
1.000000000000000000e+00
1.000000000000000000e+00
1.000000000000000000e+00
1.000000000000000000e+00
1.000000000000000000e+00
5.484924403632531784e-106
1.000000000000000000e+00
1.000000000000000000e+00
1.000000000000000000e+00
1.000000000000000000e+00
6.989443640523103117e-11
1.000000000000000000e+00
1.000000000000000000e+00
1.000000000000000000e+00
1.000000000000000000e+00
1.000000000000000000e+00
9.298879048954084407e-116
1.000000000000000000e+00
1.000000000000000000e+00
1.000000000000000000e+00
1.000000000000000000e+00
2.182232473571021753e-05
1.000000000000000000e+00
1.000000000000000000e+00
6.721190925488772195e-05
1.000000000000000000e+00
1.000000000000000000e+00
1.000000000000000000e+00
1.000000000000000000e+00
9.999999999976918463e-01
1.000000000000000000e+00
1.000000000000000000e+00
1.000000000000000000e+00
1.000000000000000000e+00
1.000000000000000000e+00
9.999960605499007560e-01
1.000000000000000000e+00
1.000000000000000000e+00
1.000000000000000000e+00
1.000000000000000000e+00
9.443994827244882222e-10
1.000000000000000000e+00
1.000000000000000000e+00
1.000000000000000000e+00
1.000000000000000000e+00
1.283962874493139565e-08
2.745946514715921849e-25
1.000000000000000000e+00
1.000000000000000000e+00
1.000000000000000000e+00
1.000000000000000000e+00
1.000000000000000000e+00
9.999999999988693489e-01
9.999999999999897859e-01
1.000000000000000000e+00
1.000000000000000000e+00
1.000000000000000000e+00
9.999999993395844999e-01
9.517466134361258084e-26
1.000000000000000000e+00
1.000000000000000000e+00
1.000000000000000000e+00
1.000000000000000000e+00
1.000000000000000000e+00
1.000000000000000000e+00
1.000000000000000000e+00
1.000000000000000000e+00
1.000000000000000000e+00
1.000000000000000000e+00
1.000000000000000000e+00
1.000000000000000000e+00
1.000000000000000000e+00
1.000000000000000000e+00
1.000000000000000000e+00
9.999999999998805400e-01
1.000000000000000000e+00
1.000000000000000000e+00
1.000000000000000000e+00
1.000000000000000000e+00
1.000000000000000000e+00
1.000000000000000000e+00
1.000000000000000000e+00
1.000000000000000000e+00
1.000000000000000000e+00
1.000000000000000000e+00
1.000000000000000000e+00
8.887978824975148640e-49
1.000000000000000000e+00
1.000000000000000000e+00
1.000000000000000000e+00
1.000000000000000000e+00
1.000000000000000000e+00
1.000000000000000000e+00
1.000000000000000000e+00
1.000000000000000000e+00
1.000000000000000000e+00
1.000000000000000000e+00
1.000000000000000000e+00
1.000000000000000000e+00
1.000000000000000000e+00
1.000000000000000000e+00
1.000000000000000000e+00
1.000000000000000000e+00
1.000000000000000000e+00
1.000000000000000000e+00
1.000000000000000000e+00
1.000000000000000000e+00
1.000000000000000000e+00
1.000000000000000000e+00
1.000000000000000000e+00
1.000000000000000000e+00
3.680382745349841788e-18
1.000000000000000000e+00
1.000000000000000000e+00
1.000000000000000000e+00
1.000000000000000000e+00
1.000000000000000000e+00
1.000000000000000000e+00
1.000000000000000000e+00
1.000000000000000000e+00
9.999999994777946100e-01
1.000000000000000000e+00
1.000000000000000000e+00
1.000000000000000000e+00
1.000000000000000000e+00
1.000000000000000000e+00
9.999999999999991118e-01
1.000000000000000000e+00
1.000000000000000000e+00
1.000000000000000000e+00
1.000000000000000000e+00
2.634088920725474492e-23
1.000000000000000000e+00
1.000000000000000000e+00
1.000000000000000000e+00
1.000000000000000000e+00
1.000000000000000000e+00
1.000000000000000000e+00
1.000000000000000000e+00
1.000000000000000000e+00
1.000000000000000000e+00
1.000000000000000000e+00
1.000000000000000000e+00
1.000000000000000000e+00
1.000000000000000000e+00
1.000000000000000000e+00
1.000000000000000000e+00
1.000000000000000000e+00
1.000000000000000000e+00
1.000000000000000000e+00
1.000000000000000000e+00
1.000000000000000000e+00
1.000000000000000000e+00
1.000000000000000000e+00
1.000000000000000000e+00
1.000000000000000000e+00
1.000000000000000000e+00
1.000000000000000000e+00
1.000000000000000000e+00
1.554161781108143008e-02
1.000000000000000000e+00
1.000000000000000000e+00
1.000000000000000000e+00
1.000000000000000000e+00
1.000000000000000000e+00
1.000000000000000000e+00
1.000000000000000000e+00
1.000000000000000000e+00
9.999999994739872111e-01
1.000000000000000000e+00
1.000000000000000000e+00
1.000000000000000000e+00
1.000000000000000000e+00
1.000000000000000000e+00
1.000000000000000000e+00
7.017759378085129951e-01
1.000000000000000000e+00
1.000000000000000000e+00
1.000000000000000000e+00
1.000000000000000000e+00
1.000000000000000000e+00
1.000000000000000000e+00
1.000000000000000000e+00
1.000000000000000000e+00
1.000000000000000000e+00
1.000000000000000000e+00
1.000000000000000000e+00
1.000000000000000000e+00
9.999939201155899626e-01
1.000000000000000000e+00
1.000000000000000000e+00
1.000000000000000000e+00
1.000000000000000000e+00
1.000000000000000000e+00
1.000000000000000000e+00
1.000000000000000000e+00
1.000000000000000000e+00
1.000000000000000000e+00
1.000000000000000000e+00
1.000000000000000000e+00
1.000000000000000000e+00
1.000000000000000000e+00
1.000000000000000000e+00
1.000000000000000000e+00
1.000000000000000000e+00
1.000000000000000000e+00
1.000000000000000000e+00
1.000000000000000000e+00
1.000000000000000000e+00
1.000000000000000000e+00
1.000000000000000000e+00
1.000000000000000000e+00
1.000000000000000000e+00
1.000000000000000000e+00
1.000000000000000000e+00
2.122053957263237651e-05
1.000000000000000000e+00
1.000000000000000000e+00
1.000000000000000000e+00
1.000000000000000000e+00
1.000000000000000000e+00
1.000000000000000000e+00
1.000000000000000000e+00
1.000000000000000000e+00
1.000000000000000000e+00
1.000000000000000000e+00
1.000000000000000000e+00
1.000000000000000000e+00
1.000000000000000000e+00
1.000000000000000000e+00
9.286798541171272792e-01
1.000000000000000000e+00
1.000000000000000000e+00
1.000000000000000000e+00
1.000000000000000000e+00
9.999999248178127464e-01
1.000000000000000000e+00
1.000000000000000000e+00
1.000000000000000000e+00
1.000000000000000000e+00
1.000000000000000000e+00
1.000000000000000000e+00
1.000000000000000000e+00
1.000000000000000000e+00
9.999999207619817421e-01
1.000000000000000000e+00
1.000000000000000000e+00
1.000000000000000000e+00
1.000000000000000000e+00
1.000000000000000000e+00
1.000000000000000000e+00
1.000000000000000000e+00
1.000000000000000000e+00
1.000000000000000000e+00
1.000000000000000000e+00
1.000000000000000000e+00
9.999999996397395119e-01
1.000000000000000000e+00
1.000000000000000000e+00
1.000000000000000000e+00
1.000000000000000000e+00
1.000000000000000000e+00
1.000000000000000000e+00
1.000000000000000000e+00
1.000000000000000000e+00
1.000000000000000000e+00
1.000000000000000000e+00
1.000000000000000000e+00
1.000000000000000000e+00
9.999999999998914202e-01
1.000000000000000000e+00
1.000000000000000000e+00
1.000000000000000000e+00
1.000000000000000000e+00
1.000000000000000000e+00
1.000000000000000000e+00
1.000000000000000000e+00
1.000000000000000000e+00
1.000000000000000000e+00
1.000000000000000000e+00
1.000000000000000000e+00
1.000000000000000000e+00
1.000000000000000000e+00
1.000000000000000000e+00
1.000000000000000000e+00
1.000000000000000000e+00
1.000000000000000000e+00
1.000000000000000000e+00
1.000000000000000000e+00
1.000000000000000000e+00
1.000000000000000000e+00
1.000000000000000000e+00
9.999984892012839799e-01
1.000000000000000000e+00
1.000000000000000000e+00
1.000000000000000000e+00
1.000000000000000000e+00
1.000000000000000000e+00
1.000000000000000000e+00
1.000000000000000000e+00
1.000000000000000000e+00
1.000000000000000000e+00
1.000000000000000000e+00
1.000000000000000000e+00
1.000000000000000000e+00
1.000000000000000000e+00
1.000000000000000000e+00
1.000000000000000000e+00
1.000000000000000000e+00
1.000000000000000000e+00
1.000000000000000000e+00
1.000000000000000000e+00
1.000000000000000000e+00
1.000000000000000000e+00
1.000000000000000000e+00
1.000000000000000000e+00
1.532765749615300178e-15
3.036214062121196378e-01
1.000000000000000000e+00
1.000000000000000000e+00
1.000000000000000000e+00
1.000000000000000000e+00
1.000000000000000000e+00
1.000000000000000000e+00
1.000000000000000000e+00
1.000000000000000000e+00
1.000000000000000000e+00
1.000000000000000000e+00
1.000000000000000000e+00
1.000000000000000000e+00
1.000000000000000000e+00
1.000000000000000000e+00
1.000000000000000000e+00
1.000000000000000000e+00
1.000000000000000000e+00
1.000000000000000000e+00
1.000000000000000000e+00
1.000000000000000000e+00
9.999999759857854942e-01
9.997072528287320736e-01
9.999997807661255012e-01
9.949635721649174869e-01
2.052275551913808180e-08
9.638221693339532603e-01
1.000000000000000000e+00
9.999996119507845727e-01
1.399809340409248980e-04
9.883004978684368780e-01
1.000000000000000000e+00
9.971380827849815054e-01
4.056758192782631278e-01
1.000000000000000000e+00
1.000000000000000000e+00
1.000000000000000000e+00
5.490637682286888047e-05
1.000000000000000000e+00
1.000000000000000000e+00
1.065317781816831587e-02
1.000000000000000000e+00
1.000000000000000000e+00
1.000000000000000000e+00
3.830458861665235748e-01
9.604464770006534424e-01
1.000000000000000000e+00
8.523316938157968758e-01
1.000000000000000000e+00
1.000000000000000000e+00
1.000000000000000000e+00
1.000000000000000000e+00
1.000000000000000000e+00
1.000000000000000000e+00
1.000000000000000000e+00
2.520424564851534492e-14
4.525774444130635411e-16
1.000000000000000000e+00
1.000000000000000000e+00
1.670510377431906265e-02
1.000000000000000000e+00
1.000000000000000000e+00
9.987104129749173609e-01
1.979576570110176958e-01
9.999850982703497593e-01
9.999999999954931607e-01
9.903579781531415271e-01
8.787962750092033658e-14
1.000000000000000000e+00
9.963668969827843558e-01
2.061555955551604981e-32
2.186105232599207036e-07
1.000000000000000000e+00
1.000000000000000000e+00
1.000000000000000000e+00
9.154342686384971059e-19
7.730880441946544890e-01
9.999795076970640073e-01
9.999999999999746869e-01
1.000000000000000000e+00
9.999986705806972465e-01
1.000000000000000000e+00
1.000000000000000000e+00
9.435480738994049821e-01
9.996318985882121089e-01
1.970180048726283329e-82
9.999999999972961628e-01
1.000000000000000000e+00
1.000000000000000000e+00
4.343742420829475275e-10
1.000000000000000000e+00
1.000000000000000000e+00
1.615646437206493411e-69
1.000000000000000000e+00
5.787815798364777990e-72
9.999999999999991118e-01
1.000000000000000000e+00
1.000000000000000000e+00
9.999999999991511235e-01
1.000000000000000000e+00
1.000000000000000000e+00
1.000000000000000000e+00
1.000000000000000000e+00
1.000000000000000000e+00
1.000000000000000000e+00
1.000000000000000000e+00
1.000000000000000000e+00
8.554840296409144331e-09
1.000000000000000000e+00
1.000000000000000000e+00
9.433209559115616205e-01
1.000000000000000000e+00
1.000000000000000000e+00
1.000000000000000000e+00
4.162267145801633624e-39
1.000000000000000000e+00
1.000000000000000000e+00
9.880179102735581186e-22
1.000000000000000000e+00
1.000000000000000000e+00
2.011399791300179802e-32
1.000000000000000000e+00
1.000000000000000000e+00
9.958126979729339245e-01
1.000000000000000000e+00
1.000000000000000000e+00
1.000000000000000000e+00
1.000000000000000000e+00
5.745892903330817808e-120
1.000000000000000000e+00
1.868802818473980835e-21
1.000000000000000000e+00
1.997329303956942695e-111
1.000000000000000000e+00
4.729479818992015411e-48
1.000000000000000000e+00
1.000000000000000000e+00
1.000000000000000000e+00
1.589279926357681027e-38
2.089451702203448298e-105
1.000000000000000000e+00
1.000000000000000000e+00
1.000000000000000000e+00
2.329268188661003479e-80
1.000000000000000000e+00
1.000000000000000000e+00
1.000000000000000000e+00
9.999999991426773427e-01
1.000000000000000000e+00
1.000000000000000000e+00
1.000000000000000000e+00
1.000000000000000000e+00
1.000000000000000000e+00
1.000000000000000000e+00
1.000000000000000000e+00
1.000000000000000000e+00
1.000000000000000000e+00
1.000000000000000000e+00
1.000000000000000000e+00
1.000000000000000000e+00
1.000000000000000000e+00
1.000000000000000000e+00
1.000000000000000000e+00
1.000000000000000000e+00
9.999999999313140542e-01
1.000000000000000000e+00
1.000000000000000000e+00
1.000000000000000000e+00
1.000000000000000000e+00
1.000000000000000000e+00
1.000000000000000000e+00
1.000000000000000000e+00
7.942727109219690496e-01
9.999999968900394887e-01
1.000000000000000000e+00
9.999999999863857791e-01
1.000000000000000000e+00
1.000000000000000000e+00
1.000000000000000000e+00
1.000000000000000000e+00
1.000000000000000000e+00
1.000000000000000000e+00
1.000000000000000000e+00
3.886739373090402072e-01
1.000000000000000000e+00
3.117827832383697206e-01
9.999999999301905085e-01
1.000000000000000000e+00
1.000000000000000000e+00
9.999999999071713663e-01
1.000000000000000000e+00
1.000000000000000000e+00
1.000000000000000000e+00
1.000000000000000000e+00
1.000000000000000000e+00
1.000000000000000000e+00
1.000000000000000000e+00
1.000000000000000000e+00
1.000000000000000000e+00
3.036494240378505016e-01
9.999997647810474621e-01
1.000000000000000000e+00
1.000000000000000000e+00
1.000000000000000000e+00
1.000000000000000000e+00
1.000000000000000000e+00
9.999999458343522551e-01
9.999999965127506218e-01
1.000000000000000000e+00
1.000000000000000000e+00
1.000000000000000000e+00
1.000000000000000000e+00
1.000000000000000000e+00
1.000000000000000000e+00
1.000000000000000000e+00
1.000000000000000000e+00
9.999999999960920150e-01
4.167981974286001395e-20
1.032638800811688507e-45
1.811851194287387825e-65
6.814633122884244942e-01
3.719316661858135795e-84
2.490199790977118263e-44
1.000000000000000000e+00
9.999589367138090878e-01
1.000000000000000000e+00
1.152873691017583022e-88
1.000000000000000000e+00
1.000000000000000000e+00
1.606939618165952810e-09
1.841840010415914848e-76
9.332210117444793133e-65
1.000000000000000000e+00
1.000000000000000000e+00
1.000000000000000000e+00
1.000000000000000000e+00
1.000000000000000000e+00
1.000000000000000000e+00
6.553641241001261379e-76
3.483096298991662438e-73
7.364140486529427134e-14
4.080041068080900168e-02
4.966099261969768833e-49
9.890503990501726683e-01
1.000000000000000000e+00
3.662413454851845248e-25
1.000000000000000000e+00
1.000000000000000000e+00
1.000000000000000000e+00
1.355162524198040150e-17
1.000000000000000000e+00
1.000000000000000000e+00
1.000000000000000000e+00
1.343858262043801268e-64
1.000000000000000000e+00
2.623097053227220732e-75
9.343646149752110319e-18
9.999999999999875655e-01
9.999999999999038547e-01
1.846331338281654328e-83
1.000000000000000000e+00
1.000000000000000000e+00
1.000000000000000000e+00
1.000000000000000000e+00
9.999999639262782125e-01
1.000000000000000000e+00
1.000000000000000000e+00
1.000000000000000000e+00
2.893845989330683780e-91
1.000000000000000000e+00
1.000000000000000000e+00
9.999999999942466022e-01
1.000000000000000000e+00
1.447775225157673378e-85
9.991772159855879520e-01
1.024915340385427879e-84
4.214791992212415553e-23
9.922442286078517748e-01
