1.173929587817342246e-01
1.173929587817342246e-01
1.178968852747138280e-01
1.175231917159668543e-01
1.173929587817342246e-01
1.176195240525781255e-01
1.173929587817342246e-01
1.179406351658926072e-01
1.173929587817342246e-01
1.179413381152208951e-01
1.179078093658636889e-01
1.179095920075340642e-01
1.173929587826275794e-01
1.173929587879349867e-01
1.173929587817342246e-01
1.173929790599724798e-01
1.173929587817342246e-01
1.173929752291053841e-01
1.176510793156511220e-01
1.173929587817342246e-01
1.173929587817342246e-01
1.173929587817342246e-01
1.173929587817342246e-01
1.175763838038832859e-01
1.173929587817344466e-01
1.173929587817521131e-01
1.175656600754998171e-01
1.173929587817342246e-01
1.179432779684380372e-01
1.173929587817342246e-01
1.173929587817342246e-01
1.173929587817342801e-01
1.173929587817342246e-01
1.175719542229264059e-01
1.173929587817342246e-01
1.173929587817342801e-01
1.173929587817342246e-01
1.173929587817342246e-01
1.173929587817342246e-01
