1.176246601723632268e-01
1.176743831663075446e-01
1.179932009486499012e-01
1.174528222041060915e-01
1.174528222040829989e-01
1.174528222040829989e-01
1.179942169987424905e-01
1.174528222040829989e-01
1.174528222040829989e-01
1.174528222099780611e-01
1.174528222040829989e-01
1.179471867429770782e-01
1.174528222040829989e-01
1.174528222040829989e-01
1.174528222040829989e-01
1.174528222040829989e-01
1.174528222040829989e-01
1.174528222040829989e-01
1.179912797696086452e-01
1.174528222741606509e-01
1.174528222040829989e-01
1.174528222040829989e-01
1.174528222040829989e-01
1.174528222040829989e-01
1.179912733469182656e-01
1.174528274942721884e-01
1.174528222040829989e-01
1.174528222040829989e-01
1.179704517491716315e-01
1.174528222040829989e-01
1.176264217165528259e-01
1.176278295364230619e-01
1.174528222040829989e-01
1.174528222040829989e-01
1.178460162777601183e-01
1.179907783292957757e-01
1.175806864798754625e-01
1.179704458553159085e-01
1.174528222040829989e-01
