1.173016356015019884e-01
1.178699843229099042e-01
1.173016356015019884e-01
1.173016356015019884e-01
1.173016356015020717e-01
1.173016356015019884e-01
1.173016356015019884e-01
1.178735972373586294e-01
1.173016356015019884e-01
1.177918287276406989e-01
1.173016357818389283e-01
1.175444772814179389e-01
1.174714398605979648e-01
1.173016356015019884e-01
1.178929660920201572e-01
1.173016356015019884e-01
1.173016356015019884e-01
1.178550622232406170e-01
1.173016356015123968e-01
1.178711312822666862e-01
1.173016356015019884e-01
1.173016356015019884e-01
1.173016356015019884e-01
1.173016356064215948e-01
1.173019102724114221e-01
1.174738438267358548e-01
1.175450443301118558e-01
1.173085170010379763e-01
1.173016356015019884e-01
1.177268707512096196e-01
1.173016356015019884e-01
1.178907341042588208e-01
1.173016356015019884e-01
1.173016356015019884e-01
1.173016356015019884e-01
1.173016356015019884e-01
1.173016356015284811e-01
1.175818586350493439e-01
1.173016356015019884e-01
