1.105781090549308732e-01
1.111458692682568278e-01
1.105781090549308732e-01
1.105781090549308732e-01
1.105781090549308732e-01
1.105781090549308732e-01
1.110088937571635237e-01
1.105781090549308732e-01
1.105781090549308732e-01
1.105781090549308732e-01
1.111479688356972750e-01
1.111479660280349502e-01
1.111452958969433719e-01
1.105781090549308732e-01
1.111458531528248111e-01
1.111043656884487113e-01
1.108125402380478186e-01
1.105781090549308732e-01
1.105781090549308732e-01
1.105781090551210266e-01
1.105781090549308732e-01
1.105781090549354945e-01
1.105781090549308732e-01
1.105781090549308732e-01
1.105781090549308732e-01
1.105781091315735792e-01
1.105781090549695644e-01
1.111478347075338241e-01
1.105781090549308732e-01
1.107126799474174861e-01
1.111478971970081830e-01
1.105781090549308732e-01
1.107149077339559667e-01
1.105781090549308732e-01
1.111238571161625444e-01
1.105781090549308732e-01
1.105781090575815861e-01
1.105781090549308732e-01
1.105781090549308732e-01
1.105781090549308732e-01
