1.173458948196865470e-01
1.173458948196865470e-01
1.175053241754797223e-01
1.175578537409812246e-01
1.173458948196865470e-01
1.179009029549635823e-01
1.173458948196865470e-01
1.173458948196865470e-01
1.173458948196865470e-01
1.173458948196865470e-01
1.173458948196865470e-01
1.173458948196865470e-01
1.178676116482909875e-01
1.179010838606106421e-01
1.173458948196865470e-01
1.173458948196865470e-01
1.173458948196865470e-01
1.173458948196865470e-01
1.179030636629841700e-01
1.179030623319813065e-01
1.173458948196865470e-01
1.173458948196865470e-01
1.179026198382583102e-01
1.175054904148358226e-01
1.173458948196865470e-01
1.178727561209712144e-01
1.173458948196865470e-01
1.173458948196865470e-01
1.173458948196865470e-01
1.173458948196865470e-01
1.173458948196865470e-01
1.173458948196865470e-01
1.173458948196865470e-01
1.173458948196865470e-01
1.173458948196865470e-01
1.177866091963256090e-01
1.173458948196865470e-01
1.173458948196865470e-01
1.174783024246280616e-01
