1.177776444963185704e-01
1.172120665660126293e-01
1.172120665660126293e-01
1.177776486612523155e-01
1.172120665660126293e-01
1.172120665660126293e-01
1.172120665660126293e-01
1.172120665660126293e-01
1.172120665821810570e-01
1.177625314222661562e-01
1.172120665719210697e-01
1.177756348660669722e-01
1.172120665660913857e-01
1.176564044209530702e-01
1.173821546547827860e-01
1.172120665660126293e-01
1.172120665660126293e-01
1.172120665660126293e-01
1.177749493160917815e-01
1.172120665660126293e-01
1.174281326032519529e-01
1.176957185530005112e-01
1.172120665660126293e-01
1.177756348517813856e-01
1.172120665660131844e-01
1.174448861465990784e-01
1.172120665660126293e-01
1.172120665660126293e-01
1.172120665660126293e-01
1.172120665660126293e-01
1.172120665660126293e-01
1.172120665660126293e-01
1.172120665665187383e-01
1.172120665660126293e-01
1.176063660106378833e-01
1.174448861465990784e-01
1.174448838236864384e-01
1.172120665660126293e-01
1.172120665660126293e-01
