1.105527085024885225e-01
1.105527085024885225e-01
1.105527085024885225e-01
1.111199923902483205e-01
1.105527085024885225e-01
1.105527085024885225e-01
1.105527085024885225e-01
1.111169204017442985e-01
1.105527085335466925e-01
1.105527085024885225e-01
1.105527085024885225e-01
1.105527085024885225e-01
1.110222976172768050e-01
1.105527086131745801e-01
1.105527085024885225e-01
1.105527085024885225e-01
1.105527779819489853e-01
1.105527085024885225e-01
1.105527085024885225e-01
1.105527085024885225e-01
1.105527085024885225e-01
1.111176791862328178e-01
1.110203047846478053e-01
1.105527085025489603e-01
1.105527085024885225e-01
1.105527085024885225e-01
1.105527085024885225e-01
1.111174570857655086e-01
1.110992194030778479e-01
1.105527085024885225e-01
1.105527085024885225e-01
1.105527085024885225e-01
1.111157560846632864e-01
1.110132647099655034e-01
1.105527085024885225e-01
1.111079515152875868e-01
1.107852427563277703e-01
1.105527085024885225e-01
1.105527085024885225e-01
1.105527085024885225e-01
