1.104063500729219049e-01
1.108612354620000656e-01
1.103622727266056341e-01
1.109320249345996101e-01
1.103622727266056341e-01
1.103622727313788437e-01
1.103622727266056341e-01
1.104497687167364517e-01
1.103622727266056341e-01
1.103622727266056341e-01
1.105966939884498040e-01
1.103622727266056341e-01
1.103677250664471948e-01
1.103622727266056341e-01
1.105596242677623908e-01
1.105966948618326839e-01
1.103622727266056341e-01
1.105048554748842837e-01
1.103622727266056341e-01
1.103622727266056341e-01
1.109299956189722242e-01
1.108385987558777180e-01
1.109381460419149590e-01
1.103622727266056341e-01
1.103622727266056341e-01
1.103622727266056341e-01
1.103622722551738516e-01
1.103622740867998414e-01
1.103622727266056341e-01
1.109299953562079555e-01
1.103622727266056341e-01
1.103622727266056341e-01
1.109320143478858822e-01
1.103622727266056341e-01
1.109272853445442686e-01
1.103622730261667323e-01
1.109304841988495993e-01
1.109079191944160325e-01
1.103622731800326523e-01
