2.096873380675442211e-01
2.096873380675442211e-01
2.098015603935053097e-01
2.101495380620207187e-01
2.101679536421681704e-01
2.101696640226210500e-01
2.096873380677180820e-01
2.096873380675442211e-01
2.096873380675442211e-01
2.098103798116080221e-01
2.096873380675442211e-01
2.096873380675442211e-01
2.096873380675442211e-01
2.101685627562021597e-01
2.096873380675442211e-01
2.096873380675441934e-01
2.096873380675442211e-01
2.097420109381300246e-01
2.096873380675442211e-01
2.096873380675442211e-01
2.096873380677071741e-01
2.096873380675442211e-01
2.096873380675442211e-01
2.096873380675442211e-01
2.096873380675442211e-01
2.096873380675441934e-01
2.096873380675442211e-01
2.096873380675442211e-01
2.096873380675442211e-01
2.096873380675442211e-01
2.096873380675442211e-01
2.096873380675442211e-01
2.098863917179974725e-01
2.096873380675442211e-01
2.096873380675442211e-01
2.096873380675442211e-01
2.098215325456233848e-01
2.096873380675442211e-01
2.096873380675442211e-01
