2.096873380675442211e-01
2.096873380675442211e-01
2.098035433965743102e-01
2.096873380675442211e-01
2.096873380675442211e-01
2.096873380675442211e-01
2.101675615633577243e-01
2.100814267149213876e-01
2.096873380675442211e-01
2.098863917179974725e-01
2.100886378494665474e-01
2.096873380675442211e-01
2.098258791567208237e-01
2.096873380675442211e-01
2.096873380675442211e-01
2.096873380675442211e-01
2.096873380675441934e-01
2.096873380675442211e-01
2.096873380675442211e-01
2.096873380675442211e-01
2.098619041740396596e-01
2.096873380675442211e-01
2.096873380675442211e-01
2.096873380675442211e-01
2.096873380675442211e-01
2.098863916399078544e-01
2.101697426161098781e-01
2.098863917179974725e-01
2.096873380675442211e-01
2.096873380675442211e-01
2.096873380675442211e-01
2.096873380675442211e-01
2.098863917195557260e-01
2.096873380675442211e-01
2.096873380675442211e-01
2.096873380675442211e-01
2.101663888293732463e-01
2.096997023073638444e-01
2.101609254760036516e-01
2.101675829375194149e-01
