1.173929587817342246e-01
1.173929587817342246e-01
1.178968852747138280e-01
1.175231917159668543e-01
1.173929587817342246e-01
1.176195240525781255e-01
1.173929587817342246e-01
1.179406351658926072e-01
1.173929587817342246e-01
1.179413381152208951e-01
1.179078093658636889e-01
1.179095920075340642e-01
1.173929587826275794e-01
1.173929587879349867e-01
1.173929587817342246e-01
1.173929790599724798e-01
1.173929587817342246e-01
1.173929752291053841e-01
1.176510793156511220e-01
1.173929587817342246e-01
1.173929587817342246e-01
1.173929587817342246e-01
1.173929587817342246e-01
1.175763838038832859e-01
1.173929587817344466e-01
1.173929587817521131e-01
1.175656600754998171e-01
1.173929587817342246e-01
1.179432779684380372e-01
1.173929587817342246e-01
1.173929587817342246e-01
1.173929587817342801e-01
1.173929587817342246e-01
1.175719542229264059e-01
1.173929587817342246e-01
1.173929587817342801e-01
1.173929587817342246e-01
1.173929587817342246e-01
1.173929587817342246e-01
1.176246601723632268e-01
1.176743831663075446e-01
1.179932009486499012e-01
1.174528222041060915e-01
1.174528222040829989e-01
1.174528222040829989e-01
1.179942169987424905e-01
1.174528222040829989e-01
1.174528222040829989e-01
1.174528222099780611e-01
1.174528222040829989e-01
1.179471867429770782e-01
1.174528222040829989e-01
1.174528222040829989e-01
1.174528222040829989e-01
1.174528222040829989e-01
1.174528222040829989e-01
1.174528222040829989e-01
1.179912797696086452e-01
1.174528222741606509e-01
1.174528222040829989e-01
1.174528222040829989e-01
1.174528222040829989e-01
1.174528222040829989e-01
1.179912733469182656e-01
1.174528274942721884e-01
1.174528222040829989e-01
1.174528222040829989e-01
1.179704517491716315e-01
1.174528222040829989e-01
1.176264217165528259e-01
1.176278295364230619e-01
1.174528222040829989e-01
1.174528222040829989e-01
1.178460162777601183e-01
1.179907783292957757e-01
1.175806864798754625e-01
1.179704458553159085e-01
1.174528222040829989e-01
1.173016356015019884e-01
1.178699843229099042e-01
1.173016356015019884e-01
1.173016356015019884e-01
1.173016356015020717e-01
1.173016356015019884e-01
1.173016356015019884e-01
1.178735972373586294e-01
1.173016356015019884e-01
1.177918287276406989e-01
1.173016357818389283e-01
1.175444772814179389e-01
1.174714398605979648e-01
1.173016356015019884e-01
1.178929660920201572e-01
1.173016356015019884e-01
1.173016356015019884e-01
1.178550622232406170e-01
1.173016356015123968e-01
1.178711312822666862e-01
1.173016356015019884e-01
1.173016356015019884e-01
1.173016356015019884e-01
1.173016356064215948e-01
1.173019102724114221e-01
1.174738438267358548e-01
1.175450443301118558e-01
1.173085170010379763e-01
1.173016356015019884e-01
1.177268707512096196e-01
1.173016356015019884e-01
1.178907341042588208e-01
1.173016356015019884e-01
1.173016356015019884e-01
1.173016356015019884e-01
1.173016356015019884e-01
1.173016356015284811e-01
1.175818586350493439e-01
1.173016356015019884e-01
1.105781090549308732e-01
1.111458692682568278e-01
1.105781090549308732e-01
1.105781090549308732e-01
1.105781090549308732e-01
1.105781090549308732e-01
1.110088937571635237e-01
1.105781090549308732e-01
1.105781090549308732e-01
1.105781090549308732e-01
1.111479688356972750e-01
1.111479660280349502e-01
1.111452958969433719e-01
1.105781090549308732e-01
1.111458531528248111e-01
1.111043656884487113e-01
1.108125402380478186e-01
1.105781090549308732e-01
1.105781090549308732e-01
1.105781090551210266e-01
1.105781090549308732e-01
1.105781090549354945e-01
1.105781090549308732e-01
1.105781090549308732e-01
1.105781090549308732e-01
1.105781091315735792e-01
1.105781090549695644e-01
1.111478347075338241e-01
1.105781090549308732e-01
1.107126799474174861e-01
1.111478971970081830e-01
1.105781090549308732e-01
1.107149077339559667e-01
1.105781090549308732e-01
1.111238571161625444e-01
1.105781090549308732e-01
1.105781090575815861e-01
1.105781090549308732e-01
1.105781090549308732e-01
1.105781090549308732e-01
1.173458948196865470e-01
1.173458948196865470e-01
1.175053241754797223e-01
1.175578537409812246e-01
1.173458948196865470e-01
1.179009029549635823e-01
1.173458948196865470e-01
1.173458948196865470e-01
1.173458948196865470e-01
1.173458948196865470e-01
1.173458948196865470e-01
1.173458948196865470e-01
1.178676116482909875e-01
1.179010838606106421e-01
1.173458948196865470e-01
1.173458948196865470e-01
1.173458948196865470e-01
1.173458948196865470e-01
1.179030636629841700e-01
1.179030623319813065e-01
1.173458948196865470e-01
1.173458948196865470e-01
1.179026198382583102e-01
1.175054904148358226e-01
1.173458948196865470e-01
1.178727561209712144e-01
1.173458948196865470e-01
1.173458948196865470e-01
1.173458948196865470e-01
1.173458948196865470e-01
1.173458948196865470e-01
1.173458948196865470e-01
1.173458948196865470e-01
1.173458948196865470e-01
1.173458948196865470e-01
1.177866091963256090e-01
1.173458948196865470e-01
1.173458948196865470e-01
1.174783024246280616e-01
1.177776444963185704e-01
1.172120665660126293e-01
1.172120665660126293e-01
1.177776486612523155e-01
1.172120665660126293e-01
1.172120665660126293e-01
1.172120665660126293e-01
1.172120665660126293e-01
1.172120665821810570e-01
1.177625314222661562e-01
1.172120665719210697e-01
1.177756348660669722e-01
1.172120665660913857e-01
1.176564044209530702e-01
1.173821546547827860e-01
1.172120665660126293e-01
1.172120665660126293e-01
1.172120665660126293e-01
1.177749493160917815e-01
1.172120665660126293e-01
1.174281326032519529e-01
1.176957185530005112e-01
1.172120665660126293e-01
1.177756348517813856e-01
1.172120665660131844e-01
1.174448861465990784e-01
1.172120665660126293e-01
1.172120665660126293e-01
1.172120665660126293e-01
1.172120665660126293e-01
1.172120665660126293e-01
1.172120665660126293e-01
1.172120665665187383e-01
1.172120665660126293e-01
1.176063660106378833e-01
1.174448861465990784e-01
1.174448838236864384e-01
1.172120665660126293e-01
1.172120665660126293e-01
1.105527085024885225e-01
1.105527085024885225e-01
1.105527085024885225e-01
1.111199923902483205e-01
1.105527085024885225e-01
1.105527085024885225e-01
1.105527085024885225e-01
1.111169204017442985e-01
1.105527085335466925e-01
1.105527085024885225e-01
1.105527085024885225e-01
1.105527085024885225e-01
1.110222976172768050e-01
1.105527086131745801e-01
1.105527085024885225e-01
1.105527085024885225e-01
1.105527779819489853e-01
1.105527085024885225e-01
1.105527085024885225e-01
1.105527085024885225e-01
1.105527085024885225e-01
1.111176791862328178e-01
1.110203047846478053e-01
1.105527085025489603e-01
1.105527085024885225e-01
1.105527085024885225e-01
1.105527085024885225e-01
1.111174570857655086e-01
1.110992194030778479e-01
1.105527085024885225e-01
1.105527085024885225e-01
1.105527085024885225e-01
1.111157560846632864e-01
1.110132647099655034e-01
1.105527085024885225e-01
1.111079515152875868e-01
1.107852427563277703e-01
1.105527085024885225e-01
1.105527085024885225e-01
1.105527085024885225e-01
1.104063500729219049e-01
1.108612354620000656e-01
1.103622727266056341e-01
1.109320249345996101e-01
1.103622727266056341e-01
1.103622727313788437e-01
1.103622727266056341e-01
1.104497687167364517e-01
1.103622727266056341e-01
1.103622727266056341e-01
1.105966939884498040e-01
1.103622727266056341e-01
1.103677250664471948e-01
1.103622727266056341e-01
1.105596242677623908e-01
1.105966948618326839e-01
1.103622727266056341e-01
1.105048554748842837e-01
1.103622727266056341e-01
1.103622727266056341e-01
1.109299956189722242e-01
1.108385987558777180e-01
1.109381460419149590e-01
1.103622727266056341e-01
1.103622727266056341e-01
1.103622727266056341e-01
1.103622722551738516e-01
1.103622740867998414e-01
1.103622727266056341e-01
1.109299953562079555e-01
1.103622727266056341e-01
1.103622727266056341e-01
1.109320143478858822e-01
1.103622727266056341e-01
1.109272853445442686e-01
1.103622730261667323e-01
1.109304841988495993e-01
1.109079191944160325e-01
1.103622731800326523e-01
2.096873380675442211e-01
2.096873380675442211e-01
2.098015603935053097e-01
2.101495380620207187e-01
2.101679536421681704e-01
2.101696640226210500e-01
2.096873380677180820e-01
2.096873380675442211e-01
2.096873380675442211e-01
2.098103798116080221e-01
2.096873380675442211e-01
2.096873380675442211e-01
2.096873380675442211e-01
2.101685627562021597e-01
2.096873380675442211e-01
2.096873380675441934e-01
2.096873380675442211e-01
2.097420109381300246e-01
2.096873380675442211e-01
2.096873380675442211e-01
2.096873380677071741e-01
2.096873380675442211e-01
2.096873380675442211e-01
2.096873380675442211e-01
2.096873380675442211e-01
2.096873380675441934e-01
2.096873380675442211e-01
2.096873380675442211e-01
2.096873380675442211e-01
2.096873380675442211e-01
2.096873380675442211e-01
2.096873380675442211e-01
2.098863917179974725e-01
2.096873380675442211e-01
2.096873380675442211e-01
2.096873380675442211e-01
2.098215325456233848e-01
2.096873380675442211e-01
2.096873380675442211e-01
2.096873380675442211e-01
2.096873380675442211e-01
2.098035433965743102e-01
2.096873380675442211e-01
2.096873380675442211e-01
2.096873380675442211e-01
2.101675615633577243e-01
2.100814267149213876e-01
2.096873380675442211e-01
2.098863917179974725e-01
2.100886378494665474e-01
2.096873380675442211e-01
2.098258791567208237e-01
2.096873380675442211e-01
2.096873380675442211e-01
2.096873380675442211e-01
2.096873380675441934e-01
2.096873380675442211e-01
2.096873380675442211e-01
2.096873380675442211e-01
2.098619041740396596e-01
2.096873380675442211e-01
2.096873380675442211e-01
2.096873380675442211e-01
2.096873380675442211e-01
2.098863916399078544e-01
2.101697426161098781e-01
2.098863917179974725e-01
2.096873380675442211e-01
2.096873380675442211e-01
2.096873380675442211e-01
2.096873380675442211e-01
2.098863917195557260e-01
2.096873380675442211e-01
2.096873380675442211e-01
2.096873380675442211e-01
2.101663888293732463e-01
2.096997023073638444e-01
2.101609254760036516e-01
2.101675829375194149e-01
