5.929448745491667783e-01
5.427148357037422377e-01
5.308539840884682892e-01
8.824425963422435348e-01
5.051333128575218323e-01
5.098140170189219278e-01
5.637631490544976476e-01
5.344859519433493578e-01
5.123404956375680053e-01
5.100593654525354959e-01
8.710787870009477629e-01
5.203214515480346636e-01
8.548961396822122305e-01
7.408100992744353075e-01
7.421176465455139315e-01
6.575722189284257668e-01
6.015255893475955906e-01
5.063318408169210638e-01
8.195522426825903040e-01
8.507992702977291710e-01
5.237220612315373058e-01
5.130099435187335244e-01
5.413789084392107709e-01
5.216011404777248783e-01
5.260284668259022078e-01
5.156360066015537313e-01
6.448522503079860968e-01
5.677174397602741118e-01
5.087831555975498299e-01
9.056600548638916726e-01
5.201339075964084291e-01
6.486124573896762113e-01
5.064161801923426909e-01
5.661081255815675339e-01
6.192966275083250371e-01
5.868078976107473643e-01
5.196390453505539408e-01
5.817969264638936933e-01
8.620125558876141625e-01
8.457486225769230703e-01
6.676461109055422671e-01
5.198948050619973671e-01
8.765611944619435825e-01
7.613866072369406268e-01
5.278117014305234722e-01
5.171764345256439910e-01
6.079832895699321949e-01
8.845924854505466950e-01
7.799439526147748936e-01
5.410622780491101125e-01
5.420308961240165591e-01
5.072066129096450826e-01
8.019290082000640751e-01
6.507670016297256721e-01
5.099232160036152317e-01
5.053449125128619546e-01
5.067481942697329433e-01
5.105719646406016166e-01
5.101671221079464580e-01
5.666800289811818603e-01
5.205948524546902823e-01
8.935780472691112752e-01
5.225306028781945278e-01
5.562549343623776066e-01
