6.158942146863793932e-01
8.636494790887353501e-01
5.019760271414833719e-01
5.455325859033977043e-01
5.023704650451117359e-01
4.902757476114596447e-01
5.893159485007610776e-01
8.080047053974637183e-01
5.204172637871138374e-01
5.107940364575623837e-01
5.044657471609921284e-01
8.092527739312092017e-01
5.340511234597132839e-01
5.004011124291362078e-01
5.084518596110375599e-01
4.844068273897159660e-01
5.151805159601894335e-01
4.923945648518024965e-01
5.900699423610219485e-01
5.483330060175006793e-01
4.954869538474820923e-01
5.098938525796853360e-01
4.995473506237979588e-01
9.049696391096614390e-01
5.043086332411788053e-01
4.954869550779861798e-01
7.398854332815365531e-01
5.662983030491495207e-01
5.217100506516648695e-01
6.414013477410062114e-01
7.657519853401940635e-01
4.951534217198756416e-01
8.689474358300153245e-01
9.223251111799017909e-01
4.789217279416216333e-01
4.907977572774770980e-01
5.692590009523241790e-01
8.323547711362750956e-01
5.202612085178481838e-01
5.182718855181041029e-01
5.881714067218744013e-01
9.055074443941443230e-01
5.189328841315076213e-01
6.116714686337533236e-01
5.035841885782423866e-01
8.975734396784595948e-01
7.179073135496002456e-01
4.940110224823579532e-01
4.838354626120793256e-01
8.798351041679078888e-01
8.416278422757601518e-01
5.023337074128707558e-01
8.676395021435275856e-01
5.042090040439619614e-01
4.945028172656584786e-01
9.107251561871612111e-01
5.051416418103743533e-01
5.577195223518079947e-01
5.002696193959166315e-01
4.957510735083286435e-01
5.373020163894216550e-01
5.150518934426133733e-01
4.918524852618123555e-01
4.795017915450774382e-01
