4.770643073057578287e-01
4.911817750601577548e-01
5.772916179709224327e-01
8.017490330237266871e-01
5.714742997532733515e-01
4.824483328088143286e-01
5.368546508895505331e-01
4.837158149595492396e-01
4.810562418753193126e-01
4.806403152952756219e-01
6.747040458469820701e-01
6.775103533805588718e-01
4.813068519639728815e-01
4.766562197550184843e-01
4.783571273843693072e-01
5.906816896496703828e-01
6.841216901388839089e-01
4.874429194486963324e-01
5.046655510537465528e-01
9.223121507508050820e-01
4.671429437516301797e-01
5.257029814296075854e-01
4.830094625291930788e-01
4.949214104584980234e-01
4.722489376827502805e-01
4.742492518166369631e-01
4.934100772885812725e-01
7.673876186052412951e-01
5.229858881637118317e-01
5.928176182311283293e-01
9.173752276071226452e-01
5.318076107508349359e-01
5.409980511239829148e-01
4.912543294291923379e-01
8.755261443277220224e-01
8.702993892249747399e-01
6.830311019331748446e-01
7.876059097827721178e-01
8.969816042310257975e-01
4.874383992812835187e-01
5.370613958613332795e-01
4.822593112424019002e-01
6.953063668765463445e-01
4.734265802824147440e-01
5.350184480129295261e-01
4.938170784411257674e-01
5.038386438509616649e-01
4.967693144154028961e-01
4.835436929161529562e-01
7.274940345697655797e-01
6.257167907928892214e-01
5.331271626852268630e-01
4.809435416442307543e-01
4.938204302520449174e-01
9.099596813810114648e-01
5.732502374509039766e-01
9.202378211674283603e-01
4.883696932273911551e-01
6.559341280353162551e-01
7.084010436473777705e-01
9.061776444489447746e-01
4.677279794657401846e-01
4.821367912204456152e-01
8.096195082352547479e-01
