9.296445032801766706e-01
5.315314379000001255e-01
5.458416048475054350e-01
8.844704101657557826e-01
5.614718034539882829e-01
5.202212251068213389e-01
5.383041606728371509e-01
8.331125997289772211e-01
5.153766644785164885e-01
5.161594709756301969e-01
5.527670569090510355e-01
6.216854074672448771e-01
5.374635533507537977e-01
5.265663985650793633e-01
7.158996697188653169e-01
5.130963169988174144e-01
9.234633609002926846e-01
9.424985560751543145e-01
8.215816652753570315e-01
5.596783083702553396e-01
5.205191461741682790e-01
7.789091819507346637e-01
8.981883480072887505e-01
6.613500753078198624e-01
9.389589796744858274e-01
5.752234285883943699e-01
5.208875810921073102e-01
9.131824535913550811e-01
5.769126196209728441e-01
7.590014016880217707e-01
5.392800716569911001e-01
5.643287367492272333e-01
5.294130562584106192e-01
5.017351697700199731e-01
6.296146823003745396e-01
9.207245223525455380e-01
5.236979530493608426e-01
9.302728306189901319e-01
5.089753207876662744e-01
5.131099683292719149e-01
5.553078882179066644e-01
9.339089237905640051e-01
9.098361129978104200e-01
5.713256620279142384e-01
6.089678151282538199e-01
9.353110880546404715e-01
6.368439513730957957e-01
6.497898788347770127e-01
5.234433146418702165e-01
5.819712610292243626e-01
5.307671551869199700e-01
5.377404660159463834e-01
6.150624631704669776e-01
5.210007877558653355e-01
8.764148796156657761e-01
8.836345641552251218e-01
8.061849633638875634e-01
5.371979791576352303e-01
5.360919177521552559e-01
5.810254131039597203e-01
5.542214353017821393e-01
5.419777953967326312e-01
9.228334720357688203e-01
9.136613350101758790e-01
