4.829480793331572541e-01
4.457194889717388531e-01
4.826102520095171267e-01
6.417730675817738817e-01
5.345600631634843669e-01
4.884762803500157236e-01
9.236642961087622172e-01
4.829110229127800413e-01
4.515664876355602875e-01
8.983752617057748635e-01
4.637187187356018869e-01
9.282936859727134449e-01
4.688605947054929612e-01
4.682460755621659088e-01
8.811792478804731932e-01
4.530479691914914286e-01
9.190196591044791363e-01
9.048666962191123098e-01
4.547125416601689452e-01
4.793831763321139139e-01
8.841578140804586816e-01
4.600036760315354134e-01
4.579750285532602772e-01
8.796956765321094496e-01
4.569964235548674147e-01
4.970136197574148706e-01
4.565102136448692671e-01
4.792815192826921367e-01
4.533957272637428315e-01
4.626281211740152499e-01
7.350027352383466939e-01
9.237611284648546972e-01
4.699775961309853867e-01
7.914420065844922636e-01
6.229539376530761619e-01
8.930848650691088908e-01
4.795425845992474234e-01
6.175406922560828793e-01
4.639095202109841387e-01
6.435045647995250029e-01
9.052209448839271255e-01
7.582009105481961608e-01
8.711166816005071478e-01
4.597038320756541840e-01
5.335674834359843688e-01
6.854721076135041891e-01
8.763316915013145136e-01
7.664079794470073370e-01
4.526371805783030999e-01
5.948033517140292048e-01
5.850282942263035357e-01
4.614952205041451538e-01
5.030272296491804518e-01
5.252385498608124204e-01
9.298351849166092142e-01
6.771236922423244931e-01
8.889107609465916049e-01
4.617129379040892379e-01
8.090709107033460246e-01
4.522746510081763205e-01
8.245001604081561020e-01
8.607594822091246822e-01
6.491139137498133094e-01
5.023025763226978135e-01
