8.246323642562835010e-01
5.116258760221732427e-01
5.470946728842419615e-01
5.176810857280784717e-01
5.130120583370954002e-01
7.779294205750694191e-01
9.031670193073620956e-01
8.912557226727746418e-01
6.594284039069295833e-01
5.064762307239462080e-01
5.278577151106274012e-01
4.873314077555182533e-01
4.957309135223939012e-01
6.540709489278089261e-01
4.917863536547494863e-01
5.018342356372028634e-01
6.791705024017952175e-01
5.386960617319388467e-01
4.905592540572455418e-01
4.897515156767887068e-01
5.103519843999814176e-01
6.726182349014291351e-01
6.735274412740006600e-01
5.018895986211028282e-01
8.213883287059680072e-01
8.821558728611084144e-01
5.285744926559708956e-01
5.065881079533496312e-01
5.970503933536294161e-01
5.533766796990015058e-01
5.055008565049786684e-01
9.043409731889358039e-01
7.322580343059041930e-01
5.354326071538163534e-01
7.825376081340615908e-01
6.216959858028430208e-01
8.340441606419397580e-01
8.794496511336814537e-01
9.105013394844797547e-01
5.140167049025243795e-01
5.010727413688408349e-01
9.166542595916182812e-01
7.160003415284791339e-01
5.032731664650531567e-01
7.331627232463842070e-01
5.801425012635107459e-01
8.934646506558456824e-01
5.371030944392174433e-01
5.222785813840044034e-01
8.953693079460178783e-01
7.962149689373695383e-01
6.483164402181552655e-01
4.961628633595587812e-01
5.462618873877990167e-01
5.067368524474779035e-01
8.848745219711434684e-01
5.172437895897545879e-01
8.536943580674307697e-01
5.273286257718283743e-01
4.893908967723298309e-01
7.814448640606150853e-01
6.753638919832690712e-01
9.134345393213040287e-01
4.967306969969537134e-01
