8.429707116289396618e-01
7.538837812150781525e-01
6.498967820307627319e-01
7.940112333226989616e-01
8.097921561467281704e-01
8.108235738811080395e-01
6.024514210422894367e-01
6.597544926069954796e-01
5.150109373370754806e-01
8.625617633493611880e-01
6.752885999108788617e-01
8.126100473498008014e-01
8.466687279280674661e-01
8.445793746347242115e-01
5.165545339312727080e-01
5.209683585501493353e-01
6.115566517404003033e-01
5.247930128721676191e-01
7.244215775568872973e-01
5.264222782697142167e-01
7.460011705267561855e-01
5.335742729798504946e-01
5.228668312189577172e-01
5.200486880854567895e-01
8.797772760021165261e-01
5.253867533597372796e-01
5.215401533635869447e-01
8.734487411093170284e-01
5.396570548404423517e-01
5.247251889184854079e-01
7.347728030931049981e-01
7.647638876661156937e-01
5.621815518236064069e-01
8.985451264124373338e-01
5.209653821911204297e-01
5.306848711134652952e-01
5.172772899787633216e-01
8.923932750641573319e-01
5.290681810664009666e-01
5.235383651892704382e-01
5.328217660290262003e-01
8.401332602067780320e-01
7.869653231013700179e-01
8.096463091083686558e-01
7.446289097594234185e-01
9.161111629095582964e-01
5.396573250265579436e-01
5.159871400119379059e-01
8.503413305329050598e-01
7.745233163649473118e-01
8.292075113964668676e-01
5.343792447051405325e-01
8.621726534621956262e-01
5.536705234749239590e-01
5.088329233319337508e-01
9.106893590575911857e-01
7.736382755268518263e-01
5.460543200104625017e-01
5.166303657683646300e-01
5.213977743599990111e-01
8.634296082722405785e-01
5.451341091017823937e-01
5.202418151415666436e-01
7.801078834257269001e-01
