5.230463464724645073e-01
5.425062070677598713e-01
6.690122496207391301e-01
8.074039348132466820e-01
5.523466181489739002e-01
8.241070722861718600e-01
7.886723027089806992e-01
5.690394887009806446e-01
5.361472211359690210e-01
5.460277644993105639e-01
8.991645962989892604e-01
8.563870968053904909e-01
5.555406233894475410e-01
5.461908314475996118e-01
5.811392281610691102e-01
5.505811878838547946e-01
7.529603914114669783e-01
8.151529893452531539e-01
8.576344428974669309e-01
5.551622799280900855e-01
5.766014189294318415e-01
5.243496174322181957e-01
5.378708589866412204e-01
5.528318853312498282e-01
5.774964705080440908e-01
8.926110040691447312e-01
5.539072636880499889e-01
5.553815170969516046e-01
8.542128926124560317e-01
8.834431281142421932e-01
5.591170421725426554e-01
5.430928241257872990e-01
5.351684052852258011e-01
8.023983894156333507e-01
5.803490402819860838e-01
5.881501867084177881e-01
8.975064855220590276e-01
5.659544659291559920e-01
5.616706214909760186e-01
5.531607602973800386e-01
7.992046809930007933e-01
8.059037692165891276e-01
5.828619394296303824e-01
5.452067278280775531e-01
8.878923519258751229e-01
8.083126429245921507e-01
5.271596697972102952e-01
6.243307214502559210e-01
5.591037638779285945e-01
6.477988008060965308e-01
6.806910265457998266e-01
7.282817126316167844e-01
5.427111024863288113e-01
5.643203989033602763e-01
5.298837588181183333e-01
5.929699400193313430e-01
8.836952582448640570e-01
8.909853353505592377e-01
5.326282610788021232e-01
9.011314242166407196e-01
5.239750256949683438e-01
5.312882794183698687e-01
8.791026670927299946e-01
5.531869388374013319e-01
