9.175171827879874398e-01
9.784706775894348452e-01
9.898671335904707380e-01
9.835186837727716291e-01
9.867716988241249654e-01
9.283286004012215598e-01
9.228585546598249145e-01
9.846015562960945822e-01
9.564857315383479275e-01
9.885406865639593255e-01
8.911661385330256202e-01
9.252403822922331544e-01
8.897362391475021060e-01
8.854816730935204383e-01
8.950948935957254715e-01
8.836991855249856087e-01
9.767808729382307931e-01
9.611022827854771577e-01
8.987338621769138669e-01
9.890011494636441469e-01
8.899224108376421194e-01
9.035551184807890657e-01
9.554676741950595131e-01
8.852193271201591607e-01
8.943987693018078389e-01
8.895474805472923796e-01
8.990218247033117116e-01
9.419895195621046380e-01
8.709675534723685386e-01
9.210579472905869869e-01
9.023011815644222944e-01
9.638209146516852899e-01
8.848146762148011435e-01
9.085689682218746066e-01
9.203629884157440433e-01
9.731567026466267922e-01
9.096639069340508588e-01
9.503620383523402326e-01
8.736589350536011489e-01
9.841018526950321421e-01
8.742058514415160797e-01
8.898966652713680148e-01
9.618098596789690369e-01
9.827871400069743135e-01
9.199290246066107457e-01
8.982823394096179914e-01
9.631163720271005424e-01
9.890029675429904410e-01
9.030995270437667255e-01
9.071122117343943803e-01
8.957909912456026857e-01
8.889489641435991407e-01
8.879545240313818644e-01
8.821550624785653438e-01
9.165864992380103882e-01
8.952917498394153961e-01
8.876495105180711720e-01
8.951435926707438373e-01
8.943323030118249806e-01
8.862260412075757543e-01
9.765266021998131318e-01
8.924378244346240496e-01
8.965961539717773876e-01
9.157502669864069356e-01
