9.633481430035030213e-01
8.081978728463296013e-01
7.732011228729827046e-01
9.752934052173655166e-01
8.371334142111287457e-01
7.539291808827600638e-01
8.019624293470043463e-01
9.722381736081289194e-01
7.758984499767253018e-01
8.392962329467187343e-01
8.023141972995321280e-01
8.499070141430787872e-01
8.034754031987499934e-01
7.725456068970578682e-01
7.981927315423111846e-01
7.775628781546357615e-01
7.865950964756475150e-01
8.915759526766848797e-01
8.123894604792030183e-01
9.144780841666736437e-01
7.836085633070498657e-01
7.568890776052487057e-01
7.848937630309348323e-01
9.348399075134804503e-01
7.606321956152876096e-01
7.611422675976539098e-01
7.803384122680429025e-01
9.460023354339437418e-01
8.265690703197804412e-01
7.778162293863138954e-01
7.417029128356485979e-01
9.062956439489910920e-01
9.735974935104869665e-01
7.844971858305012091e-01
7.844701991932389040e-01
7.984110943942108740e-01
8.964483038742395715e-01
9.571954291825065519e-01
7.574290055421913914e-01
7.782680726381838721e-01
9.726041251588913861e-01
7.680711141174669798e-01
7.927267088778241488e-01
7.802969148208983574e-01
9.334096432227300122e-01
7.825344520140015137e-01
7.660334847975276418e-01
7.606494641377542498e-01
7.672894991235262863e-01
9.640087973529426479e-01
7.769147422545760184e-01
7.696913139439047757e-01
8.856276350389574725e-01
9.349075524469954157e-01
7.790684799041500685e-01
7.688969626721762207e-01
7.624638811208546141e-01
9.664323858865738748e-01
8.984273173964475445e-01
8.076146139689904802e-01
7.796200855566002286e-01
7.446647342160293004e-01
7.631681977344593193e-01
7.916121899604986467e-01
9.745870581902896790e-01
