5.929448745491667783e-01
5.427148357037422377e-01
5.308539840884682892e-01
8.824425963422435348e-01
5.051333128575218323e-01
5.098140170189219278e-01
5.637631490544976476e-01
5.344859519433493578e-01
5.123404956375680053e-01
5.100593654525354959e-01
8.710787870009477629e-01
5.203214515480346636e-01
8.548961396822122305e-01
7.408100992744353075e-01
7.421176465455139315e-01
6.575722189284257668e-01
6.015255893475955906e-01
5.063318408169210638e-01
8.195522426825903040e-01
8.507992702977291710e-01
5.237220612315373058e-01
5.130099435187335244e-01
5.413789084392107709e-01
5.216011404777248783e-01
5.260284668259022078e-01
5.156360066015537313e-01
6.448522503079860968e-01
5.677174397602741118e-01
5.087831555975498299e-01
9.056600548638916726e-01
5.201339075964084291e-01
6.486124573896762113e-01
5.064161801923426909e-01
5.661081255815675339e-01
6.192966275083250371e-01
5.868078976107473643e-01
5.196390453505539408e-01
5.817969264638936933e-01
8.620125558876141625e-01
8.457486225769230703e-01
6.676461109055422671e-01
5.198948050619973671e-01
8.765611944619435825e-01
7.613866072369406268e-01
5.278117014305234722e-01
5.171764345256439910e-01
6.079832895699321949e-01
8.845924854505466950e-01
7.799439526147748936e-01
5.410622780491101125e-01
5.420308961240165591e-01
5.072066129096450826e-01
8.019290082000640751e-01
6.507670016297256721e-01
5.099232160036152317e-01
5.053449125128619546e-01
5.067481942697329433e-01
5.105719646406016166e-01
5.101671221079464580e-01
5.666800289811818603e-01
5.205948524546902823e-01
8.935780472691112752e-01
5.225306028781945278e-01
5.562549343623776066e-01
6.158942146863793932e-01
8.636494790887353501e-01
5.019760271414833719e-01
5.455325859033977043e-01
5.023704650451117359e-01
4.902757476114596447e-01
5.893159485007610776e-01
8.080047053974637183e-01
5.204172637871138374e-01
5.107940364575623837e-01
5.044657471609921284e-01
8.092527739312092017e-01
5.340511234597132839e-01
5.004011124291362078e-01
5.084518596110375599e-01
4.844068273897159660e-01
5.151805159601894335e-01
4.923945648518024965e-01
5.900699423610219485e-01
5.483330060175006793e-01
4.954869538474820923e-01
5.098938525796853360e-01
4.995473506237979588e-01
9.049696391096614390e-01
5.043086332411788053e-01
4.954869550779861798e-01
7.398854332815365531e-01
5.662983030491495207e-01
5.217100506516648695e-01
6.414013477410062114e-01
7.657519853401940635e-01
4.951534217198756416e-01
8.689474358300153245e-01
9.223251111799017909e-01
4.789217279416216333e-01
4.907977572774770980e-01
5.692590009523241790e-01
8.323547711362750956e-01
5.202612085178481838e-01
5.182718855181041029e-01
5.881714067218744013e-01
9.055074443941443230e-01
5.189328841315076213e-01
6.116714686337533236e-01
5.035841885782423866e-01
8.975734396784595948e-01
7.179073135496002456e-01
4.940110224823579532e-01
4.838354626120793256e-01
8.798351041679078888e-01
8.416278422757601518e-01
5.023337074128707558e-01
8.676395021435275856e-01
5.042090040439619614e-01
4.945028172656584786e-01
9.107251561871612111e-01
5.051416418103743533e-01
5.577195223518079947e-01
5.002696193959166315e-01
4.957510735083286435e-01
5.373020163894216550e-01
5.150518934426133733e-01
4.918524852618123555e-01
4.795017915450774382e-01
4.770643073057578287e-01
4.911817750601577548e-01
5.772916179709224327e-01
8.017490330237266871e-01
5.714742997532733515e-01
4.824483328088143286e-01
5.368546508895505331e-01
4.837158149595492396e-01
4.810562418753193126e-01
4.806403152952756219e-01
6.747040458469820701e-01
6.775103533805588718e-01
4.813068519639728815e-01
4.766562197550184843e-01
4.783571273843693072e-01
5.906816896496703828e-01
6.841216901388839089e-01
4.874429194486963324e-01
5.046655510537465528e-01
9.223121507508050820e-01
4.671429437516301797e-01
5.257029814296075854e-01
4.830094625291930788e-01
4.949214104584980234e-01
4.722489376827502805e-01
4.742492518166369631e-01
4.934100772885812725e-01
7.673876186052412951e-01
5.229858881637118317e-01
5.928176182311283293e-01
9.173752276071226452e-01
5.318076107508349359e-01
5.409980511239829148e-01
4.912543294291923379e-01
8.755261443277220224e-01
8.702993892249747399e-01
6.830311019331748446e-01
7.876059097827721178e-01
8.969816042310257975e-01
4.874383992812835187e-01
5.370613958613332795e-01
4.822593112424019002e-01
6.953063668765463445e-01
4.734265802824147440e-01
5.350184480129295261e-01
4.938170784411257674e-01
5.038386438509616649e-01
4.967693144154028961e-01
4.835436929161529562e-01
7.274940345697655797e-01
6.257167907928892214e-01
5.331271626852268630e-01
4.809435416442307543e-01
4.938204302520449174e-01
9.099596813810114648e-01
5.732502374509039766e-01
9.202378211674283603e-01
4.883696932273911551e-01
6.559341280353162551e-01
7.084010436473777705e-01
9.061776444489447746e-01
4.677279794657401846e-01
4.821367912204456152e-01
8.096195082352547479e-01
9.296445032801766706e-01
5.315314379000001255e-01
5.458416048475054350e-01
8.844704101657557826e-01
5.614718034539882829e-01
5.202212251068213389e-01
5.383041606728371509e-01
8.331125997289772211e-01
5.153766644785164885e-01
5.161594709756301969e-01
5.527670569090510355e-01
6.216854074672448771e-01
5.374635533507537977e-01
5.265663985650793633e-01
7.158996697188653169e-01
5.130963169988174144e-01
9.234633609002926846e-01
9.424985560751543145e-01
8.215816652753570315e-01
5.596783083702553396e-01
5.205191461741682790e-01
7.789091819507346637e-01
8.981883480072887505e-01
6.613500753078198624e-01
9.389589796744858274e-01
5.752234285883943699e-01
5.208875810921073102e-01
9.131824535913550811e-01
5.769126196209728441e-01
7.590014016880217707e-01
5.392800716569911001e-01
5.643287367492272333e-01
5.294130562584106192e-01
5.017351697700199731e-01
6.296146823003745396e-01
9.207245223525455380e-01
5.236979530493608426e-01
9.302728306189901319e-01
5.089753207876662744e-01
5.131099683292719149e-01
5.553078882179066644e-01
9.339089237905640051e-01
9.098361129978104200e-01
5.713256620279142384e-01
6.089678151282538199e-01
9.353110880546404715e-01
6.368439513730957957e-01
6.497898788347770127e-01
5.234433146418702165e-01
5.819712610292243626e-01
5.307671551869199700e-01
5.377404660159463834e-01
6.150624631704669776e-01
5.210007877558653355e-01
8.764148796156657761e-01
8.836345641552251218e-01
8.061849633638875634e-01
5.371979791576352303e-01
5.360919177521552559e-01
5.810254131039597203e-01
5.542214353017821393e-01
5.419777953967326312e-01
9.228334720357688203e-01
9.136613350101758790e-01
4.829480793331572541e-01
4.457194889717388531e-01
4.826102520095171267e-01
6.417730675817738817e-01
5.345600631634843669e-01
4.884762803500157236e-01
9.236642961087622172e-01
4.829110229127800413e-01
4.515664876355602875e-01
8.983752617057748635e-01
4.637187187356018869e-01
9.282936859727134449e-01
4.688605947054929612e-01
4.682460755621659088e-01
8.811792478804731932e-01
4.530479691914914286e-01
9.190196591044791363e-01
9.048666962191123098e-01
4.547125416601689452e-01
4.793831763321139139e-01
8.841578140804586816e-01
4.600036760315354134e-01
4.579750285532602772e-01
8.796956765321094496e-01
4.569964235548674147e-01
4.970136197574148706e-01
4.565102136448692671e-01
4.792815192826921367e-01
4.533957272637428315e-01
4.626281211740152499e-01
7.350027352383466939e-01
9.237611284648546972e-01
4.699775961309853867e-01
7.914420065844922636e-01
6.229539376530761619e-01
8.930848650691088908e-01
4.795425845992474234e-01
6.175406922560828793e-01
4.639095202109841387e-01
6.435045647995250029e-01
9.052209448839271255e-01
7.582009105481961608e-01
8.711166816005071478e-01
4.597038320756541840e-01
5.335674834359843688e-01
6.854721076135041891e-01
8.763316915013145136e-01
7.664079794470073370e-01
4.526371805783030999e-01
5.948033517140292048e-01
5.850282942263035357e-01
4.614952205041451538e-01
5.030272296491804518e-01
5.252385498608124204e-01
9.298351849166092142e-01
6.771236922423244931e-01
8.889107609465916049e-01
4.617129379040892379e-01
8.090709107033460246e-01
4.522746510081763205e-01
8.245001604081561020e-01
8.607594822091246822e-01
6.491139137498133094e-01
5.023025763226978135e-01
8.246323642562835010e-01
5.116258760221732427e-01
5.470946728842419615e-01
5.176810857280784717e-01
5.130120583370954002e-01
7.779294205750694191e-01
9.031670193073620956e-01
8.912557226727746418e-01
6.594284039069295833e-01
5.064762307239462080e-01
5.278577151106274012e-01
4.873314077555182533e-01
4.957309135223939012e-01
6.540709489278089261e-01
4.917863536547494863e-01
5.018342356372028634e-01
6.791705024017952175e-01
5.386960617319388467e-01
4.905592540572455418e-01
4.897515156767887068e-01
5.103519843999814176e-01
6.726182349014291351e-01
6.735274412740006600e-01
5.018895986211028282e-01
8.213883287059680072e-01
8.821558728611084144e-01
5.285744926559708956e-01
5.065881079533496312e-01
5.970503933536294161e-01
5.533766796990015058e-01
5.055008565049786684e-01
9.043409731889358039e-01
7.322580343059041930e-01
5.354326071538163534e-01
7.825376081340615908e-01
6.216959858028430208e-01
8.340441606419397580e-01
8.794496511336814537e-01
9.105013394844797547e-01
5.140167049025243795e-01
5.010727413688408349e-01
9.166542595916182812e-01
7.160003415284791339e-01
5.032731664650531567e-01
7.331627232463842070e-01
5.801425012635107459e-01
8.934646506558456824e-01
5.371030944392174433e-01
5.222785813840044034e-01
8.953693079460178783e-01
7.962149689373695383e-01
6.483164402181552655e-01
4.961628633595587812e-01
5.462618873877990167e-01
5.067368524474779035e-01
8.848745219711434684e-01
5.172437895897545879e-01
8.536943580674307697e-01
5.273286257718283743e-01
4.893908967723298309e-01
7.814448640606150853e-01
6.753638919832690712e-01
9.134345393213040287e-01
4.967306969969537134e-01
8.429707116289396618e-01
7.538837812150781525e-01
6.498967820307627319e-01
7.940112333226989616e-01
8.097921561467281704e-01
8.108235738811080395e-01
6.024514210422894367e-01
6.597544926069954796e-01
5.150109373370754806e-01
8.625617633493611880e-01
6.752885999108788617e-01
8.126100473498008014e-01
8.466687279280674661e-01
8.445793746347242115e-01
5.165545339312727080e-01
5.209683585501493353e-01
6.115566517404003033e-01
5.247930128721676191e-01
7.244215775568872973e-01
5.264222782697142167e-01
7.460011705267561855e-01
5.335742729798504946e-01
5.228668312189577172e-01
5.200486880854567895e-01
8.797772760021165261e-01
5.253867533597372796e-01
5.215401533635869447e-01
8.734487411093170284e-01
5.396570548404423517e-01
5.247251889184854079e-01
7.347728030931049981e-01
7.647638876661156937e-01
5.621815518236064069e-01
8.985451264124373338e-01
5.209653821911204297e-01
5.306848711134652952e-01
5.172772899787633216e-01
8.923932750641573319e-01
5.290681810664009666e-01
5.235383651892704382e-01
5.328217660290262003e-01
8.401332602067780320e-01
7.869653231013700179e-01
8.096463091083686558e-01
7.446289097594234185e-01
9.161111629095582964e-01
5.396573250265579436e-01
5.159871400119379059e-01
8.503413305329050598e-01
7.745233163649473118e-01
8.292075113964668676e-01
5.343792447051405325e-01
8.621726534621956262e-01
5.536705234749239590e-01
5.088329233319337508e-01
9.106893590575911857e-01
7.736382755268518263e-01
5.460543200104625017e-01
5.166303657683646300e-01
5.213977743599990111e-01
8.634296082722405785e-01
5.451341091017823937e-01
5.202418151415666436e-01
7.801078834257269001e-01
5.230463464724645073e-01
5.425062070677598713e-01
6.690122496207391301e-01
8.074039348132466820e-01
5.523466181489739002e-01
8.241070722861718600e-01
7.886723027089806992e-01
5.690394887009806446e-01
5.361472211359690210e-01
5.460277644993105639e-01
8.991645962989892604e-01
8.563870968053904909e-01
5.555406233894475410e-01
5.461908314475996118e-01
5.811392281610691102e-01
5.505811878838547946e-01
7.529603914114669783e-01
8.151529893452531539e-01
8.576344428974669309e-01
5.551622799280900855e-01
5.766014189294318415e-01
5.243496174322181957e-01
5.378708589866412204e-01
5.528318853312498282e-01
5.774964705080440908e-01
8.926110040691447312e-01
5.539072636880499889e-01
5.553815170969516046e-01
8.542128926124560317e-01
8.834431281142421932e-01
5.591170421725426554e-01
5.430928241257872990e-01
5.351684052852258011e-01
8.023983894156333507e-01
5.803490402819860838e-01
5.881501867084177881e-01
8.975064855220590276e-01
5.659544659291559920e-01
5.616706214909760186e-01
5.531607602973800386e-01
7.992046809930007933e-01
8.059037692165891276e-01
5.828619394296303824e-01
5.452067278280775531e-01
8.878923519258751229e-01
8.083126429245921507e-01
5.271596697972102952e-01
6.243307214502559210e-01
5.591037638779285945e-01
6.477988008060965308e-01
6.806910265457998266e-01
7.282817126316167844e-01
5.427111024863288113e-01
5.643203989033602763e-01
5.298837588181183333e-01
5.929699400193313430e-01
8.836952582448640570e-01
8.909853353505592377e-01
5.326282610788021232e-01
9.011314242166407196e-01
5.239750256949683438e-01
5.312882794183698687e-01
8.791026670927299946e-01
5.531869388374013319e-01
9.175171827879874398e-01
9.784706775894348452e-01
9.898671335904707380e-01
9.835186837727716291e-01
9.867716988241249654e-01
9.283286004012215598e-01
9.228585546598249145e-01
9.846015562960945822e-01
9.564857315383479275e-01
9.885406865639593255e-01
8.911661385330256202e-01
9.252403822922331544e-01
8.897362391475021060e-01
8.854816730935204383e-01
8.950948935957254715e-01
8.836991855249856087e-01
9.767808729382307931e-01
9.611022827854771577e-01
8.987338621769138669e-01
9.890011494636441469e-01
8.899224108376421194e-01
9.035551184807890657e-01
9.554676741950595131e-01
8.852193271201591607e-01
8.943987693018078389e-01
8.895474805472923796e-01
8.990218247033117116e-01
9.419895195621046380e-01
8.709675534723685386e-01
9.210579472905869869e-01
9.023011815644222944e-01
9.638209146516852899e-01
8.848146762148011435e-01
9.085689682218746066e-01
9.203629884157440433e-01
9.731567026466267922e-01
9.096639069340508588e-01
9.503620383523402326e-01
8.736589350536011489e-01
9.841018526950321421e-01
8.742058514415160797e-01
8.898966652713680148e-01
9.618098596789690369e-01
9.827871400069743135e-01
9.199290246066107457e-01
8.982823394096179914e-01
9.631163720271005424e-01
9.890029675429904410e-01
9.030995270437667255e-01
9.071122117343943803e-01
8.957909912456026857e-01
8.889489641435991407e-01
8.879545240313818644e-01
8.821550624785653438e-01
9.165864992380103882e-01
8.952917498394153961e-01
8.876495105180711720e-01
8.951435926707438373e-01
8.943323030118249806e-01
8.862260412075757543e-01
9.765266021998131318e-01
8.924378244346240496e-01
8.965961539717773876e-01
9.157502669864069356e-01
9.633481430035030213e-01
8.081978728463296013e-01
7.732011228729827046e-01
9.752934052173655166e-01
8.371334142111287457e-01
7.539291808827600638e-01
8.019624293470043463e-01
9.722381736081289194e-01
7.758984499767253018e-01
8.392962329467187343e-01
8.023141972995321280e-01
8.499070141430787872e-01
8.034754031987499934e-01
7.725456068970578682e-01
7.981927315423111846e-01
7.775628781546357615e-01
7.865950964756475150e-01
8.915759526766848797e-01
8.123894604792030183e-01
9.144780841666736437e-01
7.836085633070498657e-01
7.568890776052487057e-01
7.848937630309348323e-01
9.348399075134804503e-01
7.606321956152876096e-01
7.611422675976539098e-01
7.803384122680429025e-01
9.460023354339437418e-01
8.265690703197804412e-01
7.778162293863138954e-01
7.417029128356485979e-01
9.062956439489910920e-01
9.735974935104869665e-01
7.844971858305012091e-01
7.844701991932389040e-01
7.984110943942108740e-01
8.964483038742395715e-01
9.571954291825065519e-01
7.574290055421913914e-01
7.782680726381838721e-01
9.726041251588913861e-01
7.680711141174669798e-01
7.927267088778241488e-01
7.802969148208983574e-01
9.334096432227300122e-01
7.825344520140015137e-01
7.660334847975276418e-01
7.606494641377542498e-01
7.672894991235262863e-01
9.640087973529426479e-01
7.769147422545760184e-01
7.696913139439047757e-01
8.856276350389574725e-01
9.349075524469954157e-01
7.790684799041500685e-01
7.688969626721762207e-01
7.624638811208546141e-01
9.664323858865738748e-01
8.984273173964475445e-01
8.076146139689904802e-01
7.796200855566002286e-01
7.446647342160293004e-01
7.631681977344593193e-01
7.916121899604986467e-01
9.745870581902896790e-01
