8.508671006127398184e-02
7.445311194043453817e-02
7.193490744362780742e-02
9.994651682531685566e-01
6.612302390581099865e-02
8.296856672226597673e-02
1.809022447935050015e-01
7.888051109315254161e-02
7.068950162116209579e-02
7.832584134822416499e-02
9.995970018339057628e-01
7.948430734142424015e-02
9.979778997533335083e-01
4.965886597798171986e-01
2.800341367181441443e-01
1.528011016390573573e-01
1.514350532435832231e-01
6.993395531359186679e-02
9.991527460747926526e-01
9.937209070132649869e-01
8.459554272693345367e-02
6.842613704624261883e-02
6.872126589104456118e-02
8.626157957367609763e-02
6.993042066573258719e-02
8.117380070094730449e-02
1.078394136108826312e-01
8.526815203474277793e-02
7.347786497717261056e-02
9.995854463119310251e-01
7.586666473865556759e-02
2.830922818214360870e-01
7.344594237846906182e-02
1.117314436259477239e-01
8.710776587426746764e-02
1.486282608339705158e-01
9.814098088481591764e-02
1.080139858405074343e-01
9.993662144906463318e-01
9.982786438214326097e-01
2.228576783810868323e-01
7.604222911375790872e-02
9.996385931488042109e-01
9.902591082341797302e-01
7.444221441282145024e-02
7.345125785528837381e-02
8.121376140513639208e-02
9.994432850151834247e-01
9.726113169848744633e-01
7.809181640552788350e-02
7.933453534047754663e-02
7.344584282637979522e-02
9.693979932853720172e-01
4.408914646371587254e-01
7.777324786779940546e-02
7.344584271037699064e-02
7.344550032409309648e-02
7.810075891667256354e-02
7.929026722226344137e-02
1.074355078132997326e-01
6.741873715956461788e-02
9.995158751123365271e-01
7.926570338270859384e-02
1.126579286668386998e-01
