1.127293016079770199e-01
9.752614479373841183e-01
5.383896081649955367e-02
5.356568985277285200e-02
5.537408186639941610e-02
5.044349177318832589e-02
1.278453171375731889e-01
9.523078520841432582e-01
4.870480144998527022e-02
5.695717695396619595e-02
5.830992165368614755e-02
9.997440361851241963e-01
6.321739643841078893e-02
5.216356744046555388e-02
5.560330488618649841e-02
5.559797499981478097e-02
5.537408309474353696e-02
6.300547442334333836e-02
2.197027578167053685e-01
5.312551994203989353e-02
5.050089084538089690e-02
5.537408136220441784e-02
6.325537894446030263e-02
9.997065216296413537e-01
5.537459729932693586e-02
5.609356131842990062e-02
9.105431630624308825e-01
5.245434577769648998e-02
5.838176910687146309e-02
1.723367712515991024e-01
9.975492083614125871e-01
5.044331603143066556e-02
9.984845413685454751e-01
9.998059689925635762e-01
5.362303714817850953e-02
5.751334937210299952e-02
6.201455862664132651e-02
9.775432825616680033e-01
5.982200716488961234e-02
5.362060991778626329e-02
1.193340736888528347e-01
9.997779530358099631e-01
5.044332637746567344e-02
1.157901339139978947e-01
4.670246862592190157e-02
9.997056961999383207e-01
9.340841000552820850e-01
5.517029706594646365e-02
5.540937461220906551e-02
9.997557465474031790e-01
9.990166371716783233e-01
5.044332553086004756e-02
9.994735728094981120e-01
5.886550205833899346e-02
5.232820701905963046e-02
9.996466507062173878e-01
5.313358958319333580e-02
5.792608004611148054e-02
5.673657196888054477e-02
5.029147790356729847e-02
7.323385810998660206e-02
7.016549569112816298e-02
5.313306310964569651e-02
5.549956292261686713e-02
