4.424949358575910180e-02
4.443893039102344428e-02
4.715460166590723645e-02
9.640880401802074395e-01
1.087031137832366601e-01
4.552430910638374101e-02
5.674139591823310763e-02
4.420995178195437358e-02
4.424932597350671876e-02
4.816995795598732338e-02
5.396688906879557601e-01
3.771429633806465676e-01
3.763764329098890499e-02
4.425519519155821091e-02
4.545805223533223166e-02
8.384193606618785266e-02
2.973005578873645915e-01
4.174904413006795545e-02
4.837458327405184944e-02
9.998207416689574023e-01
4.174922167351242941e-02
5.485649822345874116e-02
4.381293092625496849e-02
3.738019619367044521e-02
4.816994925189740928e-02
4.816717743965635845e-02
4.420914278490558486e-02
9.410632356723461767e-01
5.189663520377627709e-02
2.452585325594013599e-01
9.997138609480515914e-01
4.748928757950728746e-02
1.280504646115087630e-01
4.174934884954145664e-02
9.994577866913950670e-01
9.977242755904770499e-01
2.163431261821485707e-01
9.075099693865760209e-01
9.997237338545770235e-01
4.705060686773434447e-02
8.753361847111514049e-02
4.545839962620152469e-02
1.032859775335171759e-01
4.174981987601510819e-02
4.652175342558817484e-02
4.952283276471159540e-02
4.705011330776632389e-02
4.545836399273338324e-02
4.150991925082837819e-02
7.261062750946178923e-01
7.390799394760302898e-02
5.784116887881710078e-02
4.553506315502373059e-02
4.695354570692474722e-02
9.998261648982681438e-01
8.182751071546202903e-02
9.998636843423068798e-01
4.545833770919069372e-02
1.773988977145478374e-01
8.540237552783744857e-01
9.997891731300222462e-01
4.136221930881650577e-02
4.159066771361775300e-02
9.989888516675240471e-01
