9.997466181968959198e-01
5.876177163320220331e-02
6.008854644000159034e-02
9.996685417958887099e-01
6.162225478158507574e-02
5.505334686811914902e-02
6.413782667229372958e-02
9.990045710049529903e-01
5.707281710269484359e-02
5.505361459218735543e-02
6.201751779166381900e-02
2.315474630666954914e-01
6.364877315472683428e-02
5.423192144193882819e-02
2.179621641093762996e-01
5.944111433598572858e-02
9.998101700133822378e-01
9.998245678275836656e-01
9.436583010643326830e-01
8.596833106209880726e-02
5.404646482071261832e-02
9.082454354922860906e-01
9.995876076944912869e-01
8.302035828949350105e-02
9.997746663555213686e-01
6.453403457775853946e-02
6.259632043669707824e-02
9.990160044579919907e-01
6.722015335045038176e-02
6.036833586198777635e-01
6.257662629106405805e-02
6.383691240337183159e-02
5.872374528368624197e-02
6.187788696035645408e-02
5.524258068197653720e-02
9.994764012218115834e-01
6.009120533219877713e-02
9.997397400766154796e-01
6.211215725074441252e-02
6.341566161766998277e-02
1.227474561115452084e-01
9.997951667680892163e-01
9.996462605111275934e-01
6.277633156483683474e-02
5.808802851075958035e-02
9.997399729967453297e-01
6.558074261647144076e-02
1.311762098717378366e-01
6.005202917979141769e-02
7.269817102348870297e-02
6.290823710242350597e-02
5.640028708511156397e-02
6.079432321867861422e-02
6.008755781716229594e-02
9.990096398730118343e-01
9.992485947926678103e-01
9.982217201295232600e-01
7.687142668177616989e-02
6.554638255389992618e-02
6.344977986315983309e-02
5.982805514212465731e-02
6.947213713999941809e-02
9.996051309877029833e-01
9.988819986551765728e-01
