3.257847087814694231e-02
3.407334525442146794e-02
3.335966300642539961e-02
1.434885134466593049e-01
3.426053531831756149e-02
3.189360681122696550e-02
9.998778080630942311e-01
3.257846957631452961e-02
2.754657953401228390e-02
9.998498036059808580e-01
3.192466234393629559e-02
9.998931784060105521e-01
3.332391756544350603e-02
2.864773409003744387e-02
9.989686916470522648e-01
3.349279509688208450e-02
9.998252718703574127e-01
9.996655511001680816e-01
2.870950278435682734e-02
3.463827492570227540e-02
9.996078582678319391e-01
3.154362793690661249e-02
3.444422564457361169e-02
9.991081299519505299e-01
3.134767079752549118e-02
3.879771455231719596e-02
3.251811110803084354e-02
3.257134977721727609e-02
3.191100022852684515e-02
2.965475732772116305e-02
3.143051567098772980e-01
9.998832679146192337e-01
3.155416053356247669e-02
9.783435919063270259e-01
1.591758242175788651e-01
9.998003570331744916e-01
3.154361793394438312e-02
2.244640730715635191e-01
2.998095627701958046e-02
7.892090493549321073e-02
9.998863228284470273e-01
8.612213049547776667e-01
9.993247147961040744e-01
2.993143183541797925e-02
5.741533708460939966e-02
4.398961342350155568e-01
9.976864695590984544e-01
5.372840474372465591e-01
3.277268830301706404e-02
2.459432736595250912e-01
3.524209496672598418e-01
3.131497893832448087e-02
4.221063712884619290e-02
1.097875183025847079e-01
9.998653809566341311e-01
4.084358683299087467e-01
9.997655419794071463e-01
3.353927454480502834e-02
9.951088251384515582e-01
3.134759661760837257e-02
9.938347605729125345e-01
9.998143903138085875e-01
1.255240373060709513e-01
3.544564091670320688e-02
