9.959200926114946117e-01
5.951221005171775102e-02
7.896385090770985382e-02
6.145929852790747022e-02
6.059251197242904174e-02
8.930431614759214431e-01
9.996950905333267245e-01
9.994674189373868867e-01
2.268154543688765401e-01
5.240299997323300679e-02
5.890027764814454586e-02
5.800779964474568617e-02
5.722384849078053504e-02
1.323504949033618150e-01
5.240342108353228390e-02
5.439821000713927768e-02
3.097190715288127838e-01
6.811853245440521731e-02
5.657956877403107210e-02
5.662032549824679711e-02
5.965544629285697564e-02
3.266662713677898067e-01
7.037351383927940851e-02
6.338780562766024862e-02
9.464403940035237550e-01
9.996096757480235073e-01
5.842361185340145396e-02
5.973787233531228924e-02
7.550468829423433170e-02
9.193982611827329621e-02
5.722391043722782622e-02
9.997270111809407611e-01
2.786897084770721955e-01
7.726672154680319649e-02
9.945107218085792455e-01
2.796242885699430913e-01
9.971638012317292077e-01
9.986250634834559214e-01
9.994986283050184550e-01
5.457656653173276889e-02
5.722429834448222730e-02
9.997873419779907955e-01
7.260312722289178344e-01
6.076188708615146844e-02
9.488082605425113281e-01
7.004443001306337457e-02
9.993221680995516554e-01
5.547194130295301367e-02
5.630606414990485531e-02
9.990384265671403696e-01
8.983687207893682469e-01
1.029966801676412136e-01
5.240296550385559193e-02
6.802325033920474107e-02
6.195403853005689021e-02
9.997486077409700744e-01
5.595573831988528285e-02
9.995125394005056618e-01
6.056152296483235942e-02
5.788172276204289757e-02
9.920434566261875364e-01
2.852624165992241889e-01
9.997463609983457955e-01
5.597129678914618267e-02
