9.994610181981917751e-01
8.583791885525602350e-01
1.536966114532767325e-01
9.826343736753464508e-01
8.655782081564666885e-01
9.923895973975679352e-01
1.535018498109493035e-01
2.272358174735890357e-01
1.331850081631785199e-01
9.988824117678818393e-01
4.103256025642837979e-01
9.892658573325306959e-01
9.928391373820515398e-01
9.967626575829771074e-01
1.470971597812888998e-01
1.473579439863687002e-01
2.728459893268184167e-01
1.394973191111663346e-01
7.823769290830431267e-01
1.746060916156273179e-01
9.165377997142283295e-01
1.473608948102842209e-01
1.363427822175257709e-01
1.363427638735806025e-01
9.991526712411560318e-01
1.473580764141988464e-01
1.432653930594961489e-01
9.982275658731044610e-01
1.487422723136179736e-01
1.363427741317898567e-01
9.425093130258878071e-01
6.725281633846367235e-01
1.575298088982024503e-01
9.993471803755963334e-01
1.408682391706994330e-01
1.483090471235085361e-01
1.347807079709663625e-01
9.984767010450570357e-01
1.326536205930220202e-01
1.422495175531001965e-01
1.476613422307226919e-01
9.947997065476563705e-01
9.710323080410552254e-01
9.895534559923437889e-01
7.711284746592060868e-01
9.994434689526298099e-01
1.542541312814078580e-01
1.473580763787155357e-01
9.990431658587539676e-01
9.609068341101804078e-01
9.825737369742287841e-01
1.479503791540336122e-01
9.990852742279224818e-01
1.548503527892421405e-01
1.331924841894322475e-01
9.993874024509391552e-01
8.147926404677191536e-01
1.516520801090222859e-01
1.458842273045032611e-01
1.363427579987507576e-01
9.987146102323688490e-01
1.895443221530295208e-01
1.374966205690148768e-01
9.720332945556979798e-01
