1.950436389793341330e-01
1.873074925663008872e-01
3.485684465208723215e-01
9.880759927858250302e-01
1.992113905550784714e-01
9.978336485769346842e-01
9.780676232411337212e-01
2.193731125771666013e-01
2.061886226658478649e-01
2.005470215060344286e-01
9.991947168210908448e-01
9.988710940138288974e-01
2.109944299766188802e-01
2.059620520212646355e-01
2.043693435916676959e-01
2.133104666763947221e-01
9.324116834776368101e-01
9.858054436451275659e-01
9.991635594294415723e-01
2.134556684800209825e-01
2.219360210544127632e-01
2.081981688295433119e-01
2.079788161231773125e-01
2.136728024630929756e-01
2.082061597103517236e-01
9.988521688603773097e-01
1.835296418056081291e-01
1.940221784431741814e-01
9.980948942920464528e-01
9.984521019685193011e-01
2.078896593648164870e-01
2.073869356176091527e-01
1.864957275309079010e-01
9.954174787616241193e-01
2.061257105228532782e-01
2.473796730910347574e-01
9.988404568044390031e-01
2.168807097210083412e-01
1.880283007436854281e-01
2.133033979159139615e-01
9.822024680177207090e-01
9.860038349704476346e-01
2.557408198237675623e-01
1.865109462072028490e-01
9.971099199842818894e-01
9.680808811530741131e-01
2.047793079002752648e-01
2.450719139803734514e-01
2.089331119634086076e-01
3.358497784688886378e-01
4.128885192356331890e-01
9.799781689068434165e-01
2.132548029935014411e-01
1.915954553957066597e-01
1.944359558006620858e-01
2.720533671968073941e-01
9.984896702506403932e-01
9.990746302221821251e-01
2.073480803688046159e-01
9.991515217919274550e-01
2.034631456775295166e-01
1.896898572899708979e-01
9.982623771460664708e-01
2.041098383139116346e-01
