2.455450563251865281e-01
9.999165718419710247e-01
9.999771060075480777e-01
9.989651154957398527e-01
9.999632025422667825e-01
9.696563298347463666e-01
2.476216955012113530e-01
9.999725251927872316e-01
9.988382510547263449e-01
9.999871117777936469e-01
1.545590507618014864e-01
1.954159185385321573e-01
1.823974962744014106e-01
1.509119875906876906e-01
1.799474161540496886e-01
1.901475200816446776e-01
9.996756926087141393e-01
7.792426404185589517e-01
1.850766370780933534e-01
9.999735128031325138e-01
1.970604554254260787e-01
1.550235482001810217e-01
9.117162326081771351e-01
1.767465039228517942e-01
1.926605689871175586e-01
1.799181717541702419e-01
2.478416294964548572e-01
6.986386299488878127e-01
3.426504910541751658e-01
2.734488033038739996e-01
1.900740013050391808e-01
9.972433357043295477e-01
1.616400587578269155e-01
1.753059414422138695e-01
5.263560264594764337e-01
9.978691050578045729e-01
1.775344403064292587e-01
7.096301569839560397e-01
1.763670985712546546e-01
9.997493005146773637e-01
1.677736119533489445e-01
1.647603857363193758e-01
9.992708706018915699e-01
9.994123037639559559e-01
1.718455441047744559e-01
1.953521319661008782e-01
9.786673351930331721e-01
9.999839312823245452e-01
1.703340248536685253e-01
1.787403602086946597e-01
1.593992098299682192e-01
1.898884511221929083e-01
1.869005718699940088e-01
1.824731002208579700e-01
1.949675238246182107e-01
1.742140998807835683e-01
1.656761785275731869e-01
1.989047524951244317e-01
1.814319023719682955e-01
1.687100678988776303e-01
9.949206871760740700e-01
1.825039591300305353e-01
1.821889663477083976e-01
1.969552151208406598e-01
