9.997667889019362653e-01
1.150963262956513772e-01
9.708577458746942002e-02
9.999501852589087747e-01
3.796428639880576328e-01
9.354140602322705278e-02
1.182466073697375497e-01
9.999476157130378073e-01
1.022646240750023361e-01
3.535326572104049436e-01
1.016255064368239702e-01
3.747156749443033563e-01
1.085359610057390622e-01
1.033324491412977997e-01
1.373534524646334021e-01
9.611126532499558728e-02
9.258161503048933927e-02
5.728638585524526983e-01
1.060057140173678303e-01
4.945674998848690884e-01
9.708577787260622149e-02
9.354935831076745256e-02
1.020227333366719030e-01
9.813353192890398313e-01
9.708329044581921752e-02
1.032619447296630605e-01
1.232304440858673633e-01
9.999029126922310828e-01
7.697132604922607424e-02
8.851325130668227792e-02
9.690955912112446391e-02
9.155561444543792726e-01
9.996649361085460095e-01
9.711184482954549058e-02
9.461477151332946256e-02
1.092709920748912711e-01
5.676967186801388232e-01
9.996251870759698122e-01
9.177466853959802273e-02
9.708577458768570534e-02
9.999029352417643235e-01
9.399806498614569905e-02
1.128518547476876355e-01
1.335291944135634234e-01
9.995984085191587099e-01
1.102634552256480382e-01
7.568238879226911464e-02
8.751821484807296991e-02
1.034474009856227172e-01
9.996484118169129962e-01
9.325813671175726960e-02
8.032332410444709136e-02
4.058488376274080323e-01
9.974051249941021657e-01
9.162849593404730209e-02
1.054855349520397861e-01
1.016184946325125321e-01
9.985957771237693459e-01
9.430100337607959515e-01
9.168326004745616653e-02
1.033347535300820907e-01
9.459196728259484932e-02
9.983503225156967198e-02
8.576250929280855584e-02
9.999672534972300353e-01
