8.508671006127398184e-02
7.445311194043453817e-02
7.193490744362780742e-02
9.994651682531685566e-01
6.612302390581099865e-02
8.296856672226597673e-02
1.809022447935050015e-01
7.888051109315254161e-02
7.068950162116209579e-02
7.832584134822416499e-02
9.995970018339057628e-01
7.948430734142424015e-02
9.979778997533335083e-01
4.965886597798171986e-01
2.800341367181441443e-01
1.528011016390573573e-01
1.514350532435832231e-01
6.993395531359186679e-02
9.991527460747926526e-01
9.937209070132649869e-01
8.459554272693345367e-02
6.842613704624261883e-02
6.872126589104456118e-02
8.626157957367609763e-02
6.993042066573258719e-02
8.117380070094730449e-02
1.078394136108826312e-01
8.526815203474277793e-02
7.347786497717261056e-02
9.995854463119310251e-01
7.586666473865556759e-02
2.830922818214360870e-01
7.344594237846906182e-02
1.117314436259477239e-01
8.710776587426746764e-02
1.486282608339705158e-01
9.814098088481591764e-02
1.080139858405074343e-01
9.993662144906463318e-01
9.982786438214326097e-01
2.228576783810868323e-01
7.604222911375790872e-02
9.996385931488042109e-01
9.902591082341797302e-01
7.444221441282145024e-02
7.345125785528837381e-02
8.121376140513639208e-02
9.994432850151834247e-01
9.726113169848744633e-01
7.809181640552788350e-02
7.933453534047754663e-02
7.344584282637979522e-02
9.693979932853720172e-01
4.408914646371587254e-01
7.777324786779940546e-02
7.344584271037699064e-02
7.344550032409309648e-02
7.810075891667256354e-02
7.929026722226344137e-02
1.074355078132997326e-01
6.741873715956461788e-02
9.995158751123365271e-01
7.926570338270859384e-02
1.126579286668386998e-01
1.127293016079770199e-01
9.752614479373841183e-01
5.383896081649955367e-02
5.356568985277285200e-02
5.537408186639941610e-02
5.044349177318832589e-02
1.278453171375731889e-01
9.523078520841432582e-01
4.870480144998527022e-02
5.695717695396619595e-02
5.830992165368614755e-02
9.997440361851241963e-01
6.321739643841078893e-02
5.216356744046555388e-02
5.560330488618649841e-02
5.559797499981478097e-02
5.537408309474353696e-02
6.300547442334333836e-02
2.197027578167053685e-01
5.312551994203989353e-02
5.050089084538089690e-02
5.537408136220441784e-02
6.325537894446030263e-02
9.997065216296413537e-01
5.537459729932693586e-02
5.609356131842990062e-02
9.105431630624308825e-01
5.245434577769648998e-02
5.838176910687146309e-02
1.723367712515991024e-01
9.975492083614125871e-01
5.044331603143066556e-02
9.984845413685454751e-01
9.998059689925635762e-01
5.362303714817850953e-02
5.751334937210299952e-02
6.201455862664132651e-02
9.775432825616680033e-01
5.982200716488961234e-02
5.362060991778626329e-02
1.193340736888528347e-01
9.997779530358099631e-01
5.044332637746567344e-02
1.157901339139978947e-01
4.670246862592190157e-02
9.997056961999383207e-01
9.340841000552820850e-01
5.517029706594646365e-02
5.540937461220906551e-02
9.997557465474031790e-01
9.990166371716783233e-01
5.044332553086004756e-02
9.994735728094981120e-01
5.886550205833899346e-02
5.232820701905963046e-02
9.996466507062173878e-01
5.313358958319333580e-02
5.792608004611148054e-02
5.673657196888054477e-02
5.029147790356729847e-02
7.323385810998660206e-02
7.016549569112816298e-02
5.313306310964569651e-02
5.549956292261686713e-02
4.424949358575910180e-02
4.443893039102344428e-02
4.715460166590723645e-02
9.640880401802074395e-01
1.087031137832366601e-01
4.552430910638374101e-02
5.674139591823310763e-02
4.420995178195437358e-02
4.424932597350671876e-02
4.816995795598732338e-02
5.396688906879557601e-01
3.771429633806465676e-01
3.763764329098890499e-02
4.425519519155821091e-02
4.545805223533223166e-02
8.384193606618785266e-02
2.973005578873645915e-01
4.174904413006795545e-02
4.837458327405184944e-02
9.998207416689574023e-01
4.174922167351242941e-02
5.485649822345874116e-02
4.381293092625496849e-02
3.738019619367044521e-02
4.816994925189740928e-02
4.816717743965635845e-02
4.420914278490558486e-02
9.410632356723461767e-01
5.189663520377627709e-02
2.452585325594013599e-01
9.997138609480515914e-01
4.748928757950728746e-02
1.280504646115087630e-01
4.174934884954145664e-02
9.994577866913950670e-01
9.977242755904770499e-01
2.163431261821485707e-01
9.075099693865760209e-01
9.997237338545770235e-01
4.705060686773434447e-02
8.753361847111514049e-02
4.545839962620152469e-02
1.032859775335171759e-01
4.174981987601510819e-02
4.652175342558817484e-02
4.952283276471159540e-02
4.705011330776632389e-02
4.545836399273338324e-02
4.150991925082837819e-02
7.261062750946178923e-01
7.390799394760302898e-02
5.784116887881710078e-02
4.553506315502373059e-02
4.695354570692474722e-02
9.998261648982681438e-01
8.182751071546202903e-02
9.998636843423068798e-01
4.545833770919069372e-02
1.773988977145478374e-01
8.540237552783744857e-01
9.997891731300222462e-01
4.136221930881650577e-02
4.159066771361775300e-02
9.989888516675240471e-01
9.997466181968959198e-01
5.876177163320220331e-02
6.008854644000159034e-02
9.996685417958887099e-01
6.162225478158507574e-02
5.505334686811914902e-02
6.413782667229372958e-02
9.990045710049529903e-01
5.707281710269484359e-02
5.505361459218735543e-02
6.201751779166381900e-02
2.315474630666954914e-01
6.364877315472683428e-02
5.423192144193882819e-02
2.179621641093762996e-01
5.944111433598572858e-02
9.998101700133822378e-01
9.998245678275836656e-01
9.436583010643326830e-01
8.596833106209880726e-02
5.404646482071261832e-02
9.082454354922860906e-01
9.995876076944912869e-01
8.302035828949350105e-02
9.997746663555213686e-01
6.453403457775853946e-02
6.259632043669707824e-02
9.990160044579919907e-01
6.722015335045038176e-02
6.036833586198777635e-01
6.257662629106405805e-02
6.383691240337183159e-02
5.872374528368624197e-02
6.187788696035645408e-02
5.524258068197653720e-02
9.994764012218115834e-01
6.009120533219877713e-02
9.997397400766154796e-01
6.211215725074441252e-02
6.341566161766998277e-02
1.227474561115452084e-01
9.997951667680892163e-01
9.996462605111275934e-01
6.277633156483683474e-02
5.808802851075958035e-02
9.997399729967453297e-01
6.558074261647144076e-02
1.311762098717378366e-01
6.005202917979141769e-02
7.269817102348870297e-02
6.290823710242350597e-02
5.640028708511156397e-02
6.079432321867861422e-02
6.008755781716229594e-02
9.990096398730118343e-01
9.992485947926678103e-01
9.982217201295232600e-01
7.687142668177616989e-02
6.554638255389992618e-02
6.344977986315983309e-02
5.982805514212465731e-02
6.947213713999941809e-02
9.996051309877029833e-01
9.988819986551765728e-01
3.257847087814694231e-02
3.407334525442146794e-02
3.335966300642539961e-02
1.434885134466593049e-01
3.426053531831756149e-02
3.189360681122696550e-02
9.998778080630942311e-01
3.257846957631452961e-02
2.754657953401228390e-02
9.998498036059808580e-01
3.192466234393629559e-02
9.998931784060105521e-01
3.332391756544350603e-02
2.864773409003744387e-02
9.989686916470522648e-01
3.349279509688208450e-02
9.998252718703574127e-01
9.996655511001680816e-01
2.870950278435682734e-02
3.463827492570227540e-02
9.996078582678319391e-01
3.154362793690661249e-02
3.444422564457361169e-02
9.991081299519505299e-01
3.134767079752549118e-02
3.879771455231719596e-02
3.251811110803084354e-02
3.257134977721727609e-02
3.191100022852684515e-02
2.965475732772116305e-02
3.143051567098772980e-01
9.998832679146192337e-01
3.155416053356247669e-02
9.783435919063270259e-01
1.591758242175788651e-01
9.998003570331744916e-01
3.154361793394438312e-02
2.244640730715635191e-01
2.998095627701958046e-02
7.892090493549321073e-02
9.998863228284470273e-01
8.612213049547776667e-01
9.993247147961040744e-01
2.993143183541797925e-02
5.741533708460939966e-02
4.398961342350155568e-01
9.976864695590984544e-01
5.372840474372465591e-01
3.277268830301706404e-02
2.459432736595250912e-01
3.524209496672598418e-01
3.131497893832448087e-02
4.221063712884619290e-02
1.097875183025847079e-01
9.998653809566341311e-01
4.084358683299087467e-01
9.997655419794071463e-01
3.353927454480502834e-02
9.951088251384515582e-01
3.134759661760837257e-02
9.938347605729125345e-01
9.998143903138085875e-01
1.255240373060709513e-01
3.544564091670320688e-02
9.959200926114946117e-01
5.951221005171775102e-02
7.896385090770985382e-02
6.145929852790747022e-02
6.059251197242904174e-02
8.930431614759214431e-01
9.996950905333267245e-01
9.994674189373868867e-01
2.268154543688765401e-01
5.240299997323300679e-02
5.890027764814454586e-02
5.800779964474568617e-02
5.722384849078053504e-02
1.323504949033618150e-01
5.240342108353228390e-02
5.439821000713927768e-02
3.097190715288127838e-01
6.811853245440521731e-02
5.657956877403107210e-02
5.662032549824679711e-02
5.965544629285697564e-02
3.266662713677898067e-01
7.037351383927940851e-02
6.338780562766024862e-02
9.464403940035237550e-01
9.996096757480235073e-01
5.842361185340145396e-02
5.973787233531228924e-02
7.550468829423433170e-02
9.193982611827329621e-02
5.722391043722782622e-02
9.997270111809407611e-01
2.786897084770721955e-01
7.726672154680319649e-02
9.945107218085792455e-01
2.796242885699430913e-01
9.971638012317292077e-01
9.986250634834559214e-01
9.994986283050184550e-01
5.457656653173276889e-02
5.722429834448222730e-02
9.997873419779907955e-01
7.260312722289178344e-01
6.076188708615146844e-02
9.488082605425113281e-01
7.004443001306337457e-02
9.993221680995516554e-01
5.547194130295301367e-02
5.630606414990485531e-02
9.990384265671403696e-01
8.983687207893682469e-01
1.029966801676412136e-01
5.240296550385559193e-02
6.802325033920474107e-02
6.195403853005689021e-02
9.997486077409700744e-01
5.595573831988528285e-02
9.995125394005056618e-01
6.056152296483235942e-02
5.788172276204289757e-02
9.920434566261875364e-01
2.852624165992241889e-01
9.997463609983457955e-01
5.597129678914618267e-02
9.994610181981917751e-01
8.583791885525602350e-01
1.536966114532767325e-01
9.826343736753464508e-01
8.655782081564666885e-01
9.923895973975679352e-01
1.535018498109493035e-01
2.272358174735890357e-01
1.331850081631785199e-01
9.988824117678818393e-01
4.103256025642837979e-01
9.892658573325306959e-01
9.928391373820515398e-01
9.967626575829771074e-01
1.470971597812888998e-01
1.473579439863687002e-01
2.728459893268184167e-01
1.394973191111663346e-01
7.823769290830431267e-01
1.746060916156273179e-01
9.165377997142283295e-01
1.473608948102842209e-01
1.363427822175257709e-01
1.363427638735806025e-01
9.991526712411560318e-01
1.473580764141988464e-01
1.432653930594961489e-01
9.982275658731044610e-01
1.487422723136179736e-01
1.363427741317898567e-01
9.425093130258878071e-01
6.725281633846367235e-01
1.575298088982024503e-01
9.993471803755963334e-01
1.408682391706994330e-01
1.483090471235085361e-01
1.347807079709663625e-01
9.984767010450570357e-01
1.326536205930220202e-01
1.422495175531001965e-01
1.476613422307226919e-01
9.947997065476563705e-01
9.710323080410552254e-01
9.895534559923437889e-01
7.711284746592060868e-01
9.994434689526298099e-01
1.542541312814078580e-01
1.473580763787155357e-01
9.990431658587539676e-01
9.609068341101804078e-01
9.825737369742287841e-01
1.479503791540336122e-01
9.990852742279224818e-01
1.548503527892421405e-01
1.331924841894322475e-01
9.993874024509391552e-01
8.147926404677191536e-01
1.516520801090222859e-01
1.458842273045032611e-01
1.363427579987507576e-01
9.987146102323688490e-01
1.895443221530295208e-01
1.374966205690148768e-01
9.720332945556979798e-01
1.950436389793341330e-01
1.873074925663008872e-01
3.485684465208723215e-01
9.880759927858250302e-01
1.992113905550784714e-01
9.978336485769346842e-01
9.780676232411337212e-01
2.193731125771666013e-01
2.061886226658478649e-01
2.005470215060344286e-01
9.991947168210908448e-01
9.988710940138288974e-01
2.109944299766188802e-01
2.059620520212646355e-01
2.043693435916676959e-01
2.133104666763947221e-01
9.324116834776368101e-01
9.858054436451275659e-01
9.991635594294415723e-01
2.134556684800209825e-01
2.219360210544127632e-01
2.081981688295433119e-01
2.079788161231773125e-01
2.136728024630929756e-01
2.082061597103517236e-01
9.988521688603773097e-01
1.835296418056081291e-01
1.940221784431741814e-01
9.980948942920464528e-01
9.984521019685193011e-01
2.078896593648164870e-01
2.073869356176091527e-01
1.864957275309079010e-01
9.954174787616241193e-01
2.061257105228532782e-01
2.473796730910347574e-01
9.988404568044390031e-01
2.168807097210083412e-01
1.880283007436854281e-01
2.133033979159139615e-01
9.822024680177207090e-01
9.860038349704476346e-01
2.557408198237675623e-01
1.865109462072028490e-01
9.971099199842818894e-01
9.680808811530741131e-01
2.047793079002752648e-01
2.450719139803734514e-01
2.089331119634086076e-01
3.358497784688886378e-01
4.128885192356331890e-01
9.799781689068434165e-01
2.132548029935014411e-01
1.915954553957066597e-01
1.944359558006620858e-01
2.720533671968073941e-01
9.984896702506403932e-01
9.990746302221821251e-01
2.073480803688046159e-01
9.991515217919274550e-01
2.034631456775295166e-01
1.896898572899708979e-01
9.982623771460664708e-01
2.041098383139116346e-01
2.455450563251865281e-01
9.999165718419710247e-01
9.999771060075480777e-01
9.989651154957398527e-01
9.999632025422667825e-01
9.696563298347463666e-01
2.476216955012113530e-01
9.999725251927872316e-01
9.988382510547263449e-01
9.999871117777936469e-01
1.545590507618014864e-01
1.954159185385321573e-01
1.823974962744014106e-01
1.509119875906876906e-01
1.799474161540496886e-01
1.901475200816446776e-01
9.996756926087141393e-01
7.792426404185589517e-01
1.850766370780933534e-01
9.999735128031325138e-01
1.970604554254260787e-01
1.550235482001810217e-01
9.117162326081771351e-01
1.767465039228517942e-01
1.926605689871175586e-01
1.799181717541702419e-01
2.478416294964548572e-01
6.986386299488878127e-01
3.426504910541751658e-01
2.734488033038739996e-01
1.900740013050391808e-01
9.972433357043295477e-01
1.616400587578269155e-01
1.753059414422138695e-01
5.263560264594764337e-01
9.978691050578045729e-01
1.775344403064292587e-01
7.096301569839560397e-01
1.763670985712546546e-01
9.997493005146773637e-01
1.677736119533489445e-01
1.647603857363193758e-01
9.992708706018915699e-01
9.994123037639559559e-01
1.718455441047744559e-01
1.953521319661008782e-01
9.786673351930331721e-01
9.999839312823245452e-01
1.703340248536685253e-01
1.787403602086946597e-01
1.593992098299682192e-01
1.898884511221929083e-01
1.869005718699940088e-01
1.824731002208579700e-01
1.949675238246182107e-01
1.742140998807835683e-01
1.656761785275731869e-01
1.989047524951244317e-01
1.814319023719682955e-01
1.687100678988776303e-01
9.949206871760740700e-01
1.825039591300305353e-01
1.821889663477083976e-01
1.969552151208406598e-01
9.997667889019362653e-01
1.150963262956513772e-01
9.708577458746942002e-02
9.999501852589087747e-01
3.796428639880576328e-01
9.354140602322705278e-02
1.182466073697375497e-01
9.999476157130378073e-01
1.022646240750023361e-01
3.535326572104049436e-01
1.016255064368239702e-01
3.747156749443033563e-01
1.085359610057390622e-01
1.033324491412977997e-01
1.373534524646334021e-01
9.611126532499558728e-02
9.258161503048933927e-02
5.728638585524526983e-01
1.060057140173678303e-01
4.945674998848690884e-01
9.708577787260622149e-02
9.354935831076745256e-02
1.020227333366719030e-01
9.813353192890398313e-01
9.708329044581921752e-02
1.032619447296630605e-01
1.232304440858673633e-01
9.999029126922310828e-01
7.697132604922607424e-02
8.851325130668227792e-02
9.690955912112446391e-02
9.155561444543792726e-01
9.996649361085460095e-01
9.711184482954549058e-02
9.461477151332946256e-02
1.092709920748912711e-01
5.676967186801388232e-01
9.996251870759698122e-01
9.177466853959802273e-02
9.708577458768570534e-02
9.999029352417643235e-01
9.399806498614569905e-02
1.128518547476876355e-01
1.335291944135634234e-01
9.995984085191587099e-01
1.102634552256480382e-01
7.568238879226911464e-02
8.751821484807296991e-02
1.034474009856227172e-01
9.996484118169129962e-01
9.325813671175726960e-02
8.032332410444709136e-02
4.058488376274080323e-01
9.974051249941021657e-01
9.162849593404730209e-02
1.054855349520397861e-01
1.016184946325125321e-01
9.985957771237693459e-01
9.430100337607959515e-01
9.168326004745616653e-02
1.033347535300820907e-01
9.459196728259484932e-02
9.983503225156967198e-02
8.576250929280855584e-02
9.999672534972300353e-01
