9.236245292635677506e-01
9.199868946692641991e-01
9.313367955090064987e-01
9.218953179722871871e-01
9.206252963281978952e-01
9.230351621314056842e-01
9.203874284954121077e-01
9.304441939349724633e-01
9.190699036696717839e-01
9.374896388334610364e-01
9.303330139397442133e-01
9.320103603305915918e-01
9.191082548195366186e-01
9.206997483326747611e-01
9.200083838722024066e-01
9.228327400567345462e-01
9.199945786772026901e-01
9.192568528286133578e-01
9.229748497581549138e-01
9.194320063980615521e-01
9.196579626444087996e-01
9.204057027168901506e-01
9.204954266196291313e-01
9.182897802808736021e-01
9.197911382584079698e-01
9.231204594288494603e-01
9.232948144964389092e-01
9.197110510246163662e-01
9.202913233092293588e-01
9.201984941723085898e-01
9.197350510575122984e-01
9.211351957674452917e-01
9.207643889058566566e-01
9.218313069534763704e-01
9.189701465476072251e-01
9.198393611432670314e-01
9.233051145414665761e-01
9.234821659283468653e-01
9.204066061889730754e-01
9.195706072178492230e-01
9.210517473787619425e-01
9.393873490037305540e-01
9.196018249149255919e-01
9.205939865443629744e-01
9.194130356548996241e-01
9.322290901815604158e-01
9.195387293617449664e-01
9.199592487385002126e-01
9.191430957108837063e-01
9.198829634847323078e-01
9.239184558355790777e-01
9.203008168310824466e-01
9.205971747656733761e-01
9.198813377974076610e-01
9.201294500688431688e-01
9.230845417253826790e-01
9.203174179054391946e-01
9.224953687011501202e-01
9.202628520486515473e-01
9.201397436007864306e-01
9.205435915211303000e-01
9.201485229596493287e-01
9.199773548837105741e-01
9.238043066025286576e-01
