9.203096904458832883e-01
9.208197829356102870e-01
9.208627792716249649e-01
9.343618263125365031e-01
9.201145354573668778e-01
9.196067969558469057e-01
9.177568219174970787e-01
9.202530079982957911e-01
9.201431491889267011e-01
9.287611950014786899e-01
9.352792652608404866e-01
9.242391095522783928e-01
9.299800281647866429e-01
9.208687359643173975e-01
9.200086460440540792e-01
9.345854515639597793e-01
9.203285158709545444e-01
9.199881809307756120e-01
9.200730686247082790e-01
9.196638830627307248e-01
9.210338880176884846e-01
9.368717714599453794e-01
9.212881783598982910e-01
9.193749540223721262e-01
9.215856476737674940e-01
9.207456442010198971e-01
9.217035578699896980e-01
9.205253650771135776e-01
9.322996816698971845e-01
9.206873487117579469e-01
9.201948635829305667e-01
9.281428895357861641e-01
9.209617775955839525e-01
9.354862282080044222e-01
9.199633137294566110e-01
9.211381734957571066e-01
9.210130934683994353e-01
9.205691139115886878e-01
9.188721344198531593e-01
9.196064597293333032e-01
9.194438783472967947e-01
9.208989443961276278e-01
9.207053850518239768e-01
9.276142549579042829e-01
9.201899988872189740e-01
9.314585532925911959e-01
9.209431839374879747e-01
9.205698240279251987e-01
9.207921645454567594e-01
9.214830237995472739e-01
9.198570504540257708e-01
9.214685323199236500e-01
9.207780205710334176e-01
9.241164001304427167e-01
9.307777323881923914e-01
9.201602900500336357e-01
9.200065436961336607e-01
9.201567324849775353e-01
9.203067918552814142e-01
9.190765027762881623e-01
9.209434609035965780e-01
9.207206832896343007e-01
9.200413848483620649e-01
9.399908491455887249e-01
