9.400948769277284178e-01
9.326772710324052751e-01
9.209540622989510483e-01
9.334115221185488309e-01
9.242503632205132380e-01
9.213834424520819244e-01
9.201197951845605516e-01
9.212694533834112631e-01
9.200165700387872292e-01
9.201249515728188166e-01
9.201361788054815971e-01
9.210437468657953763e-01
9.213912776060827481e-01
9.205068190557778030e-01
9.198354118046752070e-01
9.237276669226605064e-01
9.399263068198797644e-01
9.212622666808345517e-01
9.244824975345626861e-01
9.391380481799118662e-01
9.206868203434951381e-01
9.276524634512202105e-01
9.219919936975762287e-01
9.354566119820744152e-01
9.200361031346383500e-01
9.210537780716362422e-01
9.213544537003131030e-01
9.214951539084446086e-01
9.248752450310819828e-01
9.242590883680684710e-01
9.209188628918042463e-01
9.207011253509317372e-01
9.194564884590150644e-01
9.214411635590052940e-01
9.311037254559941800e-01
9.209292919970140101e-01
9.200535376590874836e-01
9.215453655395506871e-01
9.203749546282835592e-01
9.200274400753168935e-01
9.209163221887991524e-01
9.209430841131820422e-01
9.322129564578651717e-01
9.197024495270940125e-01
9.209772200318565583e-01
9.203556621994190001e-01
9.197234041787268888e-01
9.401764987748402191e-01
9.402396661653925625e-01
9.214529598412205535e-01
9.218566507854046854e-01
9.399977847609501946e-01
9.232775995801824065e-01
9.210308044132604621e-01
9.212480298878663598e-01
9.214292011307932961e-01
9.209362834161237688e-01
9.215141424435655537e-01
9.206559485584647762e-01
9.208792326422392538e-01
9.207506502093788514e-01
9.211631232197134977e-01
9.207475385319314753e-01
9.206838206593832563e-01
