9.201509643291539975e-01
9.200835484639873219e-01
9.200904519163214390e-01
9.235628260969541703e-01
9.404576699974696030e-01
9.204196704736294921e-01
9.206511443561361530e-01
9.399849465984443375e-01
9.226834561941614776e-01
9.212880631144477750e-01
9.205995405970518464e-01
9.241646200153680324e-01
9.202065605418240368e-01
9.374252634046852384e-01
9.197613794164472001e-01
9.284751040028623725e-01
9.213174414431358761e-01
9.230842770846710010e-01
9.206858396347455953e-01
9.207528075253967881e-01
9.200409155086378687e-01
9.207611018024534077e-01
9.382044058354410687e-01
9.210435252712670939e-01
9.194057713936952814e-01
9.322224244958315920e-01
9.205534308549040423e-01
9.251798152770152051e-01
9.199743889412993481e-01
9.201118171257853806e-01
9.223178382969428046e-01
9.191644095778708223e-01
9.209708353864309860e-01
9.209263394964278815e-01
9.204433301167184167e-01
9.241618139885985350e-01
9.217765882372014330e-01
9.214772417778597235e-01
9.226795621628361976e-01
9.233496470395050615e-01
9.217393198644249219e-01
9.211042260213619937e-01
9.211741485100124471e-01
9.242344013059587970e-01
9.211498240211716260e-01
9.215233913674341082e-01
9.385486330291670232e-01
9.208686495718049203e-01
9.211641524063254316e-01
9.203118880436630400e-01
9.358492749868315697e-01
9.204345110679648112e-01
9.241628074375353163e-01
9.203562942831094995e-01
9.209873072726543208e-01
9.240273935503143798e-01
9.199562282593494178e-01
9.201471895559147907e-01
9.200541724650537212e-01
9.187663574776291364e-01
9.200202205569730785e-01
9.207747456449474344e-01
9.200832995370747946e-01
9.193152402267265044e-01
