9.381523810133819419e-01
9.323507654866957095e-01
9.204053896090707010e-01
9.199029953751581834e-01
9.201246311219718477e-01
9.200656665918849342e-01
9.382157259331723731e-01
9.370534852456336994e-01
9.214887909935258747e-01
9.209558982218842837e-01
9.202361832334446934e-01
9.336270971940294761e-01
9.282900290422589906e-01
9.201267502037026036e-01
9.377732341887942136e-01
9.230135793901993457e-01
9.210101547427408386e-01
9.208182202615633472e-01
9.201189364881448007e-01
9.177012760333472796e-01
9.153786026312692448e-01
9.199301163910023060e-01
9.402407534350114560e-01
9.210545429745604640e-01
9.206904830030043785e-01
9.205296831199271113e-01
9.185007380223828566e-01
9.217692914030239937e-01
9.204064001533422967e-01
9.197538427058417065e-01
9.237682558536204347e-01
9.173954852492673950e-01
9.239150992226368153e-01
9.206310015686580694e-01
9.215528266396514345e-01
9.247000973737139473e-01
9.249138495530263571e-01
9.216328837130504104e-01
9.209951048502474924e-01
9.215272347685478094e-01
9.183588466849214038e-01
9.382341006551256912e-01
9.208663626212253428e-01
9.211353841065534898e-01
9.200797815721540873e-01
9.190791637294013494e-01
9.231570866932956587e-01
9.207785200012587046e-01
9.214082912569477868e-01
9.194646265239869720e-01
9.207022333840796380e-01
9.396111665355385556e-01
9.201128858701975721e-01
9.287815194021636911e-01
9.228353133618252269e-01
9.357988318632174396e-01
9.352683721755861157e-01
9.201611926460868673e-01
9.213600573138560623e-01
9.245743022622178175e-01
9.190233447083528961e-01
9.380992117304288724e-01
9.212229214184244341e-01
9.399876550016983412e-01
