9.212658339398922536e-01
9.206505427097820826e-01
9.205116529215725540e-01
9.217635641846462224e-01
9.203475222311031656e-01
9.234723412560631450e-01
9.234388035496416958e-01
9.353019373029165529e-01
9.199021187541214228e-01
9.191459416315366227e-01
9.194511023054395826e-01
9.175931943681506775e-01
9.201445962865627548e-01
9.208332480516211449e-01
9.199913653558209337e-01
9.225321736326598243e-01
9.209270871489071419e-01
9.207599548898127706e-01
9.194580166302287472e-01
9.199015069350090501e-01
9.204350031702709378e-01
9.201700514495038119e-01
9.223497183232950425e-01
9.196475321755109844e-01
9.234723445724143387e-01
9.198488183890241032e-01
9.239188796610250387e-01
9.202592750253694165e-01
9.199438361047455048e-01
9.220096418282254236e-01
9.187695399545281472e-01
9.208573605729919453e-01
9.202365026635088707e-01
9.195997119715707546e-01
9.234510235245394494e-01
9.216730790699787512e-01
9.196710202433827641e-01
9.204895095396686822e-01
9.200817756182647633e-01
9.337641494723694091e-01
9.215529651922939047e-01
9.207537675215172746e-01
9.216192176706562433e-01
9.235057302767696319e-01
9.195865503662681295e-01
9.212554909844007378e-01
9.203066539210869035e-01
9.208797493199615269e-01
9.201027836243114155e-01
9.210200967254573712e-01
9.190460756032063916e-01
9.205133982853432872e-01
9.200867158940279067e-01
9.172946434299392715e-01
9.198247928966365450e-01
9.188683083840527566e-01
9.198251411893041407e-01
9.204565611163822991e-01
9.217686805402801609e-01
9.389854336918299627e-01
9.213905147821740416e-01
9.209194002326731576e-01
9.209370615264586002e-01
9.207379150625337738e-01
