9.146092720881152660e-01
9.154841781257948563e-01
9.147397530145667810e-01
9.151755628988050839e-01
9.139672181352598290e-01
9.395066886391779670e-01
9.134237140614618333e-01
9.165652209989798571e-01
9.155997558694419780e-01
9.143682058666314783e-01
9.391144918783891349e-01
9.230779984115639047e-01
9.146460248782608549e-01
9.141517234074281184e-01
9.149248298317127492e-01
9.233126088082662664e-01
9.144284366726186386e-01
9.150900512960854494e-01
9.143500446794127212e-01
9.148181603429135222e-01
9.152267009064918302e-01
9.142612375552255921e-01
9.258882982568265030e-01
9.196003272115388372e-01
9.172808432080713503e-01
9.216443576042381292e-01
9.141109523788744085e-01
9.149239266651211233e-01
9.198412990007018841e-01
9.155999423146069516e-01
9.155999422848287717e-01
9.242086749535940449e-01
9.176788112937082076e-01
9.250665943753112463e-01
9.323434994485536587e-01
9.176788112937082076e-01
9.151920577872839635e-01
9.141082497599875012e-01
9.156304299230256794e-01
9.357093705408525697e-01
9.240776075412258095e-01
9.155999423146068406e-01
9.143759395029420478e-01
9.201864234206195148e-01
9.205398989117374864e-01
9.142794191604860510e-01
9.342687020965246836e-01
9.209884976630271503e-01
9.152109063698042890e-01
9.155941593592776817e-01
9.141287622177979300e-01
9.152267009064918302e-01
9.298618349338138023e-01
9.397405415573688581e-01
9.148033898269954944e-01
9.159093595076744920e-01
9.166486096511559101e-01
9.145218643189461094e-01
9.144284366641522999e-01
9.214113786375769388e-01
9.155999423145589899e-01
9.141635454842432784e-01
9.181448610127286303e-01
9.269185779080818532e-01
