9.209207407911402798e-01
9.294655178310167187e-01
9.194877520234577828e-01
9.299135850597328723e-01
9.217691314143163783e-01
9.212344692139736724e-01
9.225623562666327437e-01
9.227995274069160647e-01
9.212560803289358002e-01
9.228433687707594535e-01
9.219859430454238058e-01
9.286832897110883778e-01
9.243553651614069278e-01
9.225580605757717212e-01
9.217312767340073432e-01
9.226172101149091587e-01
9.227413649514786265e-01
9.224482429281882778e-01
9.227860419208963050e-01
9.226513131134949086e-01
9.219068779458455820e-01
9.212560181864918318e-01
9.230418437433403067e-01
9.388096254239698402e-01
9.326854582625123680e-01
9.221672565828400447e-01
9.216705476791448026e-01
9.212560842147308193e-01
9.227171833375762411e-01
9.219289299847276409e-01
9.231145606656384617e-01
9.273646080872540720e-01
9.300252209493962141e-01
9.228371242691593146e-01
9.224650015011749415e-01
9.217480471770147510e-01
9.212760021754271555e-01
9.208922943332691347e-01
9.221550166679512994e-01
9.369048998583768828e-01
9.209252112219179498e-01
9.219327102306767996e-01
9.280531579751213345e-01
9.207646073980813028e-01
9.241674567738956680e-01
9.201811911698125623e-01
9.194690589956486804e-01
9.185065183568414948e-01
9.219949550434741736e-01
9.240264157420007285e-01
9.227930643077837392e-01
9.209563135256974009e-01
9.221667741683964303e-01
9.230464692284878758e-01
9.212339564091017730e-01
9.216825874847671685e-01
9.253889224570832628e-01
9.202745250719976955e-01
9.251010754712379880e-01
9.169259873661990135e-01
9.169259873661990135e-01
9.216496581995473614e-01
9.212322549395074445e-01
9.201967641500763406e-01
