9.656370811176990809e-01
9.637868464303381844e-01
9.655045709385254860e-01
9.630378558539917089e-01
9.676466675578601073e-01
9.670254269310124551e-01
9.648581638752840028e-01
9.640603206482878385e-01
9.670290177092172312e-01
9.677933451302375145e-01
9.605710763950597864e-01
9.674517915215523622e-01
9.644858769137342192e-01
9.678147206096014976e-01
9.662653934824553259e-01
9.663171712586415829e-01
9.651006380764546311e-01
9.656410155530157358e-01
9.645494959368383636e-01
9.640484855688308263e-01
9.651776389335325890e-01
9.671379777809391287e-01
9.639374302593565202e-01
9.647694930896174581e-01
9.640525493989272610e-01
9.645347447484394765e-01
9.643827250694810838e-01
9.646319199117922016e-01
9.643879545705641432e-01
9.673955703075787227e-01
9.651747877374537987e-01
9.650758479630666686e-01
9.677878145579830171e-01
9.640506646825020010e-01
9.678646081105739540e-01
9.647508059345610842e-01
9.747044812007614745e-01
9.646684874957333067e-01
9.685209763141198192e-01
9.665703310262117043e-01
9.672172934389221544e-01
9.650457617376464459e-01
9.649259602955309045e-01
9.660328200513174091e-01
9.678924333099587773e-01
9.663875256427189031e-01
9.640380441328069150e-01
9.667081894216918991e-01
9.637370192351901732e-01
9.632135806503812070e-01
9.682189696662605316e-01
9.633845635033844168e-01
9.646024989683664730e-01
9.689515114744238211e-01
9.636517578811015783e-01
9.659942991753364128e-01
9.650394159517293735e-01
9.678412866790988556e-01
9.663744970311686222e-01
9.665497292431519671e-01
9.644765000342969685e-01
9.658723361636832871e-01
9.641546586998159807e-01
9.649627724657297012e-01
