9.658972848599931549e-01
9.625374111959770218e-01
9.635844116360814393e-01
9.627433730877322793e-01
9.684138774985564524e-01
9.690313754435170290e-01
9.632293315415686452e-01
9.624140799710064753e-01
9.634035811390319060e-01
9.623247822368010684e-01
9.730609917224577465e-01
9.652295358775856426e-01
9.679204396601740479e-01
9.637074980039799232e-01
9.623593549236699740e-01
9.649467254266915761e-01
9.634255145843801937e-01
9.716042473222207265e-01
9.633841436406328507e-01
9.638396695959177141e-01
9.637533797368039723e-01
9.639439902905603264e-01
9.665587085164063508e-01
9.674239214296834755e-01
9.650683331572521562e-01
9.626424663313981611e-01
9.687990059120097364e-01
9.629471569507043194e-01
9.671614067959528604e-01
9.608038530341334038e-01
9.622234563769772597e-01
9.608038530341334038e-01
9.601653315468335892e-01
9.669630970206529730e-01
9.678233478103260845e-01
9.594496221003248060e-01
9.710183660098939962e-01
9.623829219861769202e-01
9.628633040817243804e-01
9.644902399737971255e-01
9.636060893062008414e-01
9.626370794251872809e-01
9.624000238820249464e-01
9.676807731327804474e-01
9.625257991943246827e-01
9.623212942361096811e-01
9.597686291221783073e-01
9.656121260947300167e-01
9.628516272407597887e-01
9.641631918497847176e-01
9.625346747142748960e-01
9.623105999071520644e-01
9.651399193600049831e-01
9.662360276638933820e-01
9.651453413972618245e-01
9.627249553305108343e-01
9.635157551394208930e-01
9.665205264568540455e-01
9.630236297620510255e-01
9.646182483616901893e-01
9.613052319252179956e-01
9.608038530341334038e-01
9.593618729928546918e-01
9.620617361337658879e-01
9.619789058668539727e-01
