9.236245292635677506e-01
9.199868946692641991e-01
9.313367955090064987e-01
9.218953179722871871e-01
9.206252963281978952e-01
9.230351621314056842e-01
9.203874284954121077e-01
9.304441939349724633e-01
9.190699036696717839e-01
9.374896388334610364e-01
9.303330139397442133e-01
9.320103603305915918e-01
9.191082548195366186e-01
9.206997483326747611e-01
9.200083838722024066e-01
9.228327400567345462e-01
9.199945786772026901e-01
9.192568528286133578e-01
9.229748497581549138e-01
9.194320063980615521e-01
9.196579626444087996e-01
9.204057027168901506e-01
9.204954266196291313e-01
9.182897802808736021e-01
9.197911382584079698e-01
9.231204594288494603e-01
9.232948144964389092e-01
9.197110510246163662e-01
9.202913233092293588e-01
9.201984941723085898e-01
9.197350510575122984e-01
9.211351957674452917e-01
9.207643889058566566e-01
9.218313069534763704e-01
9.189701465476072251e-01
9.198393611432670314e-01
9.233051145414665761e-01
9.234821659283468653e-01
9.204066061889730754e-01
9.195706072178492230e-01
9.210517473787619425e-01
9.393873490037305540e-01
9.196018249149255919e-01
9.205939865443629744e-01
9.194130356548996241e-01
9.322290901815604158e-01
9.195387293617449664e-01
9.199592487385002126e-01
9.191430957108837063e-01
9.198829634847323078e-01
9.239184558355790777e-01
9.203008168310824466e-01
9.205971747656733761e-01
9.198813377974076610e-01
9.201294500688431688e-01
9.230845417253826790e-01
9.203174179054391946e-01
9.224953687011501202e-01
9.202628520486515473e-01
9.201397436007864306e-01
9.205435915211303000e-01
9.201485229596493287e-01
9.199773548837105741e-01
9.238043066025286576e-01
9.203096904458832883e-01
9.208197829356102870e-01
9.208627792716249649e-01
9.343618263125365031e-01
9.201145354573668778e-01
9.196067969558469057e-01
9.177568219174970787e-01
9.202530079982957911e-01
9.201431491889267011e-01
9.287611950014786899e-01
9.352792652608404866e-01
9.242391095522783928e-01
9.299800281647866429e-01
9.208687359643173975e-01
9.200086460440540792e-01
9.345854515639597793e-01
9.203285158709545444e-01
9.199881809307756120e-01
9.200730686247082790e-01
9.196638830627307248e-01
9.210338880176884846e-01
9.368717714599453794e-01
9.212881783598982910e-01
9.193749540223721262e-01
9.215856476737674940e-01
9.207456442010198971e-01
9.217035578699896980e-01
9.205253650771135776e-01
9.322996816698971845e-01
9.206873487117579469e-01
9.201948635829305667e-01
9.281428895357861641e-01
9.209617775955839525e-01
9.354862282080044222e-01
9.199633137294566110e-01
9.211381734957571066e-01
9.210130934683994353e-01
9.205691139115886878e-01
9.188721344198531593e-01
9.196064597293333032e-01
9.194438783472967947e-01
9.208989443961276278e-01
9.207053850518239768e-01
9.276142549579042829e-01
9.201899988872189740e-01
9.314585532925911959e-01
9.209431839374879747e-01
9.205698240279251987e-01
9.207921645454567594e-01
9.214830237995472739e-01
9.198570504540257708e-01
9.214685323199236500e-01
9.207780205710334176e-01
9.241164001304427167e-01
9.307777323881923914e-01
9.201602900500336357e-01
9.200065436961336607e-01
9.201567324849775353e-01
9.203067918552814142e-01
9.190765027762881623e-01
9.209434609035965780e-01
9.207206832896343007e-01
9.200413848483620649e-01
9.399908491455887249e-01
9.400948769277284178e-01
9.326772710324052751e-01
9.209540622989510483e-01
9.334115221185488309e-01
9.242503632205132380e-01
9.213834424520819244e-01
9.201197951845605516e-01
9.212694533834112631e-01
9.200165700387872292e-01
9.201249515728188166e-01
9.201361788054815971e-01
9.210437468657953763e-01
9.213912776060827481e-01
9.205068190557778030e-01
9.198354118046752070e-01
9.237276669226605064e-01
9.399263068198797644e-01
9.212622666808345517e-01
9.244824975345626861e-01
9.391380481799118662e-01
9.206868203434951381e-01
9.276524634512202105e-01
9.219919936975762287e-01
9.354566119820744152e-01
9.200361031346383500e-01
9.210537780716362422e-01
9.213544537003131030e-01
9.214951539084446086e-01
9.248752450310819828e-01
9.242590883680684710e-01
9.209188628918042463e-01
9.207011253509317372e-01
9.194564884590150644e-01
9.214411635590052940e-01
9.311037254559941800e-01
9.209292919970140101e-01
9.200535376590874836e-01
9.215453655395506871e-01
9.203749546282835592e-01
9.200274400753168935e-01
9.209163221887991524e-01
9.209430841131820422e-01
9.322129564578651717e-01
9.197024495270940125e-01
9.209772200318565583e-01
9.203556621994190001e-01
9.197234041787268888e-01
9.401764987748402191e-01
9.402396661653925625e-01
9.214529598412205535e-01
9.218566507854046854e-01
9.399977847609501946e-01
9.232775995801824065e-01
9.210308044132604621e-01
9.212480298878663598e-01
9.214292011307932961e-01
9.209362834161237688e-01
9.215141424435655537e-01
9.206559485584647762e-01
9.208792326422392538e-01
9.207506502093788514e-01
9.211631232197134977e-01
9.207475385319314753e-01
9.206838206593832563e-01
9.201509643291539975e-01
9.200835484639873219e-01
9.200904519163214390e-01
9.235628260969541703e-01
9.404576699974696030e-01
9.204196704736294921e-01
9.206511443561361530e-01
9.399849465984443375e-01
9.226834561941614776e-01
9.212880631144477750e-01
9.205995405970518464e-01
9.241646200153680324e-01
9.202065605418240368e-01
9.374252634046852384e-01
9.197613794164472001e-01
9.284751040028623725e-01
9.213174414431358761e-01
9.230842770846710010e-01
9.206858396347455953e-01
9.207528075253967881e-01
9.200409155086378687e-01
9.207611018024534077e-01
9.382044058354410687e-01
9.210435252712670939e-01
9.194057713936952814e-01
9.322224244958315920e-01
9.205534308549040423e-01
9.251798152770152051e-01
9.199743889412993481e-01
9.201118171257853806e-01
9.223178382969428046e-01
9.191644095778708223e-01
9.209708353864309860e-01
9.209263394964278815e-01
9.204433301167184167e-01
9.241618139885985350e-01
9.217765882372014330e-01
9.214772417778597235e-01
9.226795621628361976e-01
9.233496470395050615e-01
9.217393198644249219e-01
9.211042260213619937e-01
9.211741485100124471e-01
9.242344013059587970e-01
9.211498240211716260e-01
9.215233913674341082e-01
9.385486330291670232e-01
9.208686495718049203e-01
9.211641524063254316e-01
9.203118880436630400e-01
9.358492749868315697e-01
9.204345110679648112e-01
9.241628074375353163e-01
9.203562942831094995e-01
9.209873072726543208e-01
9.240273935503143798e-01
9.199562282593494178e-01
9.201471895559147907e-01
9.200541724650537212e-01
9.187663574776291364e-01
9.200202205569730785e-01
9.207747456449474344e-01
9.200832995370747946e-01
9.193152402267265044e-01
9.381523810133819419e-01
9.323507654866957095e-01
9.204053896090707010e-01
9.199029953751581834e-01
9.201246311219718477e-01
9.200656665918849342e-01
9.382157259331723731e-01
9.370534852456336994e-01
9.214887909935258747e-01
9.209558982218842837e-01
9.202361832334446934e-01
9.336270971940294761e-01
9.282900290422589906e-01
9.201267502037026036e-01
9.377732341887942136e-01
9.230135793901993457e-01
9.210101547427408386e-01
9.208182202615633472e-01
9.201189364881448007e-01
9.177012760333472796e-01
9.153786026312692448e-01
9.199301163910023060e-01
9.402407534350114560e-01
9.210545429745604640e-01
9.206904830030043785e-01
9.205296831199271113e-01
9.185007380223828566e-01
9.217692914030239937e-01
9.204064001533422967e-01
9.197538427058417065e-01
9.237682558536204347e-01
9.173954852492673950e-01
9.239150992226368153e-01
9.206310015686580694e-01
9.215528266396514345e-01
9.247000973737139473e-01
9.249138495530263571e-01
9.216328837130504104e-01
9.209951048502474924e-01
9.215272347685478094e-01
9.183588466849214038e-01
9.382341006551256912e-01
9.208663626212253428e-01
9.211353841065534898e-01
9.200797815721540873e-01
9.190791637294013494e-01
9.231570866932956587e-01
9.207785200012587046e-01
9.214082912569477868e-01
9.194646265239869720e-01
9.207022333840796380e-01
9.396111665355385556e-01
9.201128858701975721e-01
9.287815194021636911e-01
9.228353133618252269e-01
9.357988318632174396e-01
9.352683721755861157e-01
9.201611926460868673e-01
9.213600573138560623e-01
9.245743022622178175e-01
9.190233447083528961e-01
9.380992117304288724e-01
9.212229214184244341e-01
9.399876550016983412e-01
9.212658339398922536e-01
9.206505427097820826e-01
9.205116529215725540e-01
9.217635641846462224e-01
9.203475222311031656e-01
9.234723412560631450e-01
9.234388035496416958e-01
9.353019373029165529e-01
9.199021187541214228e-01
9.191459416315366227e-01
9.194511023054395826e-01
9.175931943681506775e-01
9.201445962865627548e-01
9.208332480516211449e-01
9.199913653558209337e-01
9.225321736326598243e-01
9.209270871489071419e-01
9.207599548898127706e-01
9.194580166302287472e-01
9.199015069350090501e-01
9.204350031702709378e-01
9.201700514495038119e-01
9.223497183232950425e-01
9.196475321755109844e-01
9.234723445724143387e-01
9.198488183890241032e-01
9.239188796610250387e-01
9.202592750253694165e-01
9.199438361047455048e-01
9.220096418282254236e-01
9.187695399545281472e-01
9.208573605729919453e-01
9.202365026635088707e-01
9.195997119715707546e-01
9.234510235245394494e-01
9.216730790699787512e-01
9.196710202433827641e-01
9.204895095396686822e-01
9.200817756182647633e-01
9.337641494723694091e-01
9.215529651922939047e-01
9.207537675215172746e-01
9.216192176706562433e-01
9.235057302767696319e-01
9.195865503662681295e-01
9.212554909844007378e-01
9.203066539210869035e-01
9.208797493199615269e-01
9.201027836243114155e-01
9.210200967254573712e-01
9.190460756032063916e-01
9.205133982853432872e-01
9.200867158940279067e-01
9.172946434299392715e-01
9.198247928966365450e-01
9.188683083840527566e-01
9.198251411893041407e-01
9.204565611163822991e-01
9.217686805402801609e-01
9.389854336918299627e-01
9.213905147821740416e-01
9.209194002326731576e-01
9.209370615264586002e-01
9.207379150625337738e-01
9.146092720881152660e-01
9.154841781257948563e-01
9.147397530145667810e-01
9.151755628988050839e-01
9.139672181352598290e-01
9.395066886391779670e-01
9.134237140614618333e-01
9.165652209989798571e-01
9.155997558694419780e-01
9.143682058666314783e-01
9.391144918783891349e-01
9.230779984115639047e-01
9.146460248782608549e-01
9.141517234074281184e-01
9.149248298317127492e-01
9.233126088082662664e-01
9.144284366726186386e-01
9.150900512960854494e-01
9.143500446794127212e-01
9.148181603429135222e-01
9.152267009064918302e-01
9.142612375552255921e-01
9.258882982568265030e-01
9.196003272115388372e-01
9.172808432080713503e-01
9.216443576042381292e-01
9.141109523788744085e-01
9.149239266651211233e-01
9.198412990007018841e-01
9.155999423146069516e-01
9.155999422848287717e-01
9.242086749535940449e-01
9.176788112937082076e-01
9.250665943753112463e-01
9.323434994485536587e-01
9.176788112937082076e-01
9.151920577872839635e-01
9.141082497599875012e-01
9.156304299230256794e-01
9.357093705408525697e-01
9.240776075412258095e-01
9.155999423146068406e-01
9.143759395029420478e-01
9.201864234206195148e-01
9.205398989117374864e-01
9.142794191604860510e-01
9.342687020965246836e-01
9.209884976630271503e-01
9.152109063698042890e-01
9.155941593592776817e-01
9.141287622177979300e-01
9.152267009064918302e-01
9.298618349338138023e-01
9.397405415573688581e-01
9.148033898269954944e-01
9.159093595076744920e-01
9.166486096511559101e-01
9.145218643189461094e-01
9.144284366641522999e-01
9.214113786375769388e-01
9.155999423145589899e-01
9.141635454842432784e-01
9.181448610127286303e-01
9.269185779080818532e-01
9.209207407911402798e-01
9.294655178310167187e-01
9.194877520234577828e-01
9.299135850597328723e-01
9.217691314143163783e-01
9.212344692139736724e-01
9.225623562666327437e-01
9.227995274069160647e-01
9.212560803289358002e-01
9.228433687707594535e-01
9.219859430454238058e-01
9.286832897110883778e-01
9.243553651614069278e-01
9.225580605757717212e-01
9.217312767340073432e-01
9.226172101149091587e-01
9.227413649514786265e-01
9.224482429281882778e-01
9.227860419208963050e-01
9.226513131134949086e-01
9.219068779458455820e-01
9.212560181864918318e-01
9.230418437433403067e-01
9.388096254239698402e-01
9.326854582625123680e-01
9.221672565828400447e-01
9.216705476791448026e-01
9.212560842147308193e-01
9.227171833375762411e-01
9.219289299847276409e-01
9.231145606656384617e-01
9.273646080872540720e-01
9.300252209493962141e-01
9.228371242691593146e-01
9.224650015011749415e-01
9.217480471770147510e-01
9.212760021754271555e-01
9.208922943332691347e-01
9.221550166679512994e-01
9.369048998583768828e-01
9.209252112219179498e-01
9.219327102306767996e-01
9.280531579751213345e-01
9.207646073980813028e-01
9.241674567738956680e-01
9.201811911698125623e-01
9.194690589956486804e-01
9.185065183568414948e-01
9.219949550434741736e-01
9.240264157420007285e-01
9.227930643077837392e-01
9.209563135256974009e-01
9.221667741683964303e-01
9.230464692284878758e-01
9.212339564091017730e-01
9.216825874847671685e-01
9.253889224570832628e-01
9.202745250719976955e-01
9.251010754712379880e-01
9.169259873661990135e-01
9.169259873661990135e-01
9.216496581995473614e-01
9.212322549395074445e-01
9.201967641500763406e-01
9.656370811176990809e-01
9.637868464303381844e-01
9.655045709385254860e-01
9.630378558539917089e-01
9.676466675578601073e-01
9.670254269310124551e-01
9.648581638752840028e-01
9.640603206482878385e-01
9.670290177092172312e-01
9.677933451302375145e-01
9.605710763950597864e-01
9.674517915215523622e-01
9.644858769137342192e-01
9.678147206096014976e-01
9.662653934824553259e-01
9.663171712586415829e-01
9.651006380764546311e-01
9.656410155530157358e-01
9.645494959368383636e-01
9.640484855688308263e-01
9.651776389335325890e-01
9.671379777809391287e-01
9.639374302593565202e-01
9.647694930896174581e-01
9.640525493989272610e-01
9.645347447484394765e-01
9.643827250694810838e-01
9.646319199117922016e-01
9.643879545705641432e-01
9.673955703075787227e-01
9.651747877374537987e-01
9.650758479630666686e-01
9.677878145579830171e-01
9.640506646825020010e-01
9.678646081105739540e-01
9.647508059345610842e-01
9.747044812007614745e-01
9.646684874957333067e-01
9.685209763141198192e-01
9.665703310262117043e-01
9.672172934389221544e-01
9.650457617376464459e-01
9.649259602955309045e-01
9.660328200513174091e-01
9.678924333099587773e-01
9.663875256427189031e-01
9.640380441328069150e-01
9.667081894216918991e-01
9.637370192351901732e-01
9.632135806503812070e-01
9.682189696662605316e-01
9.633845635033844168e-01
9.646024989683664730e-01
9.689515114744238211e-01
9.636517578811015783e-01
9.659942991753364128e-01
9.650394159517293735e-01
9.678412866790988556e-01
9.663744970311686222e-01
9.665497292431519671e-01
9.644765000342969685e-01
9.658723361636832871e-01
9.641546586998159807e-01
9.649627724657297012e-01
9.658972848599931549e-01
9.625374111959770218e-01
9.635844116360814393e-01
9.627433730877322793e-01
9.684138774985564524e-01
9.690313754435170290e-01
9.632293315415686452e-01
9.624140799710064753e-01
9.634035811390319060e-01
9.623247822368010684e-01
9.730609917224577465e-01
9.652295358775856426e-01
9.679204396601740479e-01
9.637074980039799232e-01
9.623593549236699740e-01
9.649467254266915761e-01
9.634255145843801937e-01
9.716042473222207265e-01
9.633841436406328507e-01
9.638396695959177141e-01
9.637533797368039723e-01
9.639439902905603264e-01
9.665587085164063508e-01
9.674239214296834755e-01
9.650683331572521562e-01
9.626424663313981611e-01
9.687990059120097364e-01
9.629471569507043194e-01
9.671614067959528604e-01
9.608038530341334038e-01
9.622234563769772597e-01
9.608038530341334038e-01
9.601653315468335892e-01
9.669630970206529730e-01
9.678233478103260845e-01
9.594496221003248060e-01
9.710183660098939962e-01
9.623829219861769202e-01
9.628633040817243804e-01
9.644902399737971255e-01
9.636060893062008414e-01
9.626370794251872809e-01
9.624000238820249464e-01
9.676807731327804474e-01
9.625257991943246827e-01
9.623212942361096811e-01
9.597686291221783073e-01
9.656121260947300167e-01
9.628516272407597887e-01
9.641631918497847176e-01
9.625346747142748960e-01
9.623105999071520644e-01
9.651399193600049831e-01
9.662360276638933820e-01
9.651453413972618245e-01
9.627249553305108343e-01
9.635157551394208930e-01
9.665205264568540455e-01
9.630236297620510255e-01
9.646182483616901893e-01
9.613052319252179956e-01
9.608038530341334038e-01
9.593618729928546918e-01
9.620617361337658879e-01
9.619789058668539727e-01
