1.783247027527622340e-11
1.783247027546483027e-11
1.783247024259897675e-11
1.783247024157087203e-11
1.783247027527666930e-11
1.783247027549225971e-11
1.783247024259897675e-11
1.783246990881983811e-11
1.783247027527622340e-11
1.783247024259897675e-11
1.783247024157087203e-11
1.783247024259897675e-11
1.783247024157087203e-11
1.783247024259897675e-11
1.783247024334382704e-11
1.783247024157087203e-11
1.783247024481248945e-11
1.783247024259897675e-11
1.783247027527622340e-11
1.783247024048220541e-11
1.783247024259897675e-11
1.783247027527622340e-11
1.783247018612970540e-11
1.783247024157087203e-11
1.783247024259897675e-11
1.783247024157087203e-11
1.783247024259897675e-11
1.783247024259897675e-11
1.783247027527622340e-11
1.783247028793827770e-11
1.783247024157087203e-11
1.783247024259897675e-11
1.783247027527622340e-11
1.783247024157087203e-11
1.783247024481255408e-11
1.783247027549200768e-11
1.783247027549225971e-11
1.783247024157087203e-11
1.783247027527622340e-11
