1.783247024259897675e-11
1.215958923889827743e-10
1.783247024259897675e-11
1.783247024157093665e-11
1.783247024259897675e-11
1.783247027527673069e-11
1.783247024157093665e-11
1.783247024259897675e-11
1.783247024259897675e-11
1.783247027546483027e-11
1.783247027546483027e-11
1.783247027549232433e-11
1.783247024481255408e-11
1.783247027527628802e-11
1.783247024260024337e-11
1.783247027527673069e-11
1.783247027527673069e-11
1.783247027527628802e-11
1.783247019736997516e-11
1.783247024259897675e-11
1.783247024456420602e-11
1.783247027524511688e-11
1.783247027527628802e-11
1.783247027527628802e-11
1.783247024157093665e-11
1.783247024157093665e-11
1.783247024481255408e-11
1.783247027527673069e-11
1.783247024259897675e-11
1.783247024481255408e-11
1.783247024259897675e-11
1.783247024259897675e-11
1.783247024259897675e-11
1.783247024259897675e-11
1.783247024259897675e-11
1.783247024259897675e-11
1.783247027549232433e-11
1.783247024157195124e-11
1.783247027598027365e-11
