1.783247027629450858e-11
1.783247027408093126e-11
1.783247027408093126e-11
1.783247027408093126e-11
1.783247027408093126e-11
1.783247030697415283e-11
1.783247030675874982e-11
1.783247027408093126e-11
1.783247028489425951e-11
1.783247027408093126e-11
1.783247027408093126e-11
1.783247027408093126e-11
1.783247030675811651e-11
1.783247027408093126e-11
1.783247027408093126e-11
1.783247030675811651e-11
1.783247020775180271e-11
1.783247030675874982e-11
1.783247027408093126e-11
1.783247027408093126e-11
1.783247027629450858e-11
1.783247030675874982e-11
1.783247030675811651e-11
1.783247027408093126e-11
1.783247027408093126e-11
1.783247027408093126e-11
1.783247027408093126e-11
1.783247027408093126e-11
1.783247030675811651e-11
1.783247027408093126e-11
1.783247030675874982e-11
1.783247027408093126e-11
1.783247030675811651e-11
1.783247030675811651e-11
1.783247027305295578e-11
1.783247030675811651e-11
1.783247027408093126e-11
1.783247030675874982e-11
1.783247030675811651e-11
