1.783247018083156510e-11
1.783247014815387255e-11
1.783247015036751450e-11
1.783247018083105781e-11
1.783247015226919950e-11
1.783247014712583246e-11
1.783247014815387255e-11
1.783247018083105781e-11
1.783247015036751450e-11
1.783247014815387255e-11
1.783247014815387255e-11
1.783247014815387255e-11
1.783247014815387255e-11
1.783247018083156510e-11
1.783247014815387255e-11
1.783247014815387255e-11
1.783247014815387255e-11
1.783247018083156510e-11
1.783247014815387255e-11
1.783247014815387255e-11
1.783247014815387255e-11
1.783247014815387255e-11
1.783247009987242910e-11
1.783247014815387255e-11
1.783247015835508069e-11
1.783247014815387255e-11
1.783247014815387255e-11
1.783247014815387255e-11
1.783247018083156510e-11
1.783247018058644822e-11
1.783247014815387255e-11
1.783247018104709412e-11
1.783247014815387255e-11
1.783247018083156510e-11
1.783247014815387255e-11
1.783247018083105781e-11
1.783247014815387255e-11
1.783247018083156510e-11
1.783247015036751450e-11
1.783247018101972608e-11
