1.783247027527692133e-11
1.783247027527628802e-11
1.783247024157112729e-11
1.783247027527692133e-11
1.783247027527628802e-11
1.783247024259910277e-11
1.783247027527628802e-11
1.783247024259910277e-11
1.783247027527628802e-11
1.783247024259910277e-11
1.783247024259910277e-11
1.783247027527628802e-11
1.783247024259910277e-11
1.783247024157112729e-11
1.783247024259910277e-11
1.783247024259910277e-11
1.783247024259916739e-11
1.783247024481274471e-11
1.783247024259910277e-11
1.783247024259910277e-11
1.783247027527692133e-11
1.783247027527692133e-11
1.783247024157112729e-11
1.783247027560914744e-11
1.783247027527628802e-11
1.783247024259910277e-11
1.783247027527628802e-11
1.783247024291980004e-11
1.783247018612976679e-11
1.783247027527692133e-11
1.783247518506551457e-11
1.783247027527692133e-11
1.783247024481274471e-11
1.783247027527628802e-11
1.783247027405787037e-11
1.783247027533317931e-11
1.783247024259910277e-11
1.783247024481274471e-11
1.783247024259910277e-11
