1.783247014713387808e-11
1.783247014712551580e-11
1.783247018083080578e-11
1.783247014815362052e-11
1.783247018083131307e-11
1.783247024661129063e-11
1.783247018083080578e-11
1.783247018083131307e-11
1.783247014815362052e-11
1.783247014815362052e-11
1.783247014815362052e-11
1.783247014815362052e-11
1.783247014815362052e-11
1.783247014815362052e-11
1.783247014815362052e-11
1.783247018083131307e-11
1.783247015032272396e-11
1.783247014815362052e-11
1.783247014815362052e-11
1.783247014815362052e-11
1.783247014815362052e-11
1.783247014815362052e-11
1.783247014901117417e-11
1.783247014712551580e-11
1.783247014815362052e-11
1.783247014815362052e-11
1.783247014712551580e-11
1.783247018083080578e-11
1.783247018088978763e-11
1.783247014883904306e-11
1.783247018083131307e-11
1.783247018083131307e-11
1.783247014712614911e-11
1.783247018083131307e-11
1.783247014815362052e-11
1.783247014815362052e-11
1.783247014815362052e-11
1.783247009168409390e-11
1.783247015036719785e-11
