1.783247024390501093e-11
1.783247024493508020e-11
1.783247021111322238e-11
1.783247021111322238e-11
1.783247024379040441e-11
1.783247024379091170e-11
1.978979158489808555e-11
1.783247021111322238e-11
1.783247021111322238e-11
1.783247024379091170e-11
1.783247021111322238e-11
1.783247021072194980e-11
1.783247021111322238e-11
1.783247021111322238e-11
1.783247021111322238e-11
1.783247024379091170e-11
1.783247021008518228e-11
1.783247021111322238e-11
1.783247021113552072e-11
1.783247025484264245e-11
1.783247024379040441e-11
1.783247021111322238e-11
1.783247021111322238e-11
1.783247021111322238e-11
1.783247021111322238e-11
1.783247021332679648e-11
1.783247021332679648e-11
1.783247021111322238e-11
1.783247021111322238e-11
1.783247015464407704e-11
1.783247024379091170e-11
1.783247021111322238e-11
1.783247015464407704e-11
1.783247021111322238e-11
1.783247021332679648e-11
1.783247021111322238e-11
1.783247066378983209e-11
1.783247024397907267e-11
1.783247021111322238e-11
1.783247021111322238e-11
