1.783247017963582706e-11
1.783247017963582706e-11
1.783247021276029085e-11
1.783247017860772557e-11
1.783247017963582706e-11
1.783247017963582706e-11
1.783247021250161596e-11
1.783247017963582706e-11
1.783247021231351961e-11
1.783247021231301232e-11
1.783247017963582706e-11
1.783247021231351961e-11
1.783247017963582706e-11
1.783247021231351961e-11
1.783247017963582706e-11
1.783247017963582706e-11
1.783247017860772557e-11
1.783247017963582706e-11
1.783247021231301232e-11
1.783247021250155457e-11
1.783247019659680686e-11
1.783247017860772557e-11
1.783247017963582706e-11
1.783247021231351961e-11
1.783247017963582706e-11
1.783247017963582706e-11
1.783247017963582706e-11
1.783247017963582706e-11
1.783247017963582706e-11
1.783247021250161596e-11
1.783247021231351961e-11
1.783247137287001056e-11
1.783247017963582706e-11
1.783247021252904863e-11
1.783247017963582706e-11
1.783247017963582706e-11
1.783247017963582706e-11
1.783247017963582706e-11
1.783247017963582706e-11
