1.783247024400023363e-11
1.783247024379572615e-11
1.783247021008999673e-11
1.783247021111803683e-11
1.783247021111803683e-11
1.783247021111803683e-11
1.783247021111803683e-11
1.783247024398331844e-11
1.783247021008999673e-11
1.783247021111803683e-11
1.783247024405364171e-11
1.783247024379572615e-11
1.783247024398388712e-11
1.783247021111803683e-11
1.783247021111803683e-11
1.783247021111803683e-11
1.783247024379572615e-11
1.783247021111803683e-11
1.783247024398388712e-11
1.783383489579425688e-11
1.783247021114236434e-11
1.783247024379572615e-11
1.783247024379572615e-11
1.783247024379528348e-11
1.783247024379572615e-11
1.783247021111803683e-11
1.783247024379528348e-11
1.783247021111803683e-11
1.783247024361535877e-11
1.783247021111803683e-11
1.783247024379572615e-11
1.783247021008999673e-11
1.783247024398388712e-11
9.004930608442487017e-10
1.783247024401131979e-11
1.783247021008999673e-11
1.783247021111803683e-11
1.783247024379572615e-11
1.783247024398388712e-11
