1.783247021333161416e-11
1.783247024378254942e-11
1.783247021111803683e-11
1.783247024379528348e-11
1.783247021111803683e-11
1.783247024379522209e-11
1.783247021111803683e-11
1.783247024398382573e-11
1.783247024379522209e-11
1.783247024379572615e-11
1.783247024379572615e-11
4.320875357694968458e-11
1.783247021111803683e-11
1.783247021111803683e-11
1.783247024379572615e-11
1.783247024379522209e-11
1.783247015464876548e-11
1.783247024379572615e-11
1.783247024879300211e-11
1.783247024379522209e-11
1.783247021111803683e-11
1.783247021111803683e-11
1.783247024344481093e-11
1.783247021111803683e-11
1.783247024379522209e-11
1.783247021111803683e-11
1.783247021111803683e-11
1.783247021333161416e-11
1.783247024379572615e-11
1.783247024379572615e-11
1.783247021111803683e-11
1.783247021111803683e-11
1.783247021111803683e-11
1.783247024391229723e-11
1.783247024379522209e-11
1.783247024398382573e-11
1.783247021111803683e-11
1.783247021111803683e-11
1.783247021111803683e-11
1.783247015464876548e-11
