1.783247027527622340e-11
1.783247027546483027e-11
1.783247024259897675e-11
1.783247024157087203e-11
1.783247027527666930e-11
1.783247027549225971e-11
1.783247024259897675e-11
1.783246990881983811e-11
1.783247027527622340e-11
1.783247024259897675e-11
1.783247024157087203e-11
1.783247024259897675e-11
1.783247024157087203e-11
1.783247024259897675e-11
1.783247024334382704e-11
1.783247024157087203e-11
1.783247024481248945e-11
1.783247024259897675e-11
1.783247027527622340e-11
1.783247024048220541e-11
1.783247024259897675e-11
1.783247027527622340e-11
1.783247018612970540e-11
1.783247024157087203e-11
1.783247024259897675e-11
1.783247024157087203e-11
1.783247024259897675e-11
1.783247024259897675e-11
1.783247027527622340e-11
1.783247028793827770e-11
1.783247024157087203e-11
1.783247024259897675e-11
1.783247027527622340e-11
1.783247024157087203e-11
1.783247024481255408e-11
1.783247027549200768e-11
1.783247027549225971e-11
1.783247024157087203e-11
1.783247027527622340e-11
1.783247024259897675e-11
1.215958923889827743e-10
1.783247024259897675e-11
1.783247024157093665e-11
1.783247024259897675e-11
1.783247027527673069e-11
1.783247024157093665e-11
1.783247024259897675e-11
1.783247024259897675e-11
1.783247027546483027e-11
1.783247027546483027e-11
1.783247027549232433e-11
1.783247024481255408e-11
1.783247027527628802e-11
1.783247024260024337e-11
1.783247027527673069e-11
1.783247027527673069e-11
1.783247027527628802e-11
1.783247019736997516e-11
1.783247024259897675e-11
1.783247024456420602e-11
1.783247027524511688e-11
1.783247027527628802e-11
1.783247027527628802e-11
1.783247024157093665e-11
1.783247024157093665e-11
1.783247024481255408e-11
1.783247027527673069e-11
1.783247024259897675e-11
1.783247024481255408e-11
1.783247024259897675e-11
1.783247024259897675e-11
1.783247024259897675e-11
1.783247024259897675e-11
1.783247024259897675e-11
1.783247024259897675e-11
1.783247027549232433e-11
1.783247024157195124e-11
1.783247027598027365e-11
1.783247027629450858e-11
1.783247027408093126e-11
1.783247027408093126e-11
1.783247027408093126e-11
1.783247027408093126e-11
1.783247030697415283e-11
1.783247030675874982e-11
1.783247027408093126e-11
1.783247028489425951e-11
1.783247027408093126e-11
1.783247027408093126e-11
1.783247027408093126e-11
1.783247030675811651e-11
1.783247027408093126e-11
1.783247027408093126e-11
1.783247030675811651e-11
1.783247020775180271e-11
1.783247030675874982e-11
1.783247027408093126e-11
1.783247027408093126e-11
1.783247027629450858e-11
1.783247030675874982e-11
1.783247030675811651e-11
1.783247027408093126e-11
1.783247027408093126e-11
1.783247027408093126e-11
1.783247027408093126e-11
1.783247027408093126e-11
1.783247030675811651e-11
1.783247027408093126e-11
1.783247030675874982e-11
1.783247027408093126e-11
1.783247030675811651e-11
1.783247030675811651e-11
1.783247027305295578e-11
1.783247030675811651e-11
1.783247027408093126e-11
1.783247030675874982e-11
1.783247030675811651e-11
1.783247018083156510e-11
1.783247014815387255e-11
1.783247015036751450e-11
1.783247018083105781e-11
1.783247015226919950e-11
1.783247014712583246e-11
1.783247014815387255e-11
1.783247018083105781e-11
1.783247015036751450e-11
1.783247014815387255e-11
1.783247014815387255e-11
1.783247014815387255e-11
1.783247014815387255e-11
1.783247018083156510e-11
1.783247014815387255e-11
1.783247014815387255e-11
1.783247014815387255e-11
1.783247018083156510e-11
1.783247014815387255e-11
1.783247014815387255e-11
1.783247014815387255e-11
1.783247014815387255e-11
1.783247009987242910e-11
1.783247014815387255e-11
1.783247015835508069e-11
1.783247014815387255e-11
1.783247014815387255e-11
1.783247014815387255e-11
1.783247018083156510e-11
1.783247018058644822e-11
1.783247014815387255e-11
1.783247018104709412e-11
1.783247014815387255e-11
1.783247018083156510e-11
1.783247014815387255e-11
1.783247018083105781e-11
1.783247014815387255e-11
1.783247018083156510e-11
1.783247015036751450e-11
1.783247018101972608e-11
1.783247027527692133e-11
1.783247027527628802e-11
1.783247024157112729e-11
1.783247027527692133e-11
1.783247027527628802e-11
1.783247024259910277e-11
1.783247027527628802e-11
1.783247024259910277e-11
1.783247027527628802e-11
1.783247024259910277e-11
1.783247024259910277e-11
1.783247027527628802e-11
1.783247024259910277e-11
1.783247024157112729e-11
1.783247024259910277e-11
1.783247024259910277e-11
1.783247024259916739e-11
1.783247024481274471e-11
1.783247024259910277e-11
1.783247024259910277e-11
1.783247027527692133e-11
1.783247027527692133e-11
1.783247024157112729e-11
1.783247027560914744e-11
1.783247027527628802e-11
1.783247024259910277e-11
1.783247027527628802e-11
1.783247024291980004e-11
1.783247018612976679e-11
1.783247027527692133e-11
1.783247518506551457e-11
1.783247027527692133e-11
1.783247024481274471e-11
1.783247027527628802e-11
1.783247027405787037e-11
1.783247027533317931e-11
1.783247024259910277e-11
1.783247024481274471e-11
1.783247024259910277e-11
1.783247014713387808e-11
1.783247014712551580e-11
1.783247018083080578e-11
1.783247014815362052e-11
1.783247018083131307e-11
1.783247024661129063e-11
1.783247018083080578e-11
1.783247018083131307e-11
1.783247014815362052e-11
1.783247014815362052e-11
1.783247014815362052e-11
1.783247014815362052e-11
1.783247014815362052e-11
1.783247014815362052e-11
1.783247014815362052e-11
1.783247018083131307e-11
1.783247015032272396e-11
1.783247014815362052e-11
1.783247014815362052e-11
1.783247014815362052e-11
1.783247014815362052e-11
1.783247014815362052e-11
1.783247014901117417e-11
1.783247014712551580e-11
1.783247014815362052e-11
1.783247014815362052e-11
1.783247014712551580e-11
1.783247018083080578e-11
1.783247018088978763e-11
1.783247014883904306e-11
1.783247018083131307e-11
1.783247018083131307e-11
1.783247014712614911e-11
1.783247018083131307e-11
1.783247014815362052e-11
1.783247014815362052e-11
1.783247014815362052e-11
1.783247009168409390e-11
1.783247015036719785e-11
1.783247024390501093e-11
1.783247024493508020e-11
1.783247021111322238e-11
1.783247021111322238e-11
1.783247024379040441e-11
1.783247024379091170e-11
1.978979158489808555e-11
1.783247021111322238e-11
1.783247021111322238e-11
1.783247024379091170e-11
1.783247021111322238e-11
1.783247021072194980e-11
1.783247021111322238e-11
1.783247021111322238e-11
1.783247021111322238e-11
1.783247024379091170e-11
1.783247021008518228e-11
1.783247021111322238e-11
1.783247021113552072e-11
1.783247025484264245e-11
1.783247024379040441e-11
1.783247021111322238e-11
1.783247021111322238e-11
1.783247021111322238e-11
1.783247021111322238e-11
1.783247021332679648e-11
1.783247021332679648e-11
1.783247021111322238e-11
1.783247021111322238e-11
1.783247015464407704e-11
1.783247024379091170e-11
1.783247021111322238e-11
1.783247015464407704e-11
1.783247021111322238e-11
1.783247021332679648e-11
1.783247021111322238e-11
1.783247066378983209e-11
1.783247024397907267e-11
1.783247021111322238e-11
1.783247021111322238e-11
1.783247017963582706e-11
1.783247017963582706e-11
1.783247021276029085e-11
1.783247017860772557e-11
1.783247017963582706e-11
1.783247017963582706e-11
1.783247021250161596e-11
1.783247017963582706e-11
1.783247021231351961e-11
1.783247021231301232e-11
1.783247017963582706e-11
1.783247021231351961e-11
1.783247017963582706e-11
1.783247021231351961e-11
1.783247017963582706e-11
1.783247017963582706e-11
1.783247017860772557e-11
1.783247017963582706e-11
1.783247021231301232e-11
1.783247021250155457e-11
1.783247019659680686e-11
1.783247017860772557e-11
1.783247017963582706e-11
1.783247021231351961e-11
1.783247017963582706e-11
1.783247017963582706e-11
1.783247017963582706e-11
1.783247017963582706e-11
1.783247017963582706e-11
1.783247021250161596e-11
1.783247021231351961e-11
1.783247137287001056e-11
1.783247017963582706e-11
1.783247021252904863e-11
1.783247017963582706e-11
1.783247017963582706e-11
1.783247017963582706e-11
1.783247017963582706e-11
1.783247017963582706e-11
1.783247024400023363e-11
1.783247024379572615e-11
1.783247021008999673e-11
1.783247021111803683e-11
1.783247021111803683e-11
1.783247021111803683e-11
1.783247021111803683e-11
1.783247024398331844e-11
1.783247021008999673e-11
1.783247021111803683e-11
1.783247024405364171e-11
1.783247024379572615e-11
1.783247024398388712e-11
1.783247021111803683e-11
1.783247021111803683e-11
1.783247021111803683e-11
1.783247024379572615e-11
1.783247021111803683e-11
1.783247024398388712e-11
1.783383489579425688e-11
1.783247021114236434e-11
1.783247024379572615e-11
1.783247024379572615e-11
1.783247024379528348e-11
1.783247024379572615e-11
1.783247021111803683e-11
1.783247024379528348e-11
1.783247021111803683e-11
1.783247024361535877e-11
1.783247021111803683e-11
1.783247024379572615e-11
1.783247021008999673e-11
1.783247024398388712e-11
9.004930608442487017e-10
1.783247024401131979e-11
1.783247021008999673e-11
1.783247021111803683e-11
1.783247024379572615e-11
1.783247024398388712e-11
1.783247021333161416e-11
1.783247024378254942e-11
1.783247021111803683e-11
1.783247024379528348e-11
1.783247021111803683e-11
1.783247024379522209e-11
1.783247021111803683e-11
1.783247024398382573e-11
1.783247024379522209e-11
1.783247024379572615e-11
1.783247024379572615e-11
4.320875357694968458e-11
1.783247021111803683e-11
1.783247021111803683e-11
1.783247024379572615e-11
1.783247024379522209e-11
1.783247015464876548e-11
1.783247024379572615e-11
1.783247024879300211e-11
1.783247024379522209e-11
1.783247021111803683e-11
1.783247021111803683e-11
1.783247024344481093e-11
1.783247021111803683e-11
1.783247024379522209e-11
1.783247021111803683e-11
1.783247021111803683e-11
1.783247021333161416e-11
1.783247024379572615e-11
1.783247024379572615e-11
1.783247021111803683e-11
1.783247021111803683e-11
1.783247021111803683e-11
1.783247024391229723e-11
1.783247024379522209e-11
1.783247024398382573e-11
1.783247021111803683e-11
1.783247021111803683e-11
1.783247021111803683e-11
1.783247015464876548e-11
