1.081603590911352105e-11
1.081601943188487936e-11
1.388009972847396474e-11
1.081603429910489805e-11
1.081603769239895002e-11
1.388009972847396474e-11
1.388009972847396474e-11
1.081606523699472033e-11
1.081603590911352105e-11
1.388009972847396474e-11
1.388009972847396474e-11
1.388009972847396474e-11
1.388009972847396474e-11
1.388009972847396474e-11
1.388009972847396474e-11
1.388009972847396474e-11
1.081603769239895002e-11
1.388009972847396474e-11
1.081603590911352105e-11
1.081603397271648248e-11
1.388009972847396474e-11
1.388011177141918575e-11
1.081603397271648248e-11
1.081603397271648248e-11
1.388009972847396474e-11
1.081603662575887692e-11
1.388009972847396474e-11
1.081603397271648248e-11
1.081613826718537495e-11
1.081603590911355982e-11
1.388009972847396474e-11
1.388009972847396474e-11
1.081603590911352105e-11
1.388009972847396474e-11
1.081603397271663596e-11
1.081603590911352105e-11
1.081603769239895002e-11
1.081603499257675998e-11
1.081603769239895002e-11
