2.281101392549856926e-28
1.000000000000000000e+00
4.860037175961520564e-49
4.743115527741900189e-38
2.013609516059614180e-50
1.000000000000000000e+00
1.000000000000000000e+00
7.098779972149888115e-49
7.369466312240596495e-46
1.000000000000000000e+00
4.675727924603889711e-49
7.648369606202441349e-51
1.000000000000000000e+00
4.808046660003141148e-45
1.000000000000000000e+00
1.000000000000000000e+00
6.972653444810474374e-48
1.779401206514457548e-47
1.000000000000000000e+00
7.812107784555093931e-45
1.000000000000000000e+00
2.585178940663001096e-48
3.134873210647491474e-44
7.175110972215006010e-37
1.285573672140308833e-46
1.000000000000000000e+00
1.000000000000000000e+00
7.730863521547372977e-49
1.000000000000000000e+00
1.000000000000000000e+00
7.734211841720471410e-48
1.000000000000000000e+00
6.465462433887222265e-33
2.636232797041111821e-46
1.967494731042926583e-49
4.905368122418245117e-46
1.000000000000000000e+00
1.000000000000000000e+00
2.761357493600636980e-47
2.328645008318236125e-45
1.000000000000000000e+00
1.000000000000000000e+00
1.465069443323475428e-47
1.716757444654198631e-46
1.000000000000000000e+00
1.000999223577379009e-47
9.999999999719630939e-01
9.999748453283172633e-01
1.000000000000000000e+00
5.641725890850967455e-48
1.169425286793295027e-15
2.245763836971478538e-44
1.000000000000000000e+00
3.379704735107097712e-49
5.863859338894969876e-43
1.669590092069655364e-45
6.075221775900245562e-42
1.000000000000000000e+00
2.935750921279757395e-48
1.000000000000000000e+00
