1.000000000000000000e+00
9.226952040689594550e-49
1.498141377559851441e-42
4.125062498445587350e-46
1.847739652379562242e-50
1.000000000000000000e+00
1.000000000000000000e+00
1.000000000000000000e+00
1.000000000000000000e+00
1.000000000000000000e+00
1.000000000000000000e+00
1.674464233624136643e-48
1.000000000000000000e+00
2.504554804143536483e-37
2.011686354687778943e-49
9.999835511414281175e-01
1.000000000000000000e+00
7.886322153709257600e-46
5.511674905021515979e-26
1.161542653435066207e-41
6.172083374240009484e-44
6.910601227633750068e-52
8.149077326913996916e-40
2.708962842380614274e-49
2.250207793526009355e-33
5.135362736553750371e-49
1.000000000000000000e+00
2.785620993763045946e-45
1.000000000000000000e+00
1.000000000000000000e+00
1.000000000000000000e+00
1.000000000000000000e+00
1.000000000000000000e+00
1.000000000000000000e+00
1.000000000000000000e+00
1.484851272447781398e-36
7.652925284109276792e-52
1.000000000000000000e+00
6.626802142070572499e-27
1.000000000000000000e+00
1.072900066866841841e-43
1.000000000000000000e+00
9.359518707644116342e-34
1.888766758215214557e-51
1.000000000000000000e+00
1.846778261401035166e-43
1.042981032772134092e-46
1.000000000000000000e+00
2.417807997817955616e-46
2.418170222728441440e-49
5.511665527294653205e-49
1.601604074242973573e-39
1.000000000000000000e+00
1.000000000000000000e+00
4.576792430237320281e-52
3.471747212148905873e-42
1.825924063720615209e-31
1.000000000000000000e+00
9.999999999999864553e-01
3.677754892634874002e-48
