1.000000000000000000e+00
6.385506446088989426e-41
1.000000000000000000e+00
1.612321067612773655e-35
1.000000000000000000e+00
5.541946535308558870e-40
3.821423715541801547e-43
4.252714080109252315e-47
1.000000000000000000e+00
3.134603838865926099e-46
3.221094634209508987e-32
9.534274280798757760e-49
4.440408862374474873e-47
3.637958704780890236e-10
9.999999999816076013e-01
2.581178722923056966e-47
3.420918547987719612e-32
1.000000000000000000e+00
1.000000000000000000e+00
1.000000000000000000e+00
5.252492732146354180e-42
1.000000000000000000e+00
1.000000000000000000e+00
1.000000000000000000e+00
1.000000000000000000e+00
1.454480590880718008e-46
9.273077721496123870e-46
1.000000000000000000e+00
1.384356861472210083e-27
1.651914868040592354e-39
1.000000000000000000e+00
1.599973568886308551e-50
7.897872340728307092e-14
2.094400977604184940e-42
1.000000000000000000e+00
6.949273718470126459e-45
1.000000000000000000e+00
1.000000000000000000e+00
9.999999999999131806e-01
1.000000000000000000e+00
2.668339742227377828e-37
6.866679438519452411e-47
3.863453664742816838e-49
1.000000000000000000e+00
1.000000000000000000e+00
1.000000000000000000e+00
1.202010794845388603e-49
1.000000000000000000e+00
4.721167889522743356e-47
1.000000000000000000e+00
6.563171947846116619e-21
1.000000000000000000e+00
4.706787005752734228e-50
1.000000000000000000e+00
8.620565918204066900e-45
1.000000000000000000e+00
4.062878890542279429e-49
7.664562700713638127e-20
1.106603516603243958e-43
1.000000000000000000e+00
