1.159681364775359257e-46
1.000000000000000000e+00
1.865038879556182607e-49
1.328888145757954171e-43
9.999927458999562369e-01
1.000000000000000000e+00
4.913854249099315624e-51
9.346709632987284484e-51
7.764446308218692346e-20
1.000000000000000000e+00
1.680857411163036212e-49
1.000000000000000000e+00
1.000000000000000000e+00
1.000000000000000000e+00
1.000000000000000000e+00
9.111263040329848056e-49
1.463500818441668259e-45
4.303013594223797482e-46
4.774671772386416629e-50
1.000000000000000000e+00
1.000000000000000000e+00
1.000000000000000000e+00
1.000000000000000000e+00
1.000000000000000000e+00
1.000000000000000000e+00
4.700260837108666142e-52
1.000000000000000000e+00
2.676313547282075612e-37
1.000000000000000000e+00
1.000000000000000000e+00
1.058501253857716453e-51
2.258840888386960242e-47
2.563398488596457541e-49
1.000000000000000000e+00
6.859296453760842837e-40
1.000000000000000000e+00
2.735036791021713479e-21
1.000000000000000000e+00
1.000000000000000000e+00
1.000000000000000000e+00
3.015148882245276416e-35
1.000000000000000000e+00
1.000000000000000000e+00
1.000000000000000000e+00
4.202266157980188273e-49
5.197202435795314285e-47
1.000000000000000000e+00
5.391189513634413862e-45
2.252111476720458080e-48
6.521969700102436529e-49
1.000000000000000000e+00
6.234717129189908671e-50
6.077772572984152217e-44
5.810084858703921486e-51
1.000000000000000000e+00
1.000000000000000000e+00
1.000000000000000000e+00
1.000000000000000000e+00
1.000000000000000000e+00
1.000000000000000000e+00
