1.000000000000000000e+00
1.498902568615447884e-44
5.740005798562443951e-34
8.953217267652042590e-45
1.984881291027731646e-48
4.801829368280529061e-30
6.104024468185134816e-47
1.000000000000000000e+00
6.418000387169883418e-48
1.000000000000000000e+00
9.999999986973047150e-01
2.660667149382022710e-38
1.000000000000000000e+00
4.204675460657301502e-48
2.773159605869057751e-36
1.000000000000000000e+00
8.804977701651745083e-49
1.928619521384286562e-04
1.817303099698646209e-47
1.000000000000000000e+00
1.000000000000000000e+00
1.019933891102875564e-40
7.752119286581866777e-38
2.196790689380931351e-25
2.883759375049994426e-43
6.138597818375587640e-44
5.247930294849289187e-23
1.000000000000000000e+00
2.262602123510474833e-32
7.399130562939942379e-08
3.683142117305839682e-42
7.176252892030480236e-49
1.000000000000000000e+00
1.000000000000000000e+00
1.000000000000000000e+00
1.000000000000000000e+00
1.000000000000000000e+00
1.000000000000000000e+00
1.566107697106899489e-46
4.366395613991603274e-45
1.699479398370758902e-47
1.700383922447912316e-39
4.398618991219942123e-29
7.251116065038285063e-38
1.000000000000000000e+00
4.398959801018295929e-40
5.838280084404266503e-47
8.027910716154572504e-48
4.630574133841447777e-42
1.000000000000000000e+00
1.000000000000000000e+00
3.840255384687895876e-46
1.000000000000000000e+00
5.616831085200972362e-24
1.000000000000000000e+00
1.000000000000000000e+00
7.932864630703502505e-41
3.640100912125767266e-48
1.000000000000000000e+00
9.999998036896887710e-01
