1.232785004837890111e-45
2.563097053191785484e-38
1.000000000000000000e+00
1.000000000000000000e+00
9.999999999562909636e-01
2.399244513333012982e-44
1.000000000000000000e+00
4.392347799092413007e-46
1.000000000000000000e+00
7.398023716034002739e-45
2.685516110717434083e-43
6.853291234361216564e-43
1.000000000000000000e+00
1.000000000000000000e+00
1.000000000000000000e+00
1.000000000000000000e+00
5.464491300079692962e-42
1.000000000000000000e+00
1.000000000000000000e+00
1.000000000000000000e+00
2.285714860559036168e-35
9.610212142285433849e-47
1.000000000000000000e+00
4.625918224247079342e-40
1.000000000000000000e+00
1.000000000000000000e+00
1.000000000000000000e+00
1.000000000000000000e+00
6.449812728959023403e-45
1.000000000000000000e+00
9.999999999999955591e-01
1.841195462573074440e-42
1.000000000000000000e+00
1.000000000000000000e+00
1.443688243024855029e-44
1.000000000000000000e+00
9.999999999992306154e-01
5.521625915842948342e-47
1.287370216949882128e-44
1.000000000000000000e+00
2.890224444930178948e-46
3.263522648873915372e-45
5.546151250931916226e-28
6.037581547332517999e-44
6.573562240863322559e-43
1.000000000000000000e+00
3.705458434146499738e-44
1.000000000000000000e+00
2.554094559872791428e-45
9.617592374889499785e-44
7.257681157091836462e-39
1.397305820171718970e-09
2.072356809956581160e-47
1.000000000000000000e+00
4.765021105800916435e-40
6.923218144714198779e-34
4.791763520734308637e-43
1.000000000000000000e+00
1.000000000000000000e+00
1.000000000000000000e+00
