1.388007625260124737e-11
1.388007625260124737e-11
1.388007625260124737e-11
1.388007625260124737e-11
1.081603193098114168e-11
1.388007625260124737e-11
1.081603584288506135e-11
1.388007625260124737e-11
1.081603584288506135e-11
1.081603762376288098e-11
1.388007625260124737e-11
1.081603584288506135e-11
1.388007625260124737e-11
1.388007625260124737e-11
1.388007625260124737e-11
1.388007625260124737e-11
1.386316751549163799e-11
1.388007625260124737e-11
1.081603584288506135e-11
1.081603584288506135e-11
1.081603584288506135e-11
1.388007625260124737e-11
1.388007625260124737e-11
1.081603584288506135e-11
1.388007625260124737e-11
1.388007625260124737e-11
1.388007625260124737e-11
1.388007625260124737e-11
3.202652305301335362e-11
1.081603584288506135e-11
1.081603584288506135e-11
1.388007625260124737e-11
1.388007625260124737e-11
1.388007625260124737e-11
1.388007625260124737e-11
1.081602747414964991e-11
1.388007625260124737e-11
1.388007625260124737e-11
1.388007625260124737e-11
