1.867917073351810301e-37
4.367319422835920482e-37
1.000000000000000000e+00
1.000000000000000000e+00
1.000000000000000000e+00
9.999999999723436783e-01
1.000000000000000000e+00
1.000000000000000000e+00
3.989677828675514126e-02
1.000000000000000000e+00
7.375702044299376311e-42
4.941968676185516589e-39
1.555852011962540065e-29
9.999980177870150255e-01
1.674067598623834231e-41
1.000000000000000000e+00
2.905940251292080112e-03
4.029407438771654887e-38
9.999999999195772205e-01
7.204596462330582433e-42
2.667333943476084393e-42
1.000000000000000000e+00
3.223779996476837712e-41
9.999999995815802567e-01
2.917706011253960218e-41
2.084826158967514938e-41
9.999999961508341251e-01
9.985390195745946773e-01
3.536265953885705578e-35
1.000000000000000000e+00
1.000000000000000000e+00
1.000000000000000000e+00
1.000000000000000000e+00
1.020175398630128317e-13
9.999999979429510244e-01
1.357575795377387294e-38
9.999999999999631406e-01
4.477082809932710014e-36
1.000000000000000000e+00
1.000000000000000000e+00
9.999999998386415179e-01
1.000000000000000000e+00
1.000000000000000000e+00
1.000000000000000000e+00
1.000000000000000000e+00
7.439537862748912674e-37
1.000000000000000000e+00
8.356285015538723832e-41
3.027154034190137403e-29
9.999999994048711649e-01
1.000000000000000000e+00
2.038314636913533829e-28
1.000000000000000000e+00
1.000000000000000000e+00
9.999999999999997780e-01
3.428929003935876107e-39
9.999998991831793305e-01
5.524717576724848155e-39
9.999955807359286464e-01
3.663100900075534835e-42
