1.388009948893890602e-11
1.081603589704655534e-11
1.388009948893890602e-11
1.081603768033202147e-11
1.081603768033202147e-11
1.388009948893890602e-11
1.388009948893890602e-11
1.081603396064951839e-11
1.081605254464392516e-11
1.081603388410004346e-11
1.081603589704655534e-11
1.081603768033202147e-11
1.388009948976724986e-11
1.081603396064951839e-11
1.081603589704655534e-11
1.081603589704655534e-11
1.388009948893890602e-11
1.081603589704655534e-11
1.388009948893890602e-11
1.081603589704655534e-11
1.388009948893890602e-11
1.388009948893890602e-11
1.081603321844794897e-11
1.388009948893890602e-11
1.081603589704655534e-11
1.388009948893890602e-11
1.388009948893890602e-11
1.081603589704655534e-11
1.081603589704655534e-11
1.081603589704655534e-11
1.388009948893890602e-11
1.388009948893890602e-11
1.388009948893890602e-11
1.081603768033202147e-11
1.081603589704655534e-11
1.495601015122918543e-11
1.388009948893890602e-11
1.388009948893890602e-11
1.388009948893890602e-11
1.081603396021833757e-11
