1.081603590911352105e-11
1.081601943188487936e-11
1.388009972847396474e-11
1.081603429910489805e-11
1.081603769239895002e-11
1.388009972847396474e-11
1.388009972847396474e-11
1.081606523699472033e-11
1.081603590911352105e-11
1.388009972847396474e-11
1.388009972847396474e-11
1.388009972847396474e-11
1.388009972847396474e-11
1.388009972847396474e-11
1.388009972847396474e-11
1.388009972847396474e-11
1.081603769239895002e-11
1.388009972847396474e-11
1.081603590911352105e-11
1.081603397271648248e-11
1.388009972847396474e-11
1.388011177141918575e-11
1.081603397271648248e-11
1.081603397271648248e-11
1.388009972847396474e-11
1.081603662575887692e-11
1.388009972847396474e-11
1.081603397271648248e-11
1.081613826718537495e-11
1.081603590911355982e-11
1.388009972847396474e-11
1.388009972847396474e-11
1.081603590911352105e-11
1.388009972847396474e-11
1.081603397271663596e-11
1.081603590911352105e-11
1.081603769239895002e-11
1.081603499257675998e-11
1.081603769239895002e-11
1.388008737940753272e-11
1.388008737940753272e-11
1.388008737940753272e-11
1.081603767055087892e-11
1.081603767055087892e-11
1.081603395252831891e-11
8.133987499003526722e-10
1.388008737940753272e-11
1.388008737940753272e-11
1.388008737940753272e-11
1.081603767055087892e-11
1.081603767055087892e-11
1.388008737940753272e-11
1.081603767055087892e-11
1.388008737940753272e-11
1.081603565567196488e-11
1.915874521229313016e-09
1.081603588772099705e-11
1.081603395252831891e-11
1.388008737940753272e-11
1.388008737940753272e-11
1.188246204258109728e-04
1.081603767055087892e-11
1.081603767055087892e-11
1.388008737940753272e-11
1.388008737940753272e-11
1.388008737940753272e-11
1.081603588772099705e-11
1.388008737940753272e-11
1.081603395252831891e-11
1.388008737940753272e-11
1.388008737940753272e-11
1.388008737940753272e-11
1.388008737940753272e-11
1.388008737940753272e-11
1.388008737940753272e-11
1.388008737940753272e-11
1.388008737940753272e-11
1.388008737940753272e-11
1.081603768285739580e-11
1.388008798688138778e-11
1.388008798688138778e-11
1.388008798688138778e-11
1.388008798688138778e-11
1.081603768285739580e-11
1.388008798688138778e-11
1.388008798688138778e-11
8.552189724809253213e-02
1.388008798688138778e-11
1.388008798688138778e-11
1.388008798688138778e-11
1.081603396484059536e-11
1.081603768285739580e-11
1.388008798688138778e-11
1.081603590002827972e-11
1.081603768285739580e-11
1.081603396484059536e-11
1.388008798688138778e-11
1.388008798688138778e-11
1.081604488589013328e-11
1.081603590002827972e-11
1.081603590002827972e-11
1.388008798688138778e-11
1.388008798688138778e-11
1.388008798688138778e-11
7.025054435097301731e-10
1.388008798688138778e-11
1.081603590002827972e-11
1.388008798688138778e-11
1.081603590002827972e-11
1.388008798688138778e-11
1.081603590007281661e-11
1.081603590002827972e-11
1.081603590002827972e-11
1.081603590002827972e-11
1.388008798688138778e-11
1.081603590002827972e-11
1.081603590002827972e-11
1.081603583141454779e-11
1.388007682483477526e-11
1.388006577750948809e-11
1.081606184303789474e-11
1.081614109305208819e-11
1.081613154525825738e-11
1.081616624014056428e-11
1.081603583141454779e-11
1.388007682483477526e-11
1.388007682483477526e-11
1.388007682483477526e-11
1.388007682483477526e-11
1.388007682483477526e-11
1.081603583141454779e-11
1.388007682483477526e-11
1.388007682483477526e-11
1.388007682483477526e-11
1.081602762697568348e-11
1.081603761378826217e-11
1.388007682483477526e-11
1.388007682483477526e-11
1.388007682483477526e-11
1.081603583141454779e-11
1.388007682483477526e-11
1.388007682483492390e-11
1.388007682483477526e-11
1.388007682483477526e-11
1.388007682483477526e-11
1.081603583141454779e-11
1.081603389743630327e-11
1.388007682483477526e-11
1.081603761378826217e-11
1.388007682483477526e-11
1.081603389743630327e-11
1.388007682483477526e-11
1.081601153840319697e-11
1.081603389743630327e-11
1.081603761378826217e-11
1.388007682483477526e-11
1.081603583141454779e-11
1.081603590903870482e-11
1.081603769232409664e-11
1.081603397264212831e-11
1.081603590903870482e-11
1.081603145842912992e-11
1.388009979703532741e-11
1.388009979703532741e-11
1.388009979703532741e-11
1.081603590903870482e-11
1.388009979703532741e-11
1.388009979703532741e-11
1.081603769225819522e-11
1.388009979703532741e-11
1.388009979703532741e-11
1.388009979703532741e-11
1.388009979703532741e-11
1.388009979703532741e-11
1.388009979703532741e-11
1.388009979703532741e-11
1.388009979703532741e-11
1.081603590903870482e-11
1.081603590903870482e-11
1.387124969491037922e-11
1.081603397264212831e-11
1.081603590903870482e-11
1.388009979703532741e-11
1.388288765291276899e-11
1.388009979703532741e-11
1.081603401147249042e-11
1.081603769232409664e-11
1.081603769232409664e-11
1.081603590903870482e-11
1.081603397264212831e-11
1.081603590903870482e-11
1.081603397264212831e-11
1.081605559136358549e-11
1.388009979703532741e-11
1.081603397264212831e-11
1.388009979703532741e-11
1.081603583106490727e-11
1.081603918317237477e-11
1.081603583106490727e-11
1.388007702986380894e-11
1.081603381205681748e-11
1.081603389708666275e-11
1.081603389708666275e-11
1.081603491500517739e-11
1.388007702986380894e-11
1.388007702986380894e-11
1.388007702986380894e-11
1.388007702986380894e-11
1.388007702986380894e-11
1.388007702986380894e-11
1.388007702986380894e-11
1.081603583106490727e-11
1.388007702986380894e-11
1.388007702986380894e-11
1.388007702986380894e-11
1.388007702986380894e-11
1.388007702986380894e-11
1.081613297013773136e-11
1.081603389708666275e-11
1.081603389708700849e-11
1.082601109367701934e-11
1.081603761343862165e-11
1.388007702986380894e-11
1.081603389708666275e-11
3.497876765040546336e-11
1.388007702986380894e-11
1.081603583106490727e-11
1.081603583106490727e-11
1.388007702986380894e-11
1.081603583106490727e-11
1.388007702986380894e-11
1.388007702986380894e-11
1.388007702986380894e-11
1.388007702986380894e-11
1.081616401110829580e-11
1.081603588245644320e-11
1.081603394601790827e-11
1.388010086007831192e-11
1.388010086007831192e-11
1.081603766575527831e-11
1.081603588245644320e-11
1.388010086007831192e-11
1.388010086007831192e-11
1.388010086007831192e-11
1.081603588245644320e-11
1.081608941396184975e-11
1.388010086007831192e-11
1.081603394601790827e-11
1.388010086007831192e-11
1.388010086007831192e-11
1.081603589018911659e-11
1.388010086007831192e-11
1.388010086007831192e-11
1.388010086007831192e-11
1.388010086007831192e-11
1.388010086007831192e-11
1.388010086007831192e-11
1.388010086007831192e-11
1.388010086007831192e-11
1.388010086007831192e-11
1.081603394601790827e-11
1.081603766575527831e-11
1.388010086007831192e-11
1.388010086007831192e-11
1.081603588245644320e-11
1.081603588245644320e-11
1.388010086007831192e-11
1.143585704103059548e-11
1.081603394601790827e-11
1.081603394601790827e-11
1.388010086007831192e-11
1.081603782043106706e-11
1.081603766575527831e-11
1.388010086007831192e-11
1.388010086007831192e-11
1.388007625260124737e-11
1.388007625260124737e-11
1.388007625260124737e-11
1.388007625260124737e-11
1.081603193098114168e-11
1.388007625260124737e-11
1.081603584288506135e-11
1.388007625260124737e-11
1.081603584288506135e-11
1.081603762376288098e-11
1.388007625260124737e-11
1.081603584288506135e-11
1.388007625260124737e-11
1.388007625260124737e-11
1.388007625260124737e-11
1.388007625260124737e-11
1.386316751549163799e-11
1.388007625260124737e-11
1.081603584288506135e-11
1.081603584288506135e-11
1.081603584288506135e-11
1.388007625260124737e-11
1.388007625260124737e-11
1.081603584288506135e-11
1.388007625260124737e-11
1.388007625260124737e-11
1.388007625260124737e-11
1.388007625260124737e-11
3.202652305301335362e-11
1.081603584288506135e-11
1.081603584288506135e-11
1.388007625260124737e-11
1.388007625260124737e-11
1.388007625260124737e-11
1.388007625260124737e-11
1.081602747414964991e-11
1.388007625260124737e-11
1.388007625260124737e-11
1.388007625260124737e-11
1.081603768034081996e-11
1.081603589705516157e-11
1.388009177455405301e-11
1.388009929947843091e-11
1.388009929947843091e-11
1.388009929947843091e-11
1.388009929947843091e-11
1.081603589705516157e-11
1.388009929947843091e-11
1.388009929947843091e-11
1.081603396065528280e-11
1.081603589705516157e-11
1.081603589705516157e-11
1.388009929947843091e-11
1.388009929947843091e-11
1.081603396065528280e-11
1.081603589705516157e-11
1.388009929947843091e-11
1.081603768033993623e-11
1.081603396563817196e-11
1.081603110678087379e-11
1.081603589705516157e-11
1.081603768034081996e-11
1.081603396176872283e-11
1.081603589705516157e-11
1.388009929947843091e-11
1.081603396065528280e-11
1.081602893636177373e-11
1.081603732250580700e-11
1.388009929947843091e-11
1.081603589705516157e-11
1.081603396065528280e-11
1.081603767814660222e-11
1.388009929947843091e-11
1.081603768034081996e-11
1.081603589705516157e-11
1.388009929947843091e-11
1.081603768034081996e-11
1.081603589705516157e-11
1.388009948893890602e-11
1.081603589704655534e-11
1.388009948893890602e-11
1.081603768033202147e-11
1.081603768033202147e-11
1.388009948893890602e-11
1.388009948893890602e-11
1.081603396064951839e-11
1.081605254464392516e-11
1.081603388410004346e-11
1.081603589704655534e-11
1.081603768033202147e-11
1.388009948976724986e-11
1.081603396064951839e-11
1.081603589704655534e-11
1.081603589704655534e-11
1.388009948893890602e-11
1.081603589704655534e-11
1.388009948893890602e-11
1.081603589704655534e-11
1.388009948893890602e-11
1.388009948893890602e-11
1.081603321844794897e-11
1.388009948893890602e-11
1.081603589704655534e-11
1.388009948893890602e-11
1.388009948893890602e-11
1.081603589704655534e-11
1.081603589704655534e-11
1.081603589704655534e-11
1.388009948893890602e-11
1.388009948893890602e-11
1.388009948893890602e-11
1.081603768033202147e-11
1.081603589704655534e-11
1.495601015122918543e-11
1.388009948893890602e-11
1.388009948893890602e-11
1.388009948893890602e-11
1.081603396021833757e-11
