9.843662009639226884e-01
1.000000000000000000e+00
1.000000000000000000e+00
8.967159087916899418e-01
9.047680646755011935e-01
9.061149861093382718e-01
1.000000000000000000e+00
1.000000000000000000e+00
1.000000000000000000e+00
2.864282598272908584e-02
1.000000000000000000e+00
1.000000000000000000e+00
1.000000000000000000e+00
9.865512462086072354e-01
1.000000000000000000e+00
9.628008110805831299e-01
5.215767997473259587e-01
8.841173198222510576e-01
9.999999999696340680e-01
3.731843583136330161e-02
9.999865004375858568e-01
6.201283635631033020e-01
1.000000000000000000e+00
8.562535039748842003e-01
1.000000000000000000e+00
2.051248533972887088e-07
1.000000000000000000e+00
9.258865722493211381e-01
8.562733367477144419e-01
8.562733494921597188e-01
1.000000000000000000e+00
6.956775062553250955e-01
9.190261045187588795e-01
1.000000000000000000e+00
9.956617015231264967e-01
6.845004108692878120e-01
1.000000000000000000e+00
1.000000000000000000e+00
1.000000000000000000e+00
1.000000000000000000e+00
1.000000000000000000e+00
1.000000000000000000e+00
8.562733494921597188e-01
7.935941617978875540e-01
1.000000000000000000e+00
7.134036040904121467e-01
9.931314564926092547e-01
9.787130589849023510e-01
8.561268897090652530e-01
1.000000000000000000e+00
1.000000000000000000e+00
5.390694008501849543e-01
1.000000000000000000e+00
1.000000000000000000e+00
1.000000000000000000e+00
7.495984420927949143e-01
9.089521665551233420e-01
9.257556363895624862e-01
1.000000000000000000e+00
1.000000000000000000e+00
1.000000000000000000e+00
8.562733494921597188e-01
4.221296318155195459e-01
6.012373817812253218e-01
