9.997271761489912034e-01
4.654055482355119039e-02
9.999999999999213962e-01
1.118394136138627981e-17
1.000000000000000000e+00
9.368975182417382808e-01
8.200762420395908233e-20
1.000000000000000000e+00
9.301454995629834244e-01
1.000000000000000000e+00
9.999999998124367018e-01
9.210475002349093332e-01
1.000000000000000000e+00
1.000000000000000000e+00
1.000000000000000000e+00
9.990226919914414472e-01
1.000000000000000000e+00
1.681145502856475130e-11
9.999982512368381649e-01
1.000000000000000000e+00
1.000000000000000000e+00
1.000000000000000000e+00
8.447309732802904864e-11
9.334171319848455495e-01
1.000000000000000000e+00
1.000000000000000000e+00
9.999999784293216454e-01
2.585989551682174286e-07
1.875983440221285153e-20
9.999999999999971134e-01
9.067010472648360242e-01
2.971571833432107845e-01
9.999714027928963134e-01
9.999999751493584554e-01
3.164709945930840805e-09
4.260221748001269773e-04
9.999999251418139057e-01
1.000000000000000000e+00
9.697489062757829181e-01
9.305379609290045920e-12
6.023563486690831232e-18
9.811894413773172285e-01
1.000000000000000000e+00
5.475208491111008383e-14
9.999917870596457536e-01
1.000000000000000000e+00
9.943600333036566319e-01
1.000000000000000000e+00
1.000000000000000000e+00
9.999999999977691179e-01
8.540766477419595715e-01
1.000000000000000000e+00
9.999999999999413802e-01
9.372171444148293951e-01
1.000000000000000000e+00
9.972570837076494277e-01
8.266024335396167100e-01
9.998755728551983468e-01
8.772093439545874949e-01
2.827526536184892317e-02
1.000000000000000000e+00
1.000000000000000000e+00
8.059314402991040183e-01
1.000000000000000000e+00
