9.887000909159984197e-01
7.245305454085538832e-01
6.814350444216726865e-01
9.999999999998743228e-01
7.607880405521145334e-09
1.000000000000000000e+00
9.999999999816373553e-01
1.000000000000000000e+00
4.909915437692221607e-01
9.999999999991306954e-01
1.000000000000000000e+00
7.371454857447090614e-01
9.969932288967781053e-01
1.441676003971305298e-02
9.999999999999893419e-01
1.000000000000000000e+00
1.000000000000000000e+00
9.999999999990289989e-01
9.994951260237924240e-01
7.928120157154235903e-01
9.999999999999871214e-01
1.000000000000000000e+00
5.570298199757113267e-01
9.955360515293091295e-01
9.999979929703589621e-01
9.999999999999615863e-01
1.000000000000000000e+00
1.000000000000000000e+00
1.000000000000000000e+00
1.381586848710402483e-08
9.999999999999997780e-01
9.999724853756534193e-01
9.999999998537263401e-01
1.000000000000000000e+00
9.999999999999988898e-01
9.999999999999997780e-01
9.968792036488635100e-01
9.999999999999935607e-01
8.898256270556842429e-01
1.000000000000000000e+00
9.999999999999997780e-01
1.000000000000000000e+00
9.999999999999895639e-01
9.999999999999891198e-01
1.026275803659685258e-02
1.000000000000000000e+00
1.000000000000000000e+00
9.847106551960167486e-01
3.561213801922438055e-02
6.703357990181254555e-01
9.999786142913292819e-01
1.000000000000000000e+00
9.999877577877086532e-01
1.000000000000000000e+00
9.999999999637498860e-01
9.999999999999824585e-01
9.999999999982509546e-01
9.999999999999997780e-01
9.856239914992073192e-01
1.000000000000000000e+00
1.000000000000000000e+00
8.534691769564493047e-01
1.000000000000000000e+00
9.999631319750335035e-01
