7.088319175104181857e-01
1.000000000000000000e+00
1.000000000000000000e+00
8.409393332416859046e-01
1.000000000000000000e+00
9.999999999979738430e-01
1.000000000000000000e+00
7.088319175104181857e-01
9.014784234745737423e-01
1.000000000000000000e+00
1.000000000000000000e+00
7.168573717798984076e-10
1.000000000000000000e+00
7.088319191342213887e-01
9.999932889083313903e-01
7.088018508039984900e-01
1.000000000000000000e+00
9.960339693128834604e-01
1.000000000000000000e+00
7.611271531830231562e-08
1.000000000000000000e+00
9.999847578780657331e-01
7.088319175104181857e-01
1.000000000000000000e+00
1.000000000000000000e+00
1.000000000000000000e+00
1.000000000000000000e+00
9.784309901576409008e-01
9.999999999618154334e-01
7.088319175104181857e-01
9.999891334502285511e-01
1.000000000000000000e+00
9.234360452276150211e-01
7.091002026845321105e-01
9.999921986956343822e-01
1.000000000000000000e+00
1.000000000000000000e+00
9.909920408883942100e-01
8.491617945451346294e-01
7.339239974566951208e-01
7.088319175104182968e-01
9.784309901576409008e-01
7.088319175104181857e-01
9.309304270761439293e-01
7.598199725443190999e-01
8.475010783048084750e-01
7.088500488116322718e-01
1.000000000000000000e+00
1.000000000000000000e+00
1.000000000000000000e+00
7.087796379437805161e-01
1.000000000000000000e+00
6.743089236190680236e-01
7.089722053782765432e-01
9.234837947991272333e-01
9.784309901576409008e-01
9.349789842415429097e-01
5.706801421218595793e-01
1.000000000000000000e+00
1.000000000000000000e+00
1.000000000000000000e+00
7.391045473892590592e-05
1.000000000000000000e+00
1.000000000000000000e+00
