1.000000000000000000e+00
6.781711050723266965e-01
1.000000000000000000e+00
1.000000000000000000e+00
9.861557964315437186e-01
1.008695214055096317e-12
1.000000000000000000e+00
1.000000000000000000e+00
9.999999999753235169e-01
9.999694148182014519e-01
1.000000000000000000e+00
9.998928919958339767e-01
1.000000000000000000e+00
1.000000000000000000e+00
1.000000000000000000e+00
3.043120368873148407e-01
9.542220730056623079e-01
1.000000000000000000e+00
1.000000000000000000e+00
1.000000000000000000e+00
9.994926737367599845e-01
1.000000000000000000e+00
3.752886366566509646e-01
1.000000000000000000e+00
7.861697836036209974e-01
1.478865458474150650e-19
9.999794924610871938e-01
1.000000000000000000e+00
9.899993083700097118e-01
1.000000000000000000e+00
1.000000000000000000e+00
9.988902663542909011e-01
9.857827370737919370e-01
1.000000000000000000e+00
1.564518719048643008e-02
9.999992729015911852e-01
1.000000000000000000e+00
1.000000000000000000e+00
1.000000000000000000e+00
1.000000000000000000e+00
9.999999996452273443e-01
1.000000000000000000e+00
1.000000000000000000e+00
1.000000000000000000e+00
1.000000000000000000e+00
9.763517652031865612e-01
9.930669426142234579e-01
6.359600564514954479e-01
9.999528543435909356e-01
1.000000000000000000e+00
1.000000000000000000e+00
9.078667825883184328e-01
9.999978811708071236e-01
1.000000000000000000e+00
9.542220730056623079e-01
1.000000000000000000e+00
1.000000000000000000e+00
1.000000000000000000e+00
9.999999999999937828e-01
6.110344714603695992e-01
1.000000000000000000e+00
9.805794528959393963e-01
9.779577085040509488e-01
1.000000000000000000e+00
