6.180870881325446486e-01
1.000000000000000000e+00
1.000000000000000000e+00
9.273300142062658458e-02
1.000000000000000000e+00
9.998357253641793063e-01
1.000000000000000000e+00
9.999984318213073209e-01
7.471966421298987804e-01
9.999999999509869841e-01
3.266006408592240229e-01
7.893209040179715030e-01
1.000000000000000000e+00
6.180852048193877790e-01
8.411656802712883518e-01
9.106199507777912316e-01
3.619778959637446891e-01
9.999999996479291831e-01
5.867799002824357346e-02
1.826199498685307857e-02
1.000000000000000000e+00
1.000000000000000000e+00
9.999999999276201201e-01
1.000000000000000000e+00
1.000000000000000000e+00
1.000000000000000000e+00
7.854848724946064120e-01
9.885428641869751232e-01
1.000000000000000000e+00
7.393056686784450771e-02
1.000000000000000000e+00
1.000000000000000000e+00
2.199835721234379426e-01
1.582764893626673400e-02
1.000000000000000000e+00
1.000000000000000000e+00
9.999997219774607871e-01
9.638419430146588640e-01
8.699129669176018931e-01
9.042323395444566163e-06
1.000000000000000000e+00
9.567710916547880196e-01
5.712232425739446286e-19
9.998661279142957437e-01
1.000000000000000000e+00
1.000000000000000000e+00
9.974050410985118020e-01
5.465341394956391152e-01
9.900590886649976996e-01
1.000000000000000000e+00
1.000000000000000000e+00
9.996221981625965647e-01
6.968494068390417295e-01
4.446863859278376894e-08
1.000000000000000000e+00
1.000000000000000000e+00
1.000000000000000000e+00
9.828790612400872817e-01
2.328592195742915372e-01
5.654122264493845369e-03
1.000000000000000000e+00
5.564924839537565941e-03
9.942913939925441813e-01
1.000000000000000000e+00
