9.804111336935780185e-01
3.772640401548864320e-02
9.551689450736505771e-01
8.132022477002180949e-01
1.148492189082001361e-02
6.538836031402649462e-01
1.000000000000000000e+00
9.471671040910761841e-01
4.302008027321174016e-02
9.069589464827992886e-01
1.000000000000000000e+00
2.883526704190715884e-01
2.005115999549303141e-01
1.000000000000000000e+00
1.000000000000000000e+00
1.000000000000000000e+00
7.592747669428304089e-06
9.999962586195597636e-01
1.000000000000000000e+00
2.851981484383279628e-02
1.000000000000000000e+00
1.000000000000000000e+00
9.999999999999997780e-01
1.533330026942063551e-01
9.188080845380267592e-01
1.000000000000000000e+00
4.892914145419642868e-01
9.965962521872140378e-01
1.000000000000000000e+00
1.000000000000000000e+00
1.000000000000000000e+00
1.000000000000000000e+00
1.000000000000000000e+00
1.000000000000000000e+00
1.665698095542648624e-03
4.126480621113264331e-14
9.999920522577526727e-01
1.000000000000000000e+00
1.217820791937129906e-03
1.000000000000000000e+00
1.000000000000000000e+00
9.209605477845058674e-01
1.742053330991891191e-01
9.048835911726701431e-01
9.141485195307725853e-01
9.209605477581722655e-01
9.412097626529059013e-02
1.000000000000000000e+00
8.608512961622515336e-01
3.812475428050845834e-09
1.252074205024146659e-09
1.000000000000000000e+00
1.000000000000000000e+00
1.000000000000000000e+00
8.581709105811961912e-10
3.547956764177359612e-01
8.845196641387242931e-01
9.790742031335580853e-01
1.000000000000000000e+00
2.826031577148556927e-03
1.000000000000000000e+00
9.914063035192618445e-01
6.484124792538015214e-01
6.690622549655357576e-02
