1.491412998340888323e-05
4.673717131318608740e-03
1.000000000000000000e+00
1.000000000000000000e+00
9.595384244369014048e-01
1.000000000000000000e+00
1.000000000000000000e+00
2.949259944977197122e-16
1.000000000000000000e+00
6.890217436888086792e-19
9.999999999999975575e-01
1.000000000000000000e+00
1.000000000000000000e+00
1.351486232350486455e-08
1.000000000000000000e+00
1.000000000000000000e+00
1.000000000000000000e+00
1.000000000000000000e+00
1.000000000000000000e+00
1.000000000000000000e+00
1.000000000000000000e+00
1.000000000000000000e+00
2.982697236349196590e-04
1.000000000000000000e+00
1.000000000000000000e+00
9.999999999998556710e-01
1.000000000000000000e+00
9.946079880875194901e-01
1.000000000000000000e+00
2.556326823476432648e-11
1.000000000000000000e+00
1.000000000000000000e+00
6.023068556096406594e-06
1.000000000000000000e+00
1.000000000000000000e+00
5.454438534242417238e-14
1.000000000000000000e+00
1.000000000000000000e+00
3.172584920151686389e-15
1.000000000000000000e+00
1.000000000000000000e+00
1.000000000000000000e+00
1.000000000000000000e+00
2.660880185719742463e-19
1.000000000000000000e+00
2.440430483091657979e-19
1.000000000000000000e+00
1.507915899820058522e-22
1.000000000000000000e+00
6.169113309050092913e-16
1.000000000000000000e+00
1.000000000000000000e+00
1.000000000000000000e+00
9.999999999999793499e-01
2.477923807865387400e-16
1.000000000000000000e+00
1.000000000000000000e+00
1.000000000000000000e+00
5.736863019052970017e-17
1.000000000000000000e+00
9.999999999999975575e-01
1.000000000000000000e+00
9.999999997710820043e-01
9.999999998727011619e-01
