1.420269188972911250e-31
1.000000000000000000e+00
9.477399845619605134e-01
1.000000000000000000e+00
2.056470601913510297e-17
1.000000000000000000e+00
9.988270777129777400e-01
5.857135810523176138e-07
1.000000000000000000e+00
9.999999999999995559e-01
1.000000000000000000e+00
1.000000000000000000e+00
1.000000000000000000e+00
3.855203833025439562e-06
1.000000000000000000e+00
9.128778815732622565e-13
9.999981832980006091e-01
9.999999999950719420e-01
4.070816002733850653e-26
9.999999998594213402e-01
1.000000000000000000e+00
4.047794065066457100e-15
1.000000000000000000e+00
1.687340602388839848e-37
1.741835681073314281e-30
1.000000000000000000e+00
1.945511359871263864e-36
1.000000000000000000e+00
9.999999999999997780e-01
1.000000000000000000e+00
1.000000000000000000e+00
1.000000000000000000e+00
7.637982901282611843e-08
9.999999999999373834e-01
4.284664888968778083e-38
1.000000000000000000e+00
1.513295043119607567e-38
7.803756243256815980e-30
1.000000000000000000e+00
1.000000000000000000e+00
1.245648525025566550e-27
1.000000000000000000e+00
1.000000000000000000e+00
1.000000000000000000e+00
1.000000000000000000e+00
9.999999999999629186e-01
1.000000000000000000e+00
9.999999999994519939e-01
1.000000000000000000e+00
3.408265055450018308e-21
5.536672053872377701e-23
3.408621588703020319e-37
1.000000000000000000e+00
1.000000000000000000e+00
1.000000000000000000e+00
1.000000000000000000e+00
1.000000000000000000e+00
1.246489688403306981e-18
5.656112608391874857e-37
1.000000000000000000e+00
9.999999999999980016e-01
1.000000000000000000e+00
1.000000000000000000e+00
1.000000000000000000e+00
