9.843662009639226884e-01
1.000000000000000000e+00
1.000000000000000000e+00
8.967159087916899418e-01
9.047680646755011935e-01
9.061149861093382718e-01
1.000000000000000000e+00
1.000000000000000000e+00
1.000000000000000000e+00
2.864282598272908584e-02
1.000000000000000000e+00
1.000000000000000000e+00
1.000000000000000000e+00
9.865512462086072354e-01
1.000000000000000000e+00
9.628008110805831299e-01
5.215767997473259587e-01
8.841173198222510576e-01
9.999999999696340680e-01
3.731843583136330161e-02
9.999865004375858568e-01
6.201283635631033020e-01
1.000000000000000000e+00
8.562535039748842003e-01
1.000000000000000000e+00
2.051248533972887088e-07
1.000000000000000000e+00
9.258865722493211381e-01
8.562733367477144419e-01
8.562733494921597188e-01
1.000000000000000000e+00
6.956775062553250955e-01
9.190261045187588795e-01
1.000000000000000000e+00
9.956617015231264967e-01
6.845004108692878120e-01
1.000000000000000000e+00
1.000000000000000000e+00
1.000000000000000000e+00
1.000000000000000000e+00
1.000000000000000000e+00
1.000000000000000000e+00
8.562733494921597188e-01
7.935941617978875540e-01
1.000000000000000000e+00
7.134036040904121467e-01
9.931314564926092547e-01
9.787130589849023510e-01
8.561268897090652530e-01
1.000000000000000000e+00
1.000000000000000000e+00
5.390694008501849543e-01
1.000000000000000000e+00
1.000000000000000000e+00
1.000000000000000000e+00
7.495984420927949143e-01
9.089521665551233420e-01
9.257556363895624862e-01
1.000000000000000000e+00
1.000000000000000000e+00
1.000000000000000000e+00
8.562733494921597188e-01
4.221296318155195459e-01
6.012373817812253218e-01
9.997271761489912034e-01
4.654055482355119039e-02
9.999999999999213962e-01
1.118394136138627981e-17
1.000000000000000000e+00
9.368975182417382808e-01
8.200762420395908233e-20
1.000000000000000000e+00
9.301454995629834244e-01
1.000000000000000000e+00
9.999999998124367018e-01
9.210475002349093332e-01
1.000000000000000000e+00
1.000000000000000000e+00
1.000000000000000000e+00
9.990226919914414472e-01
1.000000000000000000e+00
1.681145502856475130e-11
9.999982512368381649e-01
1.000000000000000000e+00
1.000000000000000000e+00
1.000000000000000000e+00
8.447309732802904864e-11
9.334171319848455495e-01
1.000000000000000000e+00
1.000000000000000000e+00
9.999999784293216454e-01
2.585989551682174286e-07
1.875983440221285153e-20
9.999999999999971134e-01
9.067010472648360242e-01
2.971571833432107845e-01
9.999714027928963134e-01
9.999999751493584554e-01
3.164709945930840805e-09
4.260221748001269773e-04
9.999999251418139057e-01
1.000000000000000000e+00
9.697489062757829181e-01
9.305379609290045920e-12
6.023563486690831232e-18
9.811894413773172285e-01
1.000000000000000000e+00
5.475208491111008383e-14
9.999917870596457536e-01
1.000000000000000000e+00
9.943600333036566319e-01
1.000000000000000000e+00
1.000000000000000000e+00
9.999999999977691179e-01
8.540766477419595715e-01
1.000000000000000000e+00
9.999999999999413802e-01
9.372171444148293951e-01
1.000000000000000000e+00
9.972570837076494277e-01
8.266024335396167100e-01
9.998755728551983468e-01
8.772093439545874949e-01
2.827526536184892317e-02
1.000000000000000000e+00
1.000000000000000000e+00
8.059314402991040183e-01
1.000000000000000000e+00
9.887000909159984197e-01
7.245305454085538832e-01
6.814350444216726865e-01
9.999999999998743228e-01
7.607880405521145334e-09
1.000000000000000000e+00
9.999999999816373553e-01
1.000000000000000000e+00
4.909915437692221607e-01
9.999999999991306954e-01
1.000000000000000000e+00
7.371454857447090614e-01
9.969932288967781053e-01
1.441676003971305298e-02
9.999999999999893419e-01
1.000000000000000000e+00
1.000000000000000000e+00
9.999999999990289989e-01
9.994951260237924240e-01
7.928120157154235903e-01
9.999999999999871214e-01
1.000000000000000000e+00
5.570298199757113267e-01
9.955360515293091295e-01
9.999979929703589621e-01
9.999999999999615863e-01
1.000000000000000000e+00
1.000000000000000000e+00
1.000000000000000000e+00
1.381586848710402483e-08
9.999999999999997780e-01
9.999724853756534193e-01
9.999999998537263401e-01
1.000000000000000000e+00
9.999999999999988898e-01
9.999999999999997780e-01
9.968792036488635100e-01
9.999999999999935607e-01
8.898256270556842429e-01
1.000000000000000000e+00
9.999999999999997780e-01
1.000000000000000000e+00
9.999999999999895639e-01
9.999999999999891198e-01
1.026275803659685258e-02
1.000000000000000000e+00
1.000000000000000000e+00
9.847106551960167486e-01
3.561213801922438055e-02
6.703357990181254555e-01
9.999786142913292819e-01
1.000000000000000000e+00
9.999877577877086532e-01
1.000000000000000000e+00
9.999999999637498860e-01
9.999999999999824585e-01
9.999999999982509546e-01
9.999999999999997780e-01
9.856239914992073192e-01
1.000000000000000000e+00
1.000000000000000000e+00
8.534691769564493047e-01
1.000000000000000000e+00
9.999631319750335035e-01
7.088319175104181857e-01
1.000000000000000000e+00
1.000000000000000000e+00
8.409393332416859046e-01
1.000000000000000000e+00
9.999999999979738430e-01
1.000000000000000000e+00
7.088319175104181857e-01
9.014784234745737423e-01
1.000000000000000000e+00
1.000000000000000000e+00
7.168573717798984076e-10
1.000000000000000000e+00
7.088319191342213887e-01
9.999932889083313903e-01
7.088018508039984900e-01
1.000000000000000000e+00
9.960339693128834604e-01
1.000000000000000000e+00
7.611271531830231562e-08
1.000000000000000000e+00
9.999847578780657331e-01
7.088319175104181857e-01
1.000000000000000000e+00
1.000000000000000000e+00
1.000000000000000000e+00
1.000000000000000000e+00
9.784309901576409008e-01
9.999999999618154334e-01
7.088319175104181857e-01
9.999891334502285511e-01
1.000000000000000000e+00
9.234360452276150211e-01
7.091002026845321105e-01
9.999921986956343822e-01
1.000000000000000000e+00
1.000000000000000000e+00
9.909920408883942100e-01
8.491617945451346294e-01
7.339239974566951208e-01
7.088319175104182968e-01
9.784309901576409008e-01
7.088319175104181857e-01
9.309304270761439293e-01
7.598199725443190999e-01
8.475010783048084750e-01
7.088500488116322718e-01
1.000000000000000000e+00
1.000000000000000000e+00
1.000000000000000000e+00
7.087796379437805161e-01
1.000000000000000000e+00
6.743089236190680236e-01
7.089722053782765432e-01
9.234837947991272333e-01
9.784309901576409008e-01
9.349789842415429097e-01
5.706801421218595793e-01
1.000000000000000000e+00
1.000000000000000000e+00
1.000000000000000000e+00
7.391045473892590592e-05
1.000000000000000000e+00
1.000000000000000000e+00
1.000000000000000000e+00
6.781711050723266965e-01
1.000000000000000000e+00
1.000000000000000000e+00
9.861557964315437186e-01
1.008695214055096317e-12
1.000000000000000000e+00
1.000000000000000000e+00
9.999999999753235169e-01
9.999694148182014519e-01
1.000000000000000000e+00
9.998928919958339767e-01
1.000000000000000000e+00
1.000000000000000000e+00
1.000000000000000000e+00
3.043120368873148407e-01
9.542220730056623079e-01
1.000000000000000000e+00
1.000000000000000000e+00
1.000000000000000000e+00
9.994926737367599845e-01
1.000000000000000000e+00
3.752886366566509646e-01
1.000000000000000000e+00
7.861697836036209974e-01
1.478865458474150650e-19
9.999794924610871938e-01
1.000000000000000000e+00
9.899993083700097118e-01
1.000000000000000000e+00
1.000000000000000000e+00
9.988902663542909011e-01
9.857827370737919370e-01
1.000000000000000000e+00
1.564518719048643008e-02
9.999992729015911852e-01
1.000000000000000000e+00
1.000000000000000000e+00
1.000000000000000000e+00
1.000000000000000000e+00
9.999999996452273443e-01
1.000000000000000000e+00
1.000000000000000000e+00
1.000000000000000000e+00
1.000000000000000000e+00
9.763517652031865612e-01
9.930669426142234579e-01
6.359600564514954479e-01
9.999528543435909356e-01
1.000000000000000000e+00
1.000000000000000000e+00
9.078667825883184328e-01
9.999978811708071236e-01
1.000000000000000000e+00
9.542220730056623079e-01
1.000000000000000000e+00
1.000000000000000000e+00
1.000000000000000000e+00
9.999999999999937828e-01
6.110344714603695992e-01
1.000000000000000000e+00
9.805794528959393963e-01
9.779577085040509488e-01
1.000000000000000000e+00
6.180870881325446486e-01
1.000000000000000000e+00
1.000000000000000000e+00
9.273300142062658458e-02
1.000000000000000000e+00
9.998357253641793063e-01
1.000000000000000000e+00
9.999984318213073209e-01
7.471966421298987804e-01
9.999999999509869841e-01
3.266006408592240229e-01
7.893209040179715030e-01
1.000000000000000000e+00
6.180852048193877790e-01
8.411656802712883518e-01
9.106199507777912316e-01
3.619778959637446891e-01
9.999999996479291831e-01
5.867799002824357346e-02
1.826199498685307857e-02
1.000000000000000000e+00
1.000000000000000000e+00
9.999999999276201201e-01
1.000000000000000000e+00
1.000000000000000000e+00
1.000000000000000000e+00
7.854848724946064120e-01
9.885428641869751232e-01
1.000000000000000000e+00
7.393056686784450771e-02
1.000000000000000000e+00
1.000000000000000000e+00
2.199835721234379426e-01
1.582764893626673400e-02
1.000000000000000000e+00
1.000000000000000000e+00
9.999997219774607871e-01
9.638419430146588640e-01
8.699129669176018931e-01
9.042323395444566163e-06
1.000000000000000000e+00
9.567710916547880196e-01
5.712232425739446286e-19
9.998661279142957437e-01
1.000000000000000000e+00
1.000000000000000000e+00
9.974050410985118020e-01
5.465341394956391152e-01
9.900590886649976996e-01
1.000000000000000000e+00
1.000000000000000000e+00
9.996221981625965647e-01
6.968494068390417295e-01
4.446863859278376894e-08
1.000000000000000000e+00
1.000000000000000000e+00
1.000000000000000000e+00
9.828790612400872817e-01
2.328592195742915372e-01
5.654122264493845369e-03
1.000000000000000000e+00
5.564924839537565941e-03
9.942913939925441813e-01
1.000000000000000000e+00
9.804111336935780185e-01
3.772640401548864320e-02
9.551689450736505771e-01
8.132022477002180949e-01
1.148492189082001361e-02
6.538836031402649462e-01
1.000000000000000000e+00
9.471671040910761841e-01
4.302008027321174016e-02
9.069589464827992886e-01
1.000000000000000000e+00
2.883526704190715884e-01
2.005115999549303141e-01
1.000000000000000000e+00
1.000000000000000000e+00
1.000000000000000000e+00
7.592747669428304089e-06
9.999962586195597636e-01
1.000000000000000000e+00
2.851981484383279628e-02
1.000000000000000000e+00
1.000000000000000000e+00
9.999999999999997780e-01
1.533330026942063551e-01
9.188080845380267592e-01
1.000000000000000000e+00
4.892914145419642868e-01
9.965962521872140378e-01
1.000000000000000000e+00
1.000000000000000000e+00
1.000000000000000000e+00
1.000000000000000000e+00
1.000000000000000000e+00
1.000000000000000000e+00
1.665698095542648624e-03
4.126480621113264331e-14
9.999920522577526727e-01
1.000000000000000000e+00
1.217820791937129906e-03
1.000000000000000000e+00
1.000000000000000000e+00
9.209605477845058674e-01
1.742053330991891191e-01
9.048835911726701431e-01
9.141485195307725853e-01
9.209605477581722655e-01
9.412097626529059013e-02
1.000000000000000000e+00
8.608512961622515336e-01
3.812475428050845834e-09
1.252074205024146659e-09
1.000000000000000000e+00
1.000000000000000000e+00
1.000000000000000000e+00
8.581709105811961912e-10
3.547956764177359612e-01
8.845196641387242931e-01
9.790742031335580853e-01
1.000000000000000000e+00
2.826031577148556927e-03
1.000000000000000000e+00
9.914063035192618445e-01
6.484124792538015214e-01
6.690622549655357576e-02
1.491412998340888323e-05
4.673717131318608740e-03
1.000000000000000000e+00
1.000000000000000000e+00
9.595384244369014048e-01
1.000000000000000000e+00
1.000000000000000000e+00
2.949259944977197122e-16
1.000000000000000000e+00
6.890217436888086792e-19
9.999999999999975575e-01
1.000000000000000000e+00
1.000000000000000000e+00
1.351486232350486455e-08
1.000000000000000000e+00
1.000000000000000000e+00
1.000000000000000000e+00
1.000000000000000000e+00
1.000000000000000000e+00
1.000000000000000000e+00
1.000000000000000000e+00
1.000000000000000000e+00
2.982697236349196590e-04
1.000000000000000000e+00
1.000000000000000000e+00
9.999999999998556710e-01
1.000000000000000000e+00
9.946079880875194901e-01
1.000000000000000000e+00
2.556326823476432648e-11
1.000000000000000000e+00
1.000000000000000000e+00
6.023068556096406594e-06
1.000000000000000000e+00
1.000000000000000000e+00
5.454438534242417238e-14
1.000000000000000000e+00
1.000000000000000000e+00
3.172584920151686389e-15
1.000000000000000000e+00
1.000000000000000000e+00
1.000000000000000000e+00
1.000000000000000000e+00
2.660880185719742463e-19
1.000000000000000000e+00
2.440430483091657979e-19
1.000000000000000000e+00
1.507915899820058522e-22
1.000000000000000000e+00
6.169113309050092913e-16
1.000000000000000000e+00
1.000000000000000000e+00
1.000000000000000000e+00
9.999999999999793499e-01
2.477923807865387400e-16
1.000000000000000000e+00
1.000000000000000000e+00
1.000000000000000000e+00
5.736863019052970017e-17
1.000000000000000000e+00
9.999999999999975575e-01
1.000000000000000000e+00
9.999999997710820043e-01
9.999999998727011619e-01
1.420269188972911250e-31
1.000000000000000000e+00
9.477399845619605134e-01
1.000000000000000000e+00
2.056470601913510297e-17
1.000000000000000000e+00
9.988270777129777400e-01
5.857135810523176138e-07
1.000000000000000000e+00
9.999999999999995559e-01
1.000000000000000000e+00
1.000000000000000000e+00
1.000000000000000000e+00
3.855203833025439562e-06
1.000000000000000000e+00
9.128778815732622565e-13
9.999981832980006091e-01
9.999999999950719420e-01
4.070816002733850653e-26
9.999999998594213402e-01
1.000000000000000000e+00
4.047794065066457100e-15
1.000000000000000000e+00
1.687340602388839848e-37
1.741835681073314281e-30
1.000000000000000000e+00
1.945511359871263864e-36
1.000000000000000000e+00
9.999999999999997780e-01
1.000000000000000000e+00
1.000000000000000000e+00
1.000000000000000000e+00
7.637982901282611843e-08
9.999999999999373834e-01
4.284664888968778083e-38
1.000000000000000000e+00
1.513295043119607567e-38
7.803756243256815980e-30
1.000000000000000000e+00
1.000000000000000000e+00
1.245648525025566550e-27
1.000000000000000000e+00
1.000000000000000000e+00
1.000000000000000000e+00
1.000000000000000000e+00
9.999999999999629186e-01
1.000000000000000000e+00
9.999999999994519939e-01
1.000000000000000000e+00
3.408265055450018308e-21
5.536672053872377701e-23
3.408621588703020319e-37
1.000000000000000000e+00
1.000000000000000000e+00
1.000000000000000000e+00
1.000000000000000000e+00
1.000000000000000000e+00
1.246489688403306981e-18
5.656112608391874857e-37
1.000000000000000000e+00
9.999999999999980016e-01
1.000000000000000000e+00
1.000000000000000000e+00
1.000000000000000000e+00
1.000000000000000000e+00
1.000000000000000000e+00
1.000000000000000000e+00
1.000000000000000000e+00
1.000000000000000000e+00
1.000000000000000000e+00
9.999999999997655209e-01
1.000000000000000000e+00
9.853143815511254955e-01
1.000000000000000000e+00
1.000000000000000000e+00
1.000000000000000000e+00
1.000000000000000000e+00
4.011370228980388032e-04
1.000000000000000000e+00
1.000000000000000000e+00
1.000000000000000000e+00
2.109074527860027026e-01
9.999999999974469311e-01
1.000000000000000000e+00
1.000000000000000000e+00
1.000000000000000000e+00
1.000000000000000000e+00
1.000000000000000000e+00
1.000000000000000000e+00
9.999999999999658051e-01
1.000000000000000000e+00
1.000000000000000000e+00
1.000000000000000000e+00
1.000000000000000000e+00
1.000000000000000000e+00
1.000000000000000000e+00
1.000000000000000000e+00
1.000000000000000000e+00
1.000000000000000000e+00
1.000000000000000000e+00
1.000000000000000000e+00
1.000000000000000000e+00
1.000000000000000000e+00
1.000000000000000000e+00
3.715277887563762767e-09
1.000000000000000000e+00
4.606175723717604309e-01
9.999676328843211115e-01
1.000000000000000000e+00
1.000000000000000000e+00
9.994819588920970110e-01
1.000000000000000000e+00
1.000000000000000000e+00
1.000000000000000000e+00
1.000000000000000000e+00
1.000000000000000000e+00
1.000000000000000000e+00
1.000000000000000000e+00
1.000000000000000000e+00
1.169675201009250634e-11
1.000000000000000000e+00
1.000000000000000000e+00
1.000000000000000000e+00
1.000000000000000000e+00
6.511297831452097362e-11
1.000000000000000000e+00
9.956100084431543928e-01
1.000000000000000000e+00
