8.551674727159996880e-02
7.491983218445670556e-02
7.225965625622277066e-02
9.994662230647216594e-01
6.623159456105268128e-02
7.873702783792113635e-02
1.349171620918970249e-01
7.906580804725710232e-02
7.015079529193304908e-02
7.836131959536640768e-02
9.995964040195608469e-01
8.017380201059415290e-02
9.981684149693695884e-01
5.309449923366088564e-01
3.232106828678036892e-01
1.828459734737295783e-01
1.472727943464023914e-01
7.014566575360761669e-02
9.991617813833357786e-01
9.935511816549724706e-01
8.494891575417118368e-02
6.857328226891183653e-02
6.883987852340002489e-02
8.577485881028461268e-02
7.014206381291634984e-02
7.974762464525625427e-02
1.084812826870213409e-01
8.571057192498723887e-02
7.386231329190340311e-02
9.995838302041916146e-01
7.636980598057348246e-02
2.450654411523986720e-01
7.371866985002629991e-02
1.124216905811991213e-01
8.985172806548305524e-02
1.499579382613903111e-01
9.856237336859777209e-02
1.084775061208236857e-01
9.993735410627941906e-01
9.980575378655723862e-01
2.395103112724007444e-01
7.637492185778788079e-02
9.995805177671901465e-01
9.889840434223783339e-01
7.631371705227896207e-02
7.372319588367294563e-02
8.150740279165669122e-02
9.994426941918510554e-01
9.717383791157212514e-01
7.849761673807614804e-02
7.966206001619381694e-02
7.371872297730401591e-02
9.678191239864789575e-01
4.843800199579324506e-01
7.589986477614130145e-02
7.371872286699215904e-02
7.371868167992709497e-02
7.843042121494263330e-02
7.963138620443369065e-02
1.077933077022860814e-01
6.741054511177187181e-02
9.994508029588894393e-01
7.953434598044827053e-02
1.151739325035819744e-01
