1.167772520139177400e-01
9.716306354894093111e-01
5.363858677996903579e-02
5.358950536494012235e-02
5.512389554529896485e-02
5.021737384307883162e-02
1.312266274611709749e-01
9.526474452425276462e-01
4.849493297614263648e-02
5.500657150210966351e-02
5.790332011859136013e-02
9.997282175159734052e-01
6.303728092717138243e-02
5.198678126971455898e-02
5.512854657989325891e-02
5.526210770104017511e-02
5.512389550884598532e-02
6.213685688737127788e-02
2.195560516326642009e-01
5.294511415107873431e-02
5.032221404698195705e-02
5.512389547948482599e-02
6.303906951109612689e-02
9.997080241335820627e-01
5.512516274308286446e-02
5.563017120638344415e-02
8.941831599398483155e-01
5.235546708349060607e-02
5.865291831171828840e-02
1.529151758970782593e-01
9.975944198863786472e-01
5.022975528811401968e-02
9.984896449585604072e-01
9.998069842560782794e-01
5.329960301670837869e-02
5.687793376490396513e-02
6.144976936173732196e-02
9.777808516434327579e-01
5.968962378743368491e-02
5.329845845490318451e-02
1.191382674520030938e-01
9.997791951079337824e-01
5.021722532003046469e-02
1.196948247466854132e-01
4.578279018257051802e-02
9.997063862330747286e-01
9.383432509839674251e-01
5.415303996339752152e-02
5.513118972579986871e-02
9.997615985293490937e-01
9.990927230159033501e-01
5.021722509442009402e-02
9.995554697204546146e-01
5.869530066053520873e-02
5.219032131053989026e-02
9.996352917995695586e-01
5.284271142873558924e-02
5.760157760346545225e-02
5.645746699453775552e-02
4.998011186880692291e-02
7.078600499003384616e-02
7.163912141346756579e-02
5.284157616268771868e-02
5.564545989654922503e-02
