4.415950269162546848e-02
4.440253758078450963e-02
4.491356312383492505e-02
9.649071277393755919e-01
1.062082048897906722e-01
4.542028191735036219e-02
5.674328890119111068e-02
4.410543190395549429e-02
4.415938891583473525e-02
4.805951068126800702e-02
5.391758949225897712e-01
3.781718876986553957e-01
3.756733626687633332e-02
4.416009506393913514e-02
4.537311086583481479e-02
8.370373056574353932e-02
2.974763477474349216e-01
4.168342067925023126e-02
4.829310592259410811e-02
9.998209552583421367e-01
4.168360960410436022e-02
5.605849300185106882e-02
4.400752891801676392e-02
3.731556244704776343e-02
4.805950386728598950e-02
4.783708934135336155e-02
4.410598501098172974e-02
9.410217980767060508e-01
5.182585078720478716e-02
2.516573341290017085e-01
9.997160674565088723e-01
4.737241027642282581e-02
1.278078625353050723e-01
4.168711054311814018e-02
9.995175870178685251e-01
9.977351012044399781e-01
2.170429385353982998e-01
9.142654253505579920e-01
9.997235566459862222e-01
4.694651946388329888e-02
8.673773324117013683e-02
4.537509515844218716e-02
9.431568358802752683e-02
4.168376589474606653e-02
4.645424337031344580e-02
5.092593369540852899e-02
4.694704686542943567e-02
4.537507303818024557e-02
4.141594697569603301e-02
7.228725977207209885e-01
7.680872361454096908e-02
5.788464313232134090e-02
4.546837638491406375e-02
4.657594877042550707e-02
9.998135295557675217e-01
7.937745099300379248e-02
9.998639712142752822e-01
4.537508482617594319e-02
2.090294628802343013e-01
8.539696658657850437e-01
9.997402960188301879e-01
4.110599676049379175e-02
4.152778655849867495e-02
9.989843328973621039e-01
