9.997638044305340310e-01
5.972362691432592935e-02
6.099486126297843508e-02
9.996635556783580734e-01
6.255379678485357975e-02
5.591715902546469386e-02
6.555945537900352560e-02
9.989477261380399487e-01
5.782967590500107113e-02
5.591809113134115633e-02
6.256686914246835374e-02
2.447574457319361130e-01
6.422426943084373618e-02
5.464945309886703323e-02
2.185589161046017082e-01
6.034654200020329179e-02
9.998077716475854970e-01
9.998220375023070261e-01
9.450456784113459019e-01
8.231715244770784756e-02
5.402615565525193536e-02
8.885735183657952341e-01
9.995275518385879909e-01
8.463015286997466191e-02
9.997719371480151551e-01
6.857715587669477308e-02
6.361841800396658697e-02
9.988666641992142159e-01
6.853853038191540237e-02
6.457034748727104034e-01
6.683796894320115367e-02
6.503665326041201122e-02
5.958437896614443563e-02
6.275914499542822877e-02
5.596275023103489815e-02
9.994735651153723310e-01
6.091302839504360300e-02
9.996803465288671697e-01
6.281780542518432264e-02
6.440076077506790009e-02
1.295763722341806146e-01
9.998017155245418897e-01
9.996435555166366393e-01
6.314004429113959094e-02
6.081212656547264894e-02
9.997366534849329023e-01
6.699476129406115033e-02
1.350607331604206651e-01
6.084169968004015522e-02
7.411963611329501489e-02
6.157272473484117631e-02
5.708759773209954452e-02
6.278471612016313375e-02
6.090766932980845594e-02
9.989928825135404589e-01
9.992510235640501559e-01
9.981341477439349408e-01
7.774460818965661657e-02
6.649925184256967603e-02
6.484470919066614991e-02
6.091311947609261840e-02
7.028970577877656500e-02
9.995661499356651714e-01
9.988109914323730631e-01
