3.244182862840738063e-02
3.393592325205243426e-02
3.405044790866073451e-02
1.351030556967801055e-01
3.341442899788585330e-02
3.187146127608578294e-02
9.998779203668631821e-01
3.244182828903267174e-02
2.765636451755235092e-02
9.998496570696311370e-01
3.162246821819000159e-02
9.998934210424439417e-01
3.332115697463153975e-02
2.941421810439301399e-02
9.989663406897181241e-01
3.300522571825245666e-02
9.998258447862623521e-01
9.996683411590596702e-01
2.858210932792094525e-02
3.449944368523063382e-02
9.996081227337932917e-01
3.138703395432421855e-02
3.431535775331819027e-02
9.991067212001587539e-01
3.120779146375741303e-02
3.867047087566539282e-02
3.243030109609434941e-02
3.243741391669797969e-02
3.177734599187073683e-02
2.954719280221569308e-02
2.815568742680575887e-01
9.998836142440137298e-01
3.086197945492813802e-02
9.755231399935596626e-01
1.562418646851893023e-01
9.997562845932271847e-01
3.138702908478503695e-02
2.246155485581507461e-01
3.228461601789591601e-02
6.784197223697389922e-02
9.998808371680482088e-01
8.611722002052198954e-01
9.993295468840497353e-01
2.973912878112075150e-02
5.650393215629592736e-02
4.346317650249698628e-01
9.976900461536373221e-01
4.665233728521601120e-01
3.266578953228149729e-02
2.474450374780178263e-01
3.510269125697551007e-01
3.120581837142050868e-02
4.336913077685646684e-02
1.169594620735900786e-01
9.998658310456278731e-01
3.583908936948244639e-01
9.997665949411039810e-01
3.337895784510618719e-02
9.963233813906208214e-01
3.120771397670988462e-02
9.937543337635122986e-01
9.998174906970845877e-01
1.188642506131914051e-01
3.524810359958881895e-02
