9.959753042731978034e-01
5.987606610412197355e-02
7.944428310015509698e-02
6.097175349943362299e-02
6.115064999581291266e-02
8.912460644036469537e-01
9.996937779044716699e-01
9.994671239070908042e-01
1.888371339292214124e-01
5.263665363829229948e-02
5.933437399216477670e-02
5.890635227288155279e-02
5.753467968395836046e-02
1.316279336206173933e-01
5.263687953730542685e-02
5.461171861667706018e-02
3.093640483748618664e-01
8.379318678439709456e-02
5.631621348643628400e-02
5.695672515637567601e-02
5.989373599625730932e-02
3.497334090248313543e-01
7.081050966510674116e-02
6.370922434427622738e-02
9.510975759550209796e-01
9.996184649621511209e-01
5.860670428268865279e-02
5.989716058383119657e-02
7.583625515778562309e-02
9.654985887850013604e-02
5.753481853981755323e-02
9.997268494299498265e-01
2.539193214584348768e-01
7.763665486737232613e-02
9.950927608646837896e-01
2.818588557312180498e-01
9.974684403971948443e-01
9.986297669604006222e-01
9.994992842937793220e-01
5.488920552391368668e-02
5.753541722198607378e-02
9.997871681618553108e-01
7.262060356705198894e-01
6.115106680010469475e-02
9.397960800394379310e-01
7.074507013302147596e-02
9.993228891360059762e-01
5.580283287938748310e-02
5.652940393079633474e-02
9.990384957867933791e-01
9.133988663978784839e-01
1.049920793009109649e-01
5.263656548105591360e-02
7.572254713296340534e-02
6.297382958051810087e-02
9.997476579829047694e-01
5.747099644796280216e-02
9.995104047584031370e-01
6.070510125073980134e-02
5.804302163626293837e-02
9.920716946634394739e-01
2.863564408839570086e-01
9.997449120347349227e-01
5.516441687219719725e-02
