9.994188330724679270e-01
8.592362596006770659e-01
1.493531803153720638e-01
9.826319048736413819e-01
8.650415661507794285e-01
9.925175681309166276e-01
1.551946403247759787e-01
2.282621653837141606e-01
1.329787840285239220e-01
9.986606931521441188e-01
4.142038360757088755e-01
9.890835258968465604e-01
9.929644412155673727e-01
9.967344618626192698e-01
1.469704710038337581e-01
1.470770629131321339e-01
2.723077196919005405e-01
1.388356422154005398e-01
7.814339308313098531e-01
1.742882120172208338e-01
9.156373783181969150e-01
1.471104280634744910e-01
1.361434379893035618e-01
1.361434107051688325e-01
9.991529292209666568e-01
1.470771025779394614e-01
1.430277640888877322e-01
9.982070359247201541e-01
1.487226331169121951e-01
1.361434139971882396e-01
9.439889597605565230e-01
6.183542307052019016e-01
1.572223491952756957e-01
9.993471236934214907e-01
1.406125579921618240e-01
1.481521354436584614e-01
1.345963286646656432e-01
9.984756603065949587e-01
1.329617157033379515e-01
1.420561522649689545e-01
1.472879109028152889e-01
9.948224811006803892e-01
9.711447649011153427e-01
9.894072835546721123e-01
7.535238794888637903e-01
9.994433862468224961e-01
1.570710943070876553e-01
1.470771015980209540e-01
9.990421132091956702e-01
9.520409465959434048e-01
9.825599580455108839e-01
1.475877733357295329e-01
9.990307108141338599e-01
1.548077716885977451e-01
1.329873717772333264e-01
9.993882843537322813e-01
8.212092926691606509e-01
1.519565216326221602e-01
1.456632473788725957e-01
1.361433944446358291e-01
9.987091643153710452e-01
1.897317202596241204e-01
1.379522408273098355e-01
9.720675135406364742e-01
