1.954922123863136740e-01
1.875080638720025006e-01
3.492363133582102042e-01
9.875213645335761958e-01
1.996887422069909823e-01
9.978298423501272829e-01
9.797641526572754556e-01
2.213497376390388405e-01
2.071412412862092822e-01
2.009174372034627787e-01
9.991925972548167945e-01
9.988705048082098248e-01
2.116140009530974031e-01
2.057673048038221875e-01
1.989925659901022048e-01
2.137579500735644622e-01
9.323312023457556164e-01
9.857643624097488511e-01
9.991614632709534538e-01
2.141198862311163298e-01
2.223931087343731239e-01
2.086092971370338001e-01
2.081515600931881094e-01
2.141607755852207307e-01
2.086204834917075035e-01
9.988515274189756488e-01
1.863076753396673557e-01
1.943191615437021846e-01
9.980917055923307357e-01
9.984525207867864793e-01
2.072396423477631255e-01
2.077614878937425469e-01
1.869972749716977134e-01
9.956102017485299882e-01
2.071184861261571586e-01
2.506534218914407974e-01
9.988212077785889598e-01
2.172811144787061555e-01
1.881353899209927683e-01
2.137691012137322155e-01
9.823421520358496251e-01
9.829867334574208249e-01
2.566309711938667970e-01
1.870115289261246039e-01
9.971110541559007334e-01
9.681498159960217897e-01
2.028394810530436687e-01
2.449304122710513343e-01
2.093772485119475280e-01
3.344715416052627122e-01
4.141828991988490971e-01
9.840101915258041565e-01
2.137074621769003147e-01
1.920387075409069333e-01
1.950406944049318525e-01
2.642593600168692269e-01
9.984838271542230137e-01
9.990721541085996193e-01
2.076272013576744846e-01
9.991505142625533020e-01
1.948401350111258756e-01
1.899774450120534364e-01
9.982947153935440854e-01
2.023171918236600086e-01
