2.390217148982717033e-01
9.999176779840367457e-01
9.999770465968402799e-01
9.990135071512092901e-01
9.999630977477365068e-01
9.772975766190034053e-01
2.487232195132716150e-01
9.999722548659315535e-01
9.988477659704984024e-01
9.999855197604804458e-01
1.559370013799591670e-01
1.978284695907438773e-01
1.807194196892356053e-01
1.521597261092512143e-01
1.816033980882976739e-01
1.924253349563538051e-01
9.996083614301564113e-01
7.743926545586228283e-01
1.862659328688128224e-01
9.999729608922678370e-01
1.960707357608391932e-01
1.584019486999380388e-01
9.161462838190449487e-01
1.786865837958699632e-01
1.818730490998629046e-01
1.814919652865665811e-01
2.433094909614098855e-01
7.264311287091977931e-01
3.411956608865923113e-01
2.818266861923969802e-01
1.924188236026228016e-01
9.972101602335907700e-01
1.618967718317929072e-01
1.774064043858058215e-01
5.269779483934671216e-01
9.982320177602558298e-01
1.858433922545471018e-01
6.534394883342341531e-01
1.812334325501212262e-01
9.997643388830034228e-01
1.685833021461004277e-01
1.662726884449221565e-01
9.992899740374735496e-01
9.993830783525361472e-01
1.723729884645983090e-01
1.979541559295113218e-01
9.811765467168661603e-01
9.999837802324047509e-01
1.667117772980503398e-01
1.888229736467185449e-01
1.574748456878909408e-01
1.904248293303972550e-01
1.893455681332660012e-01
1.845355331984998293e-01
1.982939815540688544e-01
1.763559420888544949e-01
1.679779581187310911e-01
2.010918071425930320e-01
1.786968804350148876e-01
1.705033761857542018e-01
9.949790533822651106e-01
1.845501557179520524e-01
1.843242346523430719e-01
1.990618499495004912e-01
