9.997938621048977348e-01
1.150929636126401534e-01
9.705381168880192200e-02
9.999553191414600750e-01
3.799098587429973195e-01
9.349515880800346457e-02
1.133702440310341009e-01
9.999476235831300519e-01
1.024751123025003929e-01
3.243559758286701511e-01
1.015888233949860109e-01
3.808368948174118973e-01
1.084809350604982736e-01
1.033397255332130921e-01
1.374075301538449090e-01
9.396011136839403644e-02
9.344030430522147490e-02
5.794431678879258252e-01
1.063526304593654243e-01
4.958557128259380442e-01
9.705381607253669995e-02
9.402781125177900323e-02
1.015605080102398722e-01
9.801033606777816987e-01
9.704971244170941536e-02
1.033987064590681654e-01
1.230510758430946455e-01
9.998920575227601137e-01
7.337720370359471223e-02
8.878726141799141158e-02
9.976906611452143747e-02
9.146131026413738541e-01
9.996644330366856179e-01
9.713030560066407415e-02
9.476359640472992174e-02
1.092208773879631833e-01
6.049776939836202239e-01
9.995506077242287679e-01
9.172889022740374210e-02
9.705381168885124366e-02
9.999071462078922279e-01
9.341229425768218797e-02
1.128116966627858986e-01
1.336138149941482889e-01
9.996058446337765524e-01
1.120799086394421301e-01
8.116824077417902905e-02
8.747847720044803210e-02
1.095582642338197576e-01
9.996490224472425190e-01
9.321331136352101199e-02
8.026067837768048607e-02
4.352107024955831904e-01
9.971032294720447720e-01
9.159168454405297588e-02
1.052556335252622238e-01
1.015693192624862601e-01
9.986063999131954416e-01
9.427447640834190068e-01
9.164136291704992610e-02
1.033101800824097888e-01
9.455443946958305701e-02
9.768916221006379574e-02
8.659449700145588347e-02
9.999672637924811314e-01
