8.551674727159996880e-02
7.491983218445670556e-02
7.225965625622277066e-02
9.994662230647216594e-01
6.623159456105268128e-02
7.873702783792113635e-02
1.349171620918970249e-01
7.906580804725710232e-02
7.015079529193304908e-02
7.836131959536640768e-02
9.995964040195608469e-01
8.017380201059415290e-02
9.981684149693695884e-01
5.309449923366088564e-01
3.232106828678036892e-01
1.828459734737295783e-01
1.472727943464023914e-01
7.014566575360761669e-02
9.991617813833357786e-01
9.935511816549724706e-01
8.494891575417118368e-02
6.857328226891183653e-02
6.883987852340002489e-02
8.577485881028461268e-02
7.014206381291634984e-02
7.974762464525625427e-02
1.084812826870213409e-01
8.571057192498723887e-02
7.386231329190340311e-02
9.995838302041916146e-01
7.636980598057348246e-02
2.450654411523986720e-01
7.371866985002629991e-02
1.124216905811991213e-01
8.985172806548305524e-02
1.499579382613903111e-01
9.856237336859777209e-02
1.084775061208236857e-01
9.993735410627941906e-01
9.980575378655723862e-01
2.395103112724007444e-01
7.637492185778788079e-02
9.995805177671901465e-01
9.889840434223783339e-01
7.631371705227896207e-02
7.372319588367294563e-02
8.150740279165669122e-02
9.994426941918510554e-01
9.717383791157212514e-01
7.849761673807614804e-02
7.966206001619381694e-02
7.371872297730401591e-02
9.678191239864789575e-01
4.843800199579324506e-01
7.589986477614130145e-02
7.371872286699215904e-02
7.371868167992709497e-02
7.843042121494263330e-02
7.963138620443369065e-02
1.077933077022860814e-01
6.741054511177187181e-02
9.994508029588894393e-01
7.953434598044827053e-02
1.151739325035819744e-01
1.167772520139177400e-01
9.716306354894093111e-01
5.363858677996903579e-02
5.358950536494012235e-02
5.512389554529896485e-02
5.021737384307883162e-02
1.312266274611709749e-01
9.526474452425276462e-01
4.849493297614263648e-02
5.500657150210966351e-02
5.790332011859136013e-02
9.997282175159734052e-01
6.303728092717138243e-02
5.198678126971455898e-02
5.512854657989325891e-02
5.526210770104017511e-02
5.512389550884598532e-02
6.213685688737127788e-02
2.195560516326642009e-01
5.294511415107873431e-02
5.032221404698195705e-02
5.512389547948482599e-02
6.303906951109612689e-02
9.997080241335820627e-01
5.512516274308286446e-02
5.563017120638344415e-02
8.941831599398483155e-01
5.235546708349060607e-02
5.865291831171828840e-02
1.529151758970782593e-01
9.975944198863786472e-01
5.022975528811401968e-02
9.984896449585604072e-01
9.998069842560782794e-01
5.329960301670837869e-02
5.687793376490396513e-02
6.144976936173732196e-02
9.777808516434327579e-01
5.968962378743368491e-02
5.329845845490318451e-02
1.191382674520030938e-01
9.997791951079337824e-01
5.021722532003046469e-02
1.196948247466854132e-01
4.578279018257051802e-02
9.997063862330747286e-01
9.383432509839674251e-01
5.415303996339752152e-02
5.513118972579986871e-02
9.997615985293490937e-01
9.990927230159033501e-01
5.021722509442009402e-02
9.995554697204546146e-01
5.869530066053520873e-02
5.219032131053989026e-02
9.996352917995695586e-01
5.284271142873558924e-02
5.760157760346545225e-02
5.645746699453775552e-02
4.998011186880692291e-02
7.078600499003384616e-02
7.163912141346756579e-02
5.284157616268771868e-02
5.564545989654922503e-02
4.415950269162546848e-02
4.440253758078450963e-02
4.491356312383492505e-02
9.649071277393755919e-01
1.062082048897906722e-01
4.542028191735036219e-02
5.674328890119111068e-02
4.410543190395549429e-02
4.415938891583473525e-02
4.805951068126800702e-02
5.391758949225897712e-01
3.781718876986553957e-01
3.756733626687633332e-02
4.416009506393913514e-02
4.537311086583481479e-02
8.370373056574353932e-02
2.974763477474349216e-01
4.168342067925023126e-02
4.829310592259410811e-02
9.998209552583421367e-01
4.168360960410436022e-02
5.605849300185106882e-02
4.400752891801676392e-02
3.731556244704776343e-02
4.805950386728598950e-02
4.783708934135336155e-02
4.410598501098172974e-02
9.410217980767060508e-01
5.182585078720478716e-02
2.516573341290017085e-01
9.997160674565088723e-01
4.737241027642282581e-02
1.278078625353050723e-01
4.168711054311814018e-02
9.995175870178685251e-01
9.977351012044399781e-01
2.170429385353982998e-01
9.142654253505579920e-01
9.997235566459862222e-01
4.694651946388329888e-02
8.673773324117013683e-02
4.537509515844218716e-02
9.431568358802752683e-02
4.168376589474606653e-02
4.645424337031344580e-02
5.092593369540852899e-02
4.694704686542943567e-02
4.537507303818024557e-02
4.141594697569603301e-02
7.228725977207209885e-01
7.680872361454096908e-02
5.788464313232134090e-02
4.546837638491406375e-02
4.657594877042550707e-02
9.998135295557675217e-01
7.937745099300379248e-02
9.998639712142752822e-01
4.537508482617594319e-02
2.090294628802343013e-01
8.539696658657850437e-01
9.997402960188301879e-01
4.110599676049379175e-02
4.152778655849867495e-02
9.989843328973621039e-01
9.997638044305340310e-01
5.972362691432592935e-02
6.099486126297843508e-02
9.996635556783580734e-01
6.255379678485357975e-02
5.591715902546469386e-02
6.555945537900352560e-02
9.989477261380399487e-01
5.782967590500107113e-02
5.591809113134115633e-02
6.256686914246835374e-02
2.447574457319361130e-01
6.422426943084373618e-02
5.464945309886703323e-02
2.185589161046017082e-01
6.034654200020329179e-02
9.998077716475854970e-01
9.998220375023070261e-01
9.450456784113459019e-01
8.231715244770784756e-02
5.402615565525193536e-02
8.885735183657952341e-01
9.995275518385879909e-01
8.463015286997466191e-02
9.997719371480151551e-01
6.857715587669477308e-02
6.361841800396658697e-02
9.988666641992142159e-01
6.853853038191540237e-02
6.457034748727104034e-01
6.683796894320115367e-02
6.503665326041201122e-02
5.958437896614443563e-02
6.275914499542822877e-02
5.596275023103489815e-02
9.994735651153723310e-01
6.091302839504360300e-02
9.996803465288671697e-01
6.281780542518432264e-02
6.440076077506790009e-02
1.295763722341806146e-01
9.998017155245418897e-01
9.996435555166366393e-01
6.314004429113959094e-02
6.081212656547264894e-02
9.997366534849329023e-01
6.699476129406115033e-02
1.350607331604206651e-01
6.084169968004015522e-02
7.411963611329501489e-02
6.157272473484117631e-02
5.708759773209954452e-02
6.278471612016313375e-02
6.090766932980845594e-02
9.989928825135404589e-01
9.992510235640501559e-01
9.981341477439349408e-01
7.774460818965661657e-02
6.649925184256967603e-02
6.484470919066614991e-02
6.091311947609261840e-02
7.028970577877656500e-02
9.995661499356651714e-01
9.988109914323730631e-01
3.244182862840738063e-02
3.393592325205243426e-02
3.405044790866073451e-02
1.351030556967801055e-01
3.341442899788585330e-02
3.187146127608578294e-02
9.998779203668631821e-01
3.244182828903267174e-02
2.765636451755235092e-02
9.998496570696311370e-01
3.162246821819000159e-02
9.998934210424439417e-01
3.332115697463153975e-02
2.941421810439301399e-02
9.989663406897181241e-01
3.300522571825245666e-02
9.998258447862623521e-01
9.996683411590596702e-01
2.858210932792094525e-02
3.449944368523063382e-02
9.996081227337932917e-01
3.138703395432421855e-02
3.431535775331819027e-02
9.991067212001587539e-01
3.120779146375741303e-02
3.867047087566539282e-02
3.243030109609434941e-02
3.243741391669797969e-02
3.177734599187073683e-02
2.954719280221569308e-02
2.815568742680575887e-01
9.998836142440137298e-01
3.086197945492813802e-02
9.755231399935596626e-01
1.562418646851893023e-01
9.997562845932271847e-01
3.138702908478503695e-02
2.246155485581507461e-01
3.228461601789591601e-02
6.784197223697389922e-02
9.998808371680482088e-01
8.611722002052198954e-01
9.993295468840497353e-01
2.973912878112075150e-02
5.650393215629592736e-02
4.346317650249698628e-01
9.976900461536373221e-01
4.665233728521601120e-01
3.266578953228149729e-02
2.474450374780178263e-01
3.510269125697551007e-01
3.120581837142050868e-02
4.336913077685646684e-02
1.169594620735900786e-01
9.998658310456278731e-01
3.583908936948244639e-01
9.997665949411039810e-01
3.337895784510618719e-02
9.963233813906208214e-01
3.120771397670988462e-02
9.937543337635122986e-01
9.998174906970845877e-01
1.188642506131914051e-01
3.524810359958881895e-02
9.959753042731978034e-01
5.987606610412197355e-02
7.944428310015509698e-02
6.097175349943362299e-02
6.115064999581291266e-02
8.912460644036469537e-01
9.996937779044716699e-01
9.994671239070908042e-01
1.888371339292214124e-01
5.263665363829229948e-02
5.933437399216477670e-02
5.890635227288155279e-02
5.753467968395836046e-02
1.316279336206173933e-01
5.263687953730542685e-02
5.461171861667706018e-02
3.093640483748618664e-01
8.379318678439709456e-02
5.631621348643628400e-02
5.695672515637567601e-02
5.989373599625730932e-02
3.497334090248313543e-01
7.081050966510674116e-02
6.370922434427622738e-02
9.510975759550209796e-01
9.996184649621511209e-01
5.860670428268865279e-02
5.989716058383119657e-02
7.583625515778562309e-02
9.654985887850013604e-02
5.753481853981755323e-02
9.997268494299498265e-01
2.539193214584348768e-01
7.763665486737232613e-02
9.950927608646837896e-01
2.818588557312180498e-01
9.974684403971948443e-01
9.986297669604006222e-01
9.994992842937793220e-01
5.488920552391368668e-02
5.753541722198607378e-02
9.997871681618553108e-01
7.262060356705198894e-01
6.115106680010469475e-02
9.397960800394379310e-01
7.074507013302147596e-02
9.993228891360059762e-01
5.580283287938748310e-02
5.652940393079633474e-02
9.990384957867933791e-01
9.133988663978784839e-01
1.049920793009109649e-01
5.263656548105591360e-02
7.572254713296340534e-02
6.297382958051810087e-02
9.997476579829047694e-01
5.747099644796280216e-02
9.995104047584031370e-01
6.070510125073980134e-02
5.804302163626293837e-02
9.920716946634394739e-01
2.863564408839570086e-01
9.997449120347349227e-01
5.516441687219719725e-02
9.994188330724679270e-01
8.592362596006770659e-01
1.493531803153720638e-01
9.826319048736413819e-01
8.650415661507794285e-01
9.925175681309166276e-01
1.551946403247759787e-01
2.282621653837141606e-01
1.329787840285239220e-01
9.986606931521441188e-01
4.142038360757088755e-01
9.890835258968465604e-01
9.929644412155673727e-01
9.967344618626192698e-01
1.469704710038337581e-01
1.470770629131321339e-01
2.723077196919005405e-01
1.388356422154005398e-01
7.814339308313098531e-01
1.742882120172208338e-01
9.156373783181969150e-01
1.471104280634744910e-01
1.361434379893035618e-01
1.361434107051688325e-01
9.991529292209666568e-01
1.470771025779394614e-01
1.430277640888877322e-01
9.982070359247201541e-01
1.487226331169121951e-01
1.361434139971882396e-01
9.439889597605565230e-01
6.183542307052019016e-01
1.572223491952756957e-01
9.993471236934214907e-01
1.406125579921618240e-01
1.481521354436584614e-01
1.345963286646656432e-01
9.984756603065949587e-01
1.329617157033379515e-01
1.420561522649689545e-01
1.472879109028152889e-01
9.948224811006803892e-01
9.711447649011153427e-01
9.894072835546721123e-01
7.535238794888637903e-01
9.994433862468224961e-01
1.570710943070876553e-01
1.470771015980209540e-01
9.990421132091956702e-01
9.520409465959434048e-01
9.825599580455108839e-01
1.475877733357295329e-01
9.990307108141338599e-01
1.548077716885977451e-01
1.329873717772333264e-01
9.993882843537322813e-01
8.212092926691606509e-01
1.519565216326221602e-01
1.456632473788725957e-01
1.361433944446358291e-01
9.987091643153710452e-01
1.897317202596241204e-01
1.379522408273098355e-01
9.720675135406364742e-01
1.954922123863136740e-01
1.875080638720025006e-01
3.492363133582102042e-01
9.875213645335761958e-01
1.996887422069909823e-01
9.978298423501272829e-01
9.797641526572754556e-01
2.213497376390388405e-01
2.071412412862092822e-01
2.009174372034627787e-01
9.991925972548167945e-01
9.988705048082098248e-01
2.116140009530974031e-01
2.057673048038221875e-01
1.989925659901022048e-01
2.137579500735644622e-01
9.323312023457556164e-01
9.857643624097488511e-01
9.991614632709534538e-01
2.141198862311163298e-01
2.223931087343731239e-01
2.086092971370338001e-01
2.081515600931881094e-01
2.141607755852207307e-01
2.086204834917075035e-01
9.988515274189756488e-01
1.863076753396673557e-01
1.943191615437021846e-01
9.980917055923307357e-01
9.984525207867864793e-01
2.072396423477631255e-01
2.077614878937425469e-01
1.869972749716977134e-01
9.956102017485299882e-01
2.071184861261571586e-01
2.506534218914407974e-01
9.988212077785889598e-01
2.172811144787061555e-01
1.881353899209927683e-01
2.137691012137322155e-01
9.823421520358496251e-01
9.829867334574208249e-01
2.566309711938667970e-01
1.870115289261246039e-01
9.971110541559007334e-01
9.681498159960217897e-01
2.028394810530436687e-01
2.449304122710513343e-01
2.093772485119475280e-01
3.344715416052627122e-01
4.141828991988490971e-01
9.840101915258041565e-01
2.137074621769003147e-01
1.920387075409069333e-01
1.950406944049318525e-01
2.642593600168692269e-01
9.984838271542230137e-01
9.990721541085996193e-01
2.076272013576744846e-01
9.991505142625533020e-01
1.948401350111258756e-01
1.899774450120534364e-01
9.982947153935440854e-01
2.023171918236600086e-01
2.390217148982717033e-01
9.999176779840367457e-01
9.999770465968402799e-01
9.990135071512092901e-01
9.999630977477365068e-01
9.772975766190034053e-01
2.487232195132716150e-01
9.999722548659315535e-01
9.988477659704984024e-01
9.999855197604804458e-01
1.559370013799591670e-01
1.978284695907438773e-01
1.807194196892356053e-01
1.521597261092512143e-01
1.816033980882976739e-01
1.924253349563538051e-01
9.996083614301564113e-01
7.743926545586228283e-01
1.862659328688128224e-01
9.999729608922678370e-01
1.960707357608391932e-01
1.584019486999380388e-01
9.161462838190449487e-01
1.786865837958699632e-01
1.818730490998629046e-01
1.814919652865665811e-01
2.433094909614098855e-01
7.264311287091977931e-01
3.411956608865923113e-01
2.818266861923969802e-01
1.924188236026228016e-01
9.972101602335907700e-01
1.618967718317929072e-01
1.774064043858058215e-01
5.269779483934671216e-01
9.982320177602558298e-01
1.858433922545471018e-01
6.534394883342341531e-01
1.812334325501212262e-01
9.997643388830034228e-01
1.685833021461004277e-01
1.662726884449221565e-01
9.992899740374735496e-01
9.993830783525361472e-01
1.723729884645983090e-01
1.979541559295113218e-01
9.811765467168661603e-01
9.999837802324047509e-01
1.667117772980503398e-01
1.888229736467185449e-01
1.574748456878909408e-01
1.904248293303972550e-01
1.893455681332660012e-01
1.845355331984998293e-01
1.982939815540688544e-01
1.763559420888544949e-01
1.679779581187310911e-01
2.010918071425930320e-01
1.786968804350148876e-01
1.705033761857542018e-01
9.949790533822651106e-01
1.845501557179520524e-01
1.843242346523430719e-01
1.990618499495004912e-01
9.997938621048977348e-01
1.150929636126401534e-01
9.705381168880192200e-02
9.999553191414600750e-01
3.799098587429973195e-01
9.349515880800346457e-02
1.133702440310341009e-01
9.999476235831300519e-01
1.024751123025003929e-01
3.243559758286701511e-01
1.015888233949860109e-01
3.808368948174118973e-01
1.084809350604982736e-01
1.033397255332130921e-01
1.374075301538449090e-01
9.396011136839403644e-02
9.344030430522147490e-02
5.794431678879258252e-01
1.063526304593654243e-01
4.958557128259380442e-01
9.705381607253669995e-02
9.402781125177900323e-02
1.015605080102398722e-01
9.801033606777816987e-01
9.704971244170941536e-02
1.033987064590681654e-01
1.230510758430946455e-01
9.998920575227601137e-01
7.337720370359471223e-02
8.878726141799141158e-02
9.976906611452143747e-02
9.146131026413738541e-01
9.996644330366856179e-01
9.713030560066407415e-02
9.476359640472992174e-02
1.092208773879631833e-01
6.049776939836202239e-01
9.995506077242287679e-01
9.172889022740374210e-02
9.705381168885124366e-02
9.999071462078922279e-01
9.341229425768218797e-02
1.128116966627858986e-01
1.336138149941482889e-01
9.996058446337765524e-01
1.120799086394421301e-01
8.116824077417902905e-02
8.747847720044803210e-02
1.095582642338197576e-01
9.996490224472425190e-01
9.321331136352101199e-02
8.026067837768048607e-02
4.352107024955831904e-01
9.971032294720447720e-01
9.159168454405297588e-02
1.052556335252622238e-01
1.015693192624862601e-01
9.986063999131954416e-01
9.427447640834190068e-01
9.164136291704992610e-02
1.033101800824097888e-01
9.455443946958305701e-02
9.768916221006379574e-02
8.659449700145588347e-02
9.999672637924811314e-01
