9.999999983124698844e-01
9.999999983124698844e-01
9.999999983124698844e-01
9.999999983124701064e-01
9.999999983124698844e-01
9.999999983124698844e-01
9.999999983124698844e-01
9.999999983124698844e-01
9.999999983124698844e-01
9.999999983124698844e-01
9.999999983124701064e-01
9.999999983124698844e-01
9.999999983124698844e-01
9.999999983124698844e-01
9.999999983124698844e-01
9.999999983124698844e-01
9.999999983124698844e-01
9.999999983124698844e-01
9.999999983124701064e-01
9.999999983124701064e-01
9.999999983124698844e-01
9.999999983124698844e-01
9.999999983124698844e-01
9.999999983124698844e-01
9.999999983124698844e-01
9.999999983124698844e-01
9.999999983124698844e-01
9.999999983124698844e-01
9.999999983124698844e-01
9.999999983124701064e-01
9.999999983124698844e-01
9.999999983124698844e-01
9.999999983124698844e-01
9.999999983124698844e-01
9.999999983124698844e-01
9.999999983124698844e-01
9.999999983124698844e-01
9.999999983124698844e-01
9.999999983124701064e-01
9.999999983124698844e-01
9.999999983124698844e-01
9.999999983124698844e-01
9.999999983124701064e-01
9.999999983124698844e-01
9.999999983124698844e-01
9.999999983124698844e-01
9.999999983124698844e-01
9.999999983124698844e-01
9.999999983124698844e-01
9.999999983124698844e-01
9.999999983124698844e-01
9.999999983124698844e-01
9.999999983124698844e-01
9.999999983124698844e-01
9.999999983124698844e-01
9.999999983124698844e-01
9.999999983124698844e-01
9.999999983124698844e-01
9.999999983124698844e-01
9.999999983124698844e-01
9.999999983124698844e-01
9.999999983124701064e-01
9.999999983124698844e-01
9.999999983124698844e-01
