9.999999983124701064e-01
9.999999983124701064e-01
9.999999983124701064e-01
9.999999983124703284e-01
9.999999983124701064e-01
9.999999983124701064e-01
9.999999983124701064e-01
9.999999983124701064e-01
9.999999983124701064e-01
9.999999983124701064e-01
9.999999983124701064e-01
9.999999983124703284e-01
9.999999983124701064e-01
9.999999983124701064e-01
9.999999983124701064e-01
9.999999983124701064e-01
9.999999983124703284e-01
9.999999983124701064e-01
9.999999983124701064e-01
9.999999983124703284e-01
9.999999983124701064e-01
9.999999983124701064e-01
9.999999983124701064e-01
9.999999983124701064e-01
9.999999983124701064e-01
9.999999983124701064e-01
9.999999983124701064e-01
9.999999983124703284e-01
9.999999983124701064e-01
9.999999983124703284e-01
9.999999983124701064e-01
9.999999983124701064e-01
9.999999983124703284e-01
9.999999983124701064e-01
9.999999983124703284e-01
9.999999983124703284e-01
9.999999983124701064e-01
9.999999983124703284e-01
9.999999983124701064e-01
9.999999983124701064e-01
9.999999983124701064e-01
9.999999983124701064e-01
9.999999983124701064e-01
9.999999983124701064e-01
9.999999983124701064e-01
9.999999983124701064e-01
9.999999983124701064e-01
9.999999983124701064e-01
9.999999983124701064e-01
9.999999983124703284e-01
9.999999983124701064e-01
9.999999983124701064e-01
9.999999983124701064e-01
9.999999983124701064e-01
9.999999983124701064e-01
9.999999983124701064e-01
9.999999983124703284e-01
9.999999983124701064e-01
9.999999983124703284e-01
9.999999983124703284e-01
9.999999983124703284e-01
9.999999983124701064e-01
9.999999983124701064e-01
9.999999983124703284e-01
