9.999999983124714387e-01
9.999999983124712166e-01
9.999999983124712166e-01
9.999999983124714387e-01
9.999999983124712166e-01
9.999999983124712166e-01
9.999999983124712166e-01
9.999999983124714387e-01
9.999999983124712166e-01
9.999999983124712166e-01
9.999999983124712166e-01
9.999999983124714387e-01
9.999999983124712166e-01
9.999999983124712166e-01
9.999999983124712166e-01
9.999999983124712166e-01
9.999999983124714387e-01
9.999999983124714387e-01
9.999999983124712166e-01
9.999999983124712166e-01
9.999999983124712166e-01
9.999999983124712166e-01
9.999999983124714387e-01
9.999999983124714387e-01
9.999999983124714387e-01
9.999999983124712166e-01
9.999999983124712166e-01
9.999999983124714387e-01
9.999999983124712166e-01
9.999999983124714387e-01
9.999999983124712166e-01
9.999999983124712166e-01
9.999999983124712166e-01
9.999999983124712166e-01
9.999999983124714387e-01
9.999999983124712166e-01
9.999999983124712166e-01
9.999999983124714387e-01
9.999999983124712166e-01
9.999999983124712166e-01
9.999999983124712166e-01
9.999999983124714387e-01
9.999999983124714387e-01
9.999999983124712166e-01
9.999999983124712166e-01
9.999999983124714387e-01
9.999999983124712166e-01
9.999999983124712166e-01
9.999999983124712166e-01
9.999999983124712166e-01
9.999999983124712166e-01
9.999999983124712166e-01
9.999999983124714387e-01
9.999999983124712166e-01
9.999999983124714387e-01
9.999999983124714387e-01
9.999999983124712166e-01
9.999999983124712166e-01
9.999999983124712166e-01
9.999999983124712166e-01
9.999999983124712166e-01
9.999999983124712166e-01
9.999999983124712166e-01
9.999999983124712166e-01
