9.999999983124716607e-01
9.999999983124714387e-01
9.999999983124714387e-01
9.999999983124714387e-01
9.999999983124714387e-01
9.999999983124714387e-01
9.999999983124716607e-01
9.999999983124716607e-01
9.999999983124716607e-01
9.999999983124714387e-01
9.999999983124714387e-01
9.999999983124714387e-01
9.999999983124714387e-01
9.999999983124714387e-01
9.999999983124714387e-01
9.999999983124714387e-01
9.999999983124714387e-01
9.999999983124714387e-01
9.999999983124714387e-01
9.999999983124714387e-01
9.999999983124714387e-01
9.999999983124714387e-01
9.999999983124714387e-01
9.999999983124714387e-01
9.999999983124714387e-01
9.999999983124714387e-01
9.999999983124714387e-01
9.999999983124714387e-01
9.999999983124714387e-01
9.999999983124714387e-01
9.999999983124714387e-01
9.999999983124716607e-01
9.999999983124716607e-01
9.999999983124714387e-01
9.999999983124714387e-01
9.999999983124714387e-01
9.999999983124716607e-01
9.999999983124716607e-01
9.999999983124716607e-01
9.999999983124714387e-01
9.999999983124714387e-01
9.999999983124716607e-01
9.999999983124716607e-01
9.999999983124714387e-01
9.999999983124716607e-01
9.999999983124714387e-01
9.999999983124716607e-01
9.999999983124714387e-01
9.999999983124714387e-01
9.999999983124716607e-01
9.999999983124716607e-01
9.999999983124714387e-01
9.999999983124714387e-01
9.999999983124714387e-01
9.999999983124714387e-01
9.999999983124716607e-01
9.999999983124714387e-01
9.999999983124714387e-01
9.999999983124714387e-01
9.999999983124714387e-01
9.999999983124716607e-01
9.999999983124716607e-01
9.999999983124716607e-01
9.999999983124714387e-01
