9.999999983124707725e-01
9.999999983124707725e-01
9.999999983124705505e-01
9.999999983124705505e-01
9.999999983124707725e-01
9.999999983124707725e-01
9.999999983124705505e-01
9.999999983124705505e-01
9.999999983124705505e-01
9.999999983124705505e-01
9.999999983124705505e-01
9.999999983124705505e-01
9.999999983124707725e-01
9.999999983124705505e-01
9.999999983124705505e-01
9.999999983124705505e-01
9.999999983124707725e-01
9.999999983124705505e-01
9.999999983124707725e-01
9.999999983124705505e-01
9.999999983124705505e-01
9.999999983124705505e-01
9.999999983124705505e-01
9.999999983124705505e-01
9.999999983124707725e-01
9.999999983124705505e-01
9.999999983124705505e-01
9.999999983124705505e-01
9.999999983124705505e-01
9.999999983124705505e-01
9.999999983124705505e-01
9.999999983124705505e-01
9.999999983124705505e-01
9.999999983124707725e-01
9.999999983124705505e-01
9.999999983124705505e-01
9.999999983124705505e-01
9.999999983124707725e-01
9.999999983124705505e-01
9.999999983124705505e-01
9.999999983124705505e-01
9.999999983124705505e-01
9.999999983124707725e-01
9.999999983124707725e-01
9.999999983124705505e-01
9.999999983124707725e-01
9.999999983124705505e-01
9.999999983124705505e-01
9.999999983124705505e-01
9.999999983124705505e-01
9.999999983124707725e-01
9.999999983124705505e-01
9.999999983124707725e-01
9.999999983124705505e-01
9.999999983124705505e-01
9.999999983124707725e-01
9.999999983124705505e-01
9.999999983124705505e-01
9.999999983124705505e-01
9.999999983124705505e-01
9.999999983124707725e-01
9.999999983124705505e-01
9.999999983124705505e-01
9.999999983124707725e-01
