9.999999983124716607e-01
9.999999983124716607e-01
9.999999983124718828e-01
9.999999983124718828e-01
9.999999983124716607e-01
9.999999983124716607e-01
9.999999983124718828e-01
9.999999983124716607e-01
9.999999983124716607e-01
9.999999983124716607e-01
9.999999983124718828e-01
9.999999983124716607e-01
9.999999983124716607e-01
9.999999983124716607e-01
9.999999983124716607e-01
9.999999983124716607e-01
9.999999983124718828e-01
9.999999983124716607e-01
9.999999983124718828e-01
9.999999983124716607e-01
9.999999983124716607e-01
9.999999983124716607e-01
9.999999983124716607e-01
9.999999983124716607e-01
9.999999983124716607e-01
9.999999983124718828e-01
9.999999983124716607e-01
9.999999983124716607e-01
9.999999983124718828e-01
9.999999983124718828e-01
9.999999983124716607e-01
9.999999983124716607e-01
9.999999983124716607e-01
9.999999983124718828e-01
9.999999983124716607e-01
9.999999983124716607e-01
9.999999983124718828e-01
9.999999983124716607e-01
9.999999983124716607e-01
9.999999983124716607e-01
9.999999983124718828e-01
9.999999983124716607e-01
9.999999983124716607e-01
9.999999983124716607e-01
9.999999983124718828e-01
9.999999983124716607e-01
9.999999983124716607e-01
9.999999983124716607e-01
9.999999983124716607e-01
9.999999983124718828e-01
9.999999983124716607e-01
9.999999983124716607e-01
9.999999983124716607e-01
9.999999983124716607e-01
9.999999983124716607e-01
9.999999983124716607e-01
9.999999983124716607e-01
9.999999983124718828e-01
9.999999983124716607e-01
9.999999983124718828e-01
9.999999983124716607e-01
9.999999983124716607e-01
9.999999983124718828e-01
9.999999983124716607e-01
