8.031815158392490892e-05
8.031815158392490892e-05
8.031815158392490892e-05
8.031815158392490892e-05
8.031815158392490892e-05
8.031815158392490892e-05
8.031815158392490892e-05
8.031815158392490892e-05
8.031815158392490892e-05
8.031815158392490892e-05
8.031815158392490892e-05
8.031815158392490892e-05
8.031815158392490892e-05
8.031815158392490892e-05
8.031815158392490892e-05
8.031815158392490892e-05
8.031815158392490892e-05
8.031815158392490892e-05
8.031815158392490892e-05
8.031815158392490892e-05
8.031815158392490892e-05
8.031815158392490892e-05
8.031815158392490892e-05
8.031815158392490892e-05
8.031815158392490892e-05
8.031815158392490892e-05
8.031815158392490892e-05
8.031815158392490892e-05
8.031815158392490892e-05
8.031815158392490892e-05
8.031815158392490892e-05
8.031815158392490892e-05
8.031815158392490892e-05
8.031815158392490892e-05
8.031815158392490892e-05
8.031815158392490892e-05
8.031815158392490892e-05
8.031815158392490892e-05
8.031815158392490892e-05
8.031815158392490892e-05
8.031815158392490892e-05
8.031815158392490892e-05
8.031815158392490892e-05
8.031815158392490892e-05
8.031815158392490892e-05
8.031815158392490892e-05
8.031815158392490892e-05
8.031815158392490892e-05
8.031815158392490892e-05
8.031815158392490892e-05
8.031815158392490892e-05
8.031815158392490892e-05
8.031815158392490892e-05
8.031815158392490892e-05
8.031815158392490892e-05
8.031815158392490892e-05
8.031815158392490892e-05
8.031815158392490892e-05
8.031815158392490892e-05
8.031815158392490892e-05
8.031815158392490892e-05
8.031815158392490892e-05
8.031815158392490892e-05
8.031815158392490892e-05
