9.992610382736405450e-01
9.992549031212284438e-01
3.425922137330625415e-05
9.992388336578612584e-01
9.992364832449003309e-01
9.992422486086992572e-01
1.448057294133852898e-04
9.992360801863088282e-01
9.992424597853529766e-01
9.992424923472862375e-01
9.992339920411725807e-01
9.992829979445913002e-01
9.992356272712098475e-01
9.992386680584172121e-01
9.992390295842180636e-01
9.992425112495932904e-01
9.992425168006733305e-01
9.992329225425872208e-01
9.991284523839198961e-01
9.992391052984463951e-01
9.992388279941594176e-01
9.992357031070733253e-01
9.992287367609581361e-01
9.992309720614337420e-01
9.991683375695712410e-01
9.992411313164231146e-01
9.992379079521668261e-01
9.992377019567206808e-01
4.410641436399910054e-05
9.992417270933111606e-01
9.992703133013919325e-01
9.992970935578298075e-01
9.992366715144713751e-01
9.992369719439262443e-01
4.661221291246950201e-05
4.404342349454601596e-05
9.993282717422214967e-01
4.794101398292281176e-05
9.992347193541263328e-01
