9.996974389080253154e-01
2.134192174607152121e-03
9.996979629404817436e-01
9.996972623364344113e-01
9.996977637838815323e-01
9.996972614474552987e-01
9.996972614469715745e-01
2.062317458900842816e-03
9.996972614659535017e-01
9.997086803962804691e-01
9.996972576752265471e-01
9.997252861602277108e-01
9.995900186671787813e-01
9.996972635945994279e-01
1.047555242292923239e-02
9.996972614469717966e-01
9.996972614476787866e-01
9.997051868813654485e-01
9.996972887508590588e-01
2.115484579171418664e-03
9.996972614468578877e-01
9.996972614469717966e-01
9.996972614469717966e-01
9.996994869908994996e-01
9.997297135607235985e-01
9.997389789901157675e-01
9.997316494535964937e-01
9.996988492951699445e-01
9.996972614469717966e-01
2.573397833139224548e-03
9.996972614469717966e-01
2.928115315696738948e-03
9.996972614469691321e-01
9.996972614469717966e-01
9.996972614469717966e-01
9.996972614469717966e-01
9.996977665463621099e-01
9.997343380012149172e-01
9.996972614469717966e-01
