9.992899063454262487e-01
9.987816317396990273e-01
9.992835617132952430e-01
9.992869323421325056e-01
9.992899686302808560e-01
9.992899980462174314e-01
9.565578655167020772e-01
9.992783948859247367e-01
9.992878184007998321e-01
9.992770401795538771e-01
7.571603817049944024e-05
5.426154955251048708e-05
2.021474232680781861e-03
9.992743501693476249e-01
4.756669279581698278e-05
5.760952311494019662e-05
9.993137787935453265e-01
9.992861814082979466e-01
9.992707025563758449e-01
9.992878365504989091e-01
9.992773732322458580e-01
9.992815524143585648e-01
9.992896419937354890e-01
9.992726431332700221e-01
9.992727344193901295e-01
9.993132312287797969e-01
9.992896259982970708e-01
5.143815472555074919e-05
9.992614871195200088e-01
9.993131343642914777e-01
4.423805074580856194e-05
9.992694833605594296e-01
9.739478802518984901e-01
9.992902148650958383e-01
6.648035413324567770e-05
9.992890435127307347e-01
9.992902204267484212e-01
9.992822314782604520e-01
9.992934835412209393e-01
9.992434891285556509e-01
