9.996692813511356412e-01
9.996759059609348075e-01
9.996038313272890274e-01
9.996821053202505913e-01
9.996699271964500921e-01
4.718528212017793558e-04
9.996700254882134873e-01
9.996782709691687252e-01
9.996691297461721692e-01
9.996761507226805676e-01
9.996698269132785475e-01
9.996697422466606087e-01
9.996972683901093060e-01
4.183832417032614520e-02
9.996696350257925356e-01
9.996745608625252633e-01
9.996759636978398422e-01
9.996818373088053322e-01
4.871704643735108218e-04
4.807906946649984667e-04
9.996723139229864996e-01
9.996695539965259059e-01
4.313572865264369053e-04
9.994340788644747731e-01
9.996807242421756889e-01
3.370526598554256280e-04
9.996702996544433173e-01
9.996710532476346112e-01
9.996738588463800479e-01
9.996694969171170397e-01
9.996708512019332193e-01
9.996694617482518863e-01
9.996710632129054419e-01
9.996763769743193251e-01
9.996694191432143883e-01
9.996719800413915724e-01
9.996717262579476460e-01
9.996735107956105093e-01
9.997072824080065478e-01
