6.052612438394778561e-04
9.999025382142280316e-01
9.999025381476034369e-01
5.776021300928157283e-04
9.999025381476036589e-01
9.999025381593488193e-01
9.999025381476034369e-01
9.999025381476034369e-01
9.999025544022133172e-01
5.176891751848118573e-04
9.999033502598154710e-01
9.998823090537820590e-01
9.999025406612134237e-01
1.859806040948762049e-02
9.999058994732140659e-01
9.999025381476034369e-01
9.999025390987994477e-01
9.999025408124287972e-01
5.602466867217687808e-04
9.999025386034455787e-01
9.999058187249593166e-01
5.003405485999348201e-01
9.999025381476034369e-01
9.998970031518691348e-01
9.999025511980209613e-01
9.999025397497920409e-01
9.999025381476045471e-01
9.999025382424157060e-01
9.999025381902336695e-01
9.999025382069610668e-01
9.999025381584677463e-01
9.999025381476034369e-01
9.999025397685968874e-01
9.999025381476034369e-01
9.999147481026010587e-01
9.999054770736948150e-01
9.999054874452808495e-01
9.999025381476063234e-01
9.999025381476072116e-01
