9.994444408914434641e-01
9.994444344424345816e-01
9.994453510312319988e-01
9.797315451950088932e-07
9.994444177885632996e-01
9.994444347771208603e-01
9.994444311150536553e-01
9.276920510957440444e-07
9.995035805510036342e-01
9.994444408936328239e-01
9.994447772710381983e-01
9.994444223900876834e-01
9.994444408936328239e-01
9.994444365699332034e-01
9.994442792063394920e-01
9.994444405255551445e-01
9.995150752451884557e-01
9.994456611850818240e-01
9.994444124275102537e-01
9.994444108573513619e-01
9.994167072411859198e-01
8.959935768035803356e-07
7.856922581021408724e-07
9.994490978723874486e-01
9.994444592734703647e-01
9.994443388343540180e-01
9.994441870993836519e-01
9.127472141344122927e-07
1.104029006603495425e-06
9.994443971286433026e-01
9.994444397932958912e-01
9.994443198265841044e-01
1.317640875439010436e-06
2.032986013615111764e-06
9.994443285393390664e-01
9.619149403177826630e-07
9.995597292558875413e-01
9.994444334471959124e-01
9.994442175062582256e-01
9.994444350023127255e-01
