9.995133979288972625e-01
9.294051159855862831e-01
9.994585213283558867e-01
7.211357285103539572e-04
9.994695367925663376e-01
9.994696537745421105e-01
9.994695409770384398e-01
9.995209363835028116e-01
9.994695014267449551e-01
9.994693595176378231e-01
9.994700752467089444e-01
9.994695409770384398e-01
9.995189593498950975e-01
9.994695409620140136e-01
9.994981332346916103e-01
9.994974402178690154e-01
9.994695409384829476e-01
9.993903300517111843e-01
9.994698831479750245e-01
9.994695389539356434e-01
9.993911210955137570e-01
2.834901330221705797e-03
5.532217373901332285e-04
9.994695409767470062e-01
9.994694950747027296e-01
9.994692961540913023e-01
9.994583941120778192e-01
9.994696181362049403e-01
9.994695133859362590e-01
9.994695675031017856e-01
9.994692908855279390e-01
9.994693776974490351e-01
7.632586589859297922e-04
9.994694866293863944e-01
1.185775398436930391e-03
9.994693159694402196e-01
9.534393671921961811e-04
6.599581324399016961e-04
9.994717172047711262e-01
