9.999607666121368421e-01
9.999616170780010194e-01
9.999645948796759276e-01
4.526643760326857363e-03
9.999612882250145107e-01
5.648030364788516298e-03
9.999614117985043960e-01
9.999616166833279474e-01
9.999615273842079599e-01
9.990708780994099758e-01
9.999616144837308873e-01
9.999616170780023516e-01
9.999616170779863644e-01
1.294711389768183653e-02
9.999617018235924526e-01
9.999616170752161359e-01
9.999616170780010194e-01
9.999695047606155240e-01
9.999616170776619573e-01
9.999688330306566453e-01
9.999612870236004314e-01
9.999616169944234301e-01
9.999615453828398781e-01
9.999615858588521977e-01
9.999609187283611256e-01
9.999615083371530266e-01
9.999616170267789927e-01
9.999614821820834720e-01
9.999616059912429522e-01
9.999615268301575988e-01
9.999616170780023516e-01
9.999616170609060273e-01
9.999688490165459243e-01
9.999615989475776345e-01
9.999614771006463121e-01
9.999616166351985580e-01
9.999450444072270905e-01
9.999616085795067777e-01
9.999616170768815815e-01
