9.999850105336355321e-01
9.999850505028811121e-01
9.999870957704588559e-01
9.999850470101631084e-01
9.999875339379177275e-01
9.999850095367852632e-01
9.878821794248794641e-03
9.999887901079749231e-01
9.999850503771361421e-01
9.999878310399433756e-01
9.999857405683350020e-01
9.999850460360878435e-01
9.999831462158819129e-01
9.999850504715049881e-01
9.999850505078481389e-01
9.999850505090476238e-01
9.999850413631781176e-01
9.999850485140047152e-01
9.999850172175754892e-01
9.999850505080286611e-01
9.999855687150362993e-01
9.999850478533793829e-01
9.999850505090571717e-01
9.999850087916720698e-01
9.999847391826193199e-01
9.999882287208751164e-01
8.404347621635631371e-03
9.999881990929768705e-01
9.999854430699665064e-01
9.999850505090576158e-01
9.999850491394036700e-01
9.999850020823819463e-01
9.999872816988655266e-01
9.999850441183533167e-01
9.999850492653337142e-01
9.999850467591112624e-01
8.473232262547069835e-03
9.999857096903300713e-01
9.999854630693278956e-01
1.069876557983271206e-02
