1.127319965674868085e-01
9.793517817465775821e-02
9.855564233708870303e-02
9.990055268052359105e-01
8.140164065751627487e-02
1.047121725512869805e-01
3.205980557593054447e-01
1.108711526306876832e-01
8.595517921591193378e-02
9.875580131203984258e-02
9.986189402902392320e-01
9.934221128579810711e-02
9.915990444853829411e-01
5.811949685039986546e-01
4.184526220444140798e-01
4.604913678680904732e-01
1.978797925425680171e-01
8.406653695001037319e-02
9.983920667619492484e-01
9.895386901750631292e-01
9.684383220527249814e-02
8.593203428181228620e-02
9.218770874536429127e-02
9.533457785472967960e-02
1.050673570987941535e-01
8.741934941237163026e-02
2.397795961014831390e-01
1.103164077653213532e-01
9.402788862668388925e-02
9.994494220175089705e-01
9.521479999323943788e-02
5.051438424865495325e-01
8.704977785726016049e-02
2.266197030494922493e-01
2.190388894792644481e-01
1.201842831123432903e-01
1.038986222506707996e-01
2.682069683189831077e-01
9.983370065986975073e-01
9.980681379074479720e-01
4.280592432504245481e-01
8.869016187064472645e-02
9.972534718181707003e-01
9.751326479377596668e-01
1.038986253933468495e-01
9.195285568353020467e-02
2.082878526187252888e-01
9.982446630355590322e-01
9.435409906231595478e-01
1.071379754036586723e-01
9.838067326580678118e-02
9.419542748448772596e-02
9.697744461971216090e-01
6.845759651457157258e-01
9.679414089339000160e-02
8.586614512741171101e-02
9.216785806316943330e-02
9.100285283776575473e-02
9.522706792025532885e-02
2.330364033705232818e-01
8.133729049569238256e-02
9.990973694280828044e-01
9.803546195476926794e-02
9.672988193559291237e-02
