2.134969853109595084e-01
9.649517413468557958e-01
6.213209183559360166e-02
6.523887201723950480e-02
7.420939492232997425e-02
6.115868998575216958e-02
1.586095604604326470e-01
9.353171188595859054e-01
7.498336958389101303e-02
7.664803857662598474e-02
6.701373404688358570e-02
9.991898736039369622e-01
8.351360516645763010e-02
7.282906812823922160e-02
8.188586277574128047e-02
6.868847988691489936e-02
7.328136391279020667e-02
1.024794256058577380e-01
2.158337900902325968e-01
7.306625811742563370e-02
6.483266323762965078e-02
7.234091146709609177e-02
7.165435989009179274e-02
9.995443039688163278e-01
8.185621810624979511e-02
6.961394423208927540e-02
8.795376872914917321e-01
6.321911613321662404e-02
6.873599246891715087e-02
2.504387521091056001e-01
9.855378300620663001e-01
5.792445483048606208e-02
9.973949671371956649e-01
9.996653178202288270e-01
6.550471807191980689e-02
6.344613732175762022e-02
8.175136909704905364e-02
9.358233215171826158e-01
6.656136186518796238e-02
6.950691500348600560e-02
1.717613593837003794e-01
9.996559830486373421e-01
7.025162514624677668e-02
1.367574873208809438e-01
8.838496792517086531e-02
9.994542606357561532e-01
9.242418932706152335e-01
7.230211691655204220e-02
6.958813838108915406e-02
9.995775462092355568e-01
9.921264090522684542e-01
7.575146945628176420e-02
9.971461690369178843e-01
7.012575761802179730e-02
8.630827064136895044e-02
9.994358420253823816e-01
6.561757601690929032e-02
9.541558112348647036e-02
6.474093089409542479e-02
6.935440157837599595e-02
9.475602087088463854e-02
1.011964655081782211e-01
6.983142801195875438e-02
8.188586247694884523e-02
