6.380720865675455766e-02
4.827644026377320846e-02
7.652056922534097860e-02
9.691219494513023669e-01
1.419807594267388229e-01
5.926196956140444838e-02
6.492658084778255012e-02
6.060419976580180140e-02
5.169530688931053830e-02
6.376290163127680544e-02
4.696172764905310881e-01
4.946349390049983308e-01
5.038073312838702716e-02
5.779364275645857557e-02
5.710393320065844380e-02
1.766189221139263521e-01
4.457495677408331303e-01
5.910328144218457425e-02
6.011185548289767894e-02
9.996047337476113848e-01
5.447382864424814286e-02
1.030370386364259511e-01
5.447408149782251990e-02
5.012949280097284133e-02
5.954399677001106367e-02
6.238198100341876828e-02
6.463631935359495650e-02
9.516138950721140244e-01
6.873754477506567595e-02
2.040650283493504469e-01
9.995690843633940892e-01
6.873634163267629271e-02
1.708986563151694282e-01
6.785003029927506868e-02
9.992503617212765699e-01
9.973912082549839520e-01
3.991499410020523109e-01
9.400402834732172197e-01
9.993767250629971288e-01
5.721424489233228189e-02
1.351288383038806162e-01
6.085764633355594116e-02
1.550106571942564126e-01
5.447385274603997601e-02
6.361980251218052329e-02
5.545061331281146699e-02
6.465019649867718987e-02
5.978997717849226373e-02
5.422757561256005832e-02
8.764934991208884751e-01
2.322850557892809642e-01
8.317453395633234159e-02
6.103684729342389453e-02
6.083333008917234802e-02
9.996470386751143966e-01
8.652512535200236610e-02
9.997934573792874868e-01
6.053124787383860200e-02
4.520752671090015329e-01
5.755590063851333538e-01
9.994454919916716529e-01
5.078109771495785407e-02
4.858818309946739272e-02
9.973562643528464111e-01
