9.993054096577616008e-01
7.512569939667769481e-02
9.006510745135598572e-02
9.993220389735951725e-01
8.677239073259290780e-02
7.281876932357464471e-02
8.447664282938187330e-02
9.959622531724868777e-01
6.526804740019463702e-02
8.676813760721524549e-02
7.643900494719062244e-02
3.197107523256492168e-01
8.144526853884377637e-02
7.034178927044412721e-02
4.266273648416636366e-01
7.625796950540966734e-02
9.997424550679034905e-01
9.997284727514269553e-01
9.540032142401162485e-01
8.580033116930267656e-02
6.484278815684867137e-02
8.999847845345515518e-01
9.966629977471042068e-01
1.075566296200685390e-01
9.996924435598022463e-01
1.106976569180238429e-01
8.145743068434804779e-02
9.980816268893505372e-01
7.965583963507592846e-02
8.206121979134253230e-01
8.143982780337014060e-02
7.628761964646807447e-02
7.351617955609331123e-02
7.707890057767319281e-02
9.382536836331403785e-02
9.990495565647136145e-01
7.397657656007128324e-02
9.992440413364941376e-01
7.298145222936160137e-02
7.238096494012150051e-02
1.145451122380939796e-01
9.996382900807345706e-01
9.973747180056143913e-01
1.007989183866789540e-01
9.639653181804072601e-02
9.996430248037645461e-01
8.179263331627799338e-02
4.780814910509853521e-01
8.009214180269481898e-02
1.318422305782953607e-01
7.191118878918642543e-02
9.377658824571484530e-02
1.155847229760296607e-01
7.404019411371651205e-02
9.977237171701706098e-01
9.979378843729688198e-01
9.874344061454970456e-01
8.540934684009593436e-02
7.904483654818861282e-02
8.149934882094266031e-02
7.159905365431981639e-02
8.126084088376819836e-02
9.990137886096748243e-01
9.988600424186396820e-01
