4.835604265130487300e-02
4.408967091842773411e-02
3.933441690001221458e-02
3.140468055009971171e-01
6.595054745736499135e-02
4.247314700403113236e-02
9.997341461322079015e-01
4.255507115293030718e-02
4.614695196983068654e-02
9.997003781116521326e-01
4.055290895275606017e-02
9.998102071535925894e-01
4.537601777797889424e-02
5.151893176861258028e-02
9.983776142035610812e-01
3.923275054994495442e-02
9.997413293727918093e-01
9.995200953257900034e-01
3.420161213490412189e-02
4.320762060497963103e-02
9.983244517588133471e-01
4.162500689331612158e-02
3.665390183171356869e-02
9.985407621099130493e-01
4.084886843970064046e-02
4.242320803165476606e-02
3.855559571866550711e-02
4.256848220783923664e-02
3.913661579529799373e-02
4.537601813953508895e-02
3.324108893357919370e-01
9.997632960820697079e-01
4.408986261480433294e-02
9.778975304124460921e-01
2.264680195127419804e-01
9.997081960739286899e-01
4.508968139714322754e-02
2.446261494107502821e-01
4.114447742342162290e-02
1.713582287650702307e-01
9.996958498282836336e-01
8.148006605316252537e-01
9.988465255798484321e-01
3.686673669635132100e-02
1.445671864320762501e-01
4.656296418861988751e-01
9.953344824128269597e-01
3.482293485449518000e-01
4.934338321690009965e-02
2.404353582442094184e-01
3.051367994787695381e-01
4.720536236046709438e-02
7.075740580704771576e-02
2.103150059799571425e-01
9.997832420236733020e-01
5.364330529444245599e-01
9.991165767694105693e-01
4.045340308334689078e-02
9.959287947567914134e-01
3.867099763985970551e-02
9.906533106864565674e-01
9.979910930967808014e-01
1.782597642976308794e-01
5.386112932789247076e-02
