9.951225855177927571e-01
8.065502675201893790e-02
1.093329180028742020e-01
7.778005413153804559e-02
8.305331230352396010e-02
8.974762708415514600e-01
9.990002515264181371e-01
9.988067331737561227e-01
2.140654850394581032e-01
6.703688526884357679e-02
7.519925680207016627e-02
6.932460396651086987e-02
7.080560202075647513e-02
2.969388161292386141e-01
6.703689755168038000e-02
6.678068649619658959e-02
4.660721135034050500e-01
1.246963177318233390e-01
8.211498864804216147e-02
6.413925259212488461e-02
7.059117510570829535e-02
3.484202709262261277e-01
1.035092471294136451e-01
7.554919256786050974e-02
9.752062300592887478e-01
9.994517580344348673e-01
7.291208651768904536e-02
7.615075285165086305e-02
1.458299883160275590e-01
1.218742988202234645e-01
7.880871822066666532e-02
9.990885834161866708e-01
2.865362814566596583e-01
7.869795792143501056e-02
9.914374309170145283e-01
4.670978221655879281e-01
9.945316284942251617e-01
9.977641533534585827e-01
9.992843101054010857e-01
6.053044392196934437e-02
7.365206134258824033e-02
9.995335678037718941e-01
7.587911516175707138e-01
7.855899974887747828e-02
9.203301595841149041e-01
8.303615448992357484e-02
9.988541453436601270e-01
6.627294166413526255e-02
7.392417167925179056e-02
9.979676467709903687e-01
9.473621191104727446e-01
1.120571305040589660e-01
6.703687580728875939e-02
9.906098677195457336e-02
7.587140156400390412e-02
9.996004209919396866e-01
7.592189231411219930e-02
9.965032618187242841e-01
8.409835829765247017e-02
6.720178251354884391e-02
9.765004479335545051e-01
3.535187444602795881e-01
9.995526167025098330e-01
6.510092951905611935e-02
