9.986196254464289046e-01
8.473928092023808034e-01
2.396848841358138749e-01
9.701355898917597420e-01
8.632799125364054582e-01
9.785614234081391194e-01
2.136521388323518178e-01
7.107593420862985401e-01
1.406454442881410194e-01
9.981576400538457738e-01
4.521234627825240215e-01
9.886361966145842395e-01
9.843579661782997370e-01
9.939118196078789991e-01
1.493249500198753910e-01
1.623135925814508940e-01
3.636594590915508962e-01
1.616741045503730101e-01
7.965982133167555101e-01
1.925797496321560720e-01
9.237935710248451615e-01
1.626288238862531876e-01
1.562090634663242938e-01
1.494086450758016216e-01
9.985642132168901508e-01
1.788861390025714981e-01
1.493191598562790268e-01
9.970800835173977417e-01
1.788551406053204840e-01
1.552339885371361583e-01
9.372435686129559906e-01
7.653852699483157940e-01
1.824854593703420791e-01
9.989850468380930826e-01
1.618385617565886725e-01
1.540922617708033182e-01
1.493194558605176470e-01
9.977272259276100952e-01
1.416158597758657711e-01
1.648303086174559007e-01
1.793435793337100070e-01
9.844392939056341163e-01
9.692658360912302928e-01
9.708791463770272134e-01
8.362676908365119788e-01
9.990630876234110058e-01
1.705392626342017992e-01
1.722588895649997953e-01
9.987862565029236306e-01
9.527520140502337975e-01
9.700875105408151011e-01
1.822972302396806965e-01
9.980229362931207771e-01
1.824854565096824532e-01
1.618918430015059418e-01
9.990120612749768814e-01
8.886137673186353947e-01
1.778011863088593825e-01
1.772235652086408264e-01
1.552339847168378306e-01
9.979480434707236336e-01
2.413084935117165708e-01
1.407093327606840361e-01
9.653783278581187233e-01
