2.090822620019002209e-01
2.445275328665250103e-01
6.029338278606166668e-01
9.861667124488784353e-01
2.090849078028828301e-01
9.954182933812869560e-01
9.419310305936950956e-01
2.406548706445163222e-01
2.491290240880079943e-01
2.288186040123069975e-01
9.987020761952986048e-01
9.985709825226464220e-01
2.597341040106314614e-01
2.292806939341688888e-01
2.925207548155045467e-01
2.534835946065909784e-01
9.021032189206021901e-01
9.740727011105139166e-01
9.976407713852560866e-01
2.426859362339976456e-01
2.384427193801373357e-01
2.209943315404789277e-01
2.453510503693796252e-01
2.382563839575913833e-01
2.484952767615153935e-01
9.983552560235501305e-01
1.993969340861954931e-01
2.185022337741825971e-01
9.976935456673914349e-01
9.973675096409522212e-01
2.713797264584125735e-01
2.237292275414065057e-01
2.150229572871334427e-01
9.856762991632395110e-01
2.337966389366136488e-01
2.345693020834035136e-01
9.982779894962126033e-01
2.750697996180472837e-01
1.961304559314090146e-01
2.581379462951972625e-01
9.746712442928721076e-01
9.818497569358076715e-01
2.467944314320456023e-01
2.230155691005957508e-01
9.956167110846353419e-01
9.520975751303855095e-01
2.384427236436677255e-01
2.635609215322808341e-01
2.321350228081345834e-01
3.569304506869257487e-01
7.397539561299715238e-01
9.659931128377003962e-01
2.382441252559306943e-01
2.113756650231262135e-01
2.086377904484859047e-01
3.617818305273438062e-01
9.974967915294287168e-01
9.983745443812404030e-01
2.206843066516932517e-01
9.987354610639244124e-01
2.361816643976981378e-01
2.238234827962140572e-01
9.975691052280002413e-01
2.802543982062020156e-01
