2.890121563326913390e-01
9.998338914572143521e-01
9.999569911313271886e-01
9.983904643809521362e-01
9.999430587318435260e-01
9.840591668543114956e-01
7.032991105557616640e-01
9.999550827605795389e-01
9.980240357889846869e-01
9.999704908002704506e-01
2.714273001114108075e-01
3.209083329009413954e-01
2.249680448870317040e-01
2.689705688162371544e-01
2.555399733931070783e-01
2.629899404661665829e-01
9.991026265715569066e-01
9.020466590772574511e-01
2.314048214615977428e-01
9.999164868789858218e-01
2.182834863127106340e-01
2.323577380436818718e-01
9.342956127417761936e-01
2.486965941818253534e-01
2.319648762662271657e-01
2.579439744185669237e-01
3.027825998904040694e-01
9.348743625346196406e-01
3.887465484982374764e-01
3.416872876017285066e-01
2.851388293478859248e-01
9.970985289105767091e-01
1.994589845360683622e-01
2.515506438760223840e-01
5.106803897873871678e-01
9.952078005775605307e-01
2.511209679482039880e-01
8.232294829407057479e-01
2.621340100926858874e-01
9.997729504848988924e-01
2.866376056445413267e-01
2.313353355547639323e-01
9.996827331742521583e-01
9.989008615103585065e-01
3.337442077176034916e-01
2.972006285858936891e-01
9.644297393141655350e-01
9.999714059578841407e-01
2.721028938333109326e-01
2.694588507177216319e-01
3.030471642335100246e-01
1.955716980855558285e-01
3.013279131298113311e-01
2.777827067755013757e-01
2.972235915360140202e-01
2.229654072309826540e-01
2.278965032632758181e-01
2.747201721156045107e-01
2.485542512893363087e-01
2.463948120038397527e-01
9.971916840530440362e-01
2.774147854779145939e-01
2.433669276518702906e-01
2.795433977344892185e-01
