9.998011706387003317e-01
1.704347917416584868e-01
1.616477206840772618e-01
9.998759883116229430e-01
2.813558670515430293e-01
1.433325762105018275e-01
1.912550020872327283e-01
9.999197366472708515e-01
1.229066019732899806e-01
5.514558440320526111e-01
1.534324800758330165e-01
5.973232295295077821e-01
1.730437976242807929e-01
2.111420948963282085e-01
1.413674176106713420e-01
1.322060946210694699e-01
1.433549838696140388e-01
4.757946883966907015e-01
1.230093947615864131e-01
7.315911965754842150e-01
1.477627413336104201e-01
1.479509494852415952e-01
1.532542132218857878e-01
9.745104065510622471e-01
1.367776115999352060e-01
1.311681446134287388e-01
1.365469767780232435e-01
9.996966513905963803e-01
1.402434379998326874e-01
1.394261388525472323e-01
1.143552764309853226e-01
9.199651763131311277e-01
9.994486267678699409e-01
1.304261630332162747e-01
1.465716859465485689e-01
1.659275266134608851e-01
6.946538906674588620e-01
9.990613044363471085e-01
1.612870879382043987e-01
1.487082220974554891e-01
9.997637764304164731e-01
1.301599496282695445e-01
1.312457906936210228e-01
1.438819131652669114e-01
9.989566520949925144e-01
1.567128711628447690e-01
1.097627480723390864e-01
1.228682170740107160e-01
1.436601913801664188e-01
9.994921481259266827e-01
1.410464084859497369e-01
1.228682066852212762e-01
6.649590574119051967e-01
9.850314017160357594e-01
1.307179050340902537e-01
1.328927438676568429e-01
1.294085462023908117e-01
9.981910049428442955e-01
9.426678202945754093e-01
1.285141922492210320e-01
1.426448754182930156e-01
1.122889814623799914e-01
1.318141342466648824e-01
1.088595077545889273e-01
9.999436121248923559e-01
