1.127319965674868085e-01
9.793517817465775821e-02
9.855564233708870303e-02
9.990055268052359105e-01
8.140164065751627487e-02
1.047121725512869805e-01
3.205980557593054447e-01
1.108711526306876832e-01
8.595517921591193378e-02
9.875580131203984258e-02
9.986189402902392320e-01
9.934221128579810711e-02
9.915990444853829411e-01
5.811949685039986546e-01
4.184526220444140798e-01
4.604913678680904732e-01
1.978797925425680171e-01
8.406653695001037319e-02
9.983920667619492484e-01
9.895386901750631292e-01
9.684383220527249814e-02
8.593203428181228620e-02
9.218770874536429127e-02
9.533457785472967960e-02
1.050673570987941535e-01
8.741934941237163026e-02
2.397795961014831390e-01
1.103164077653213532e-01
9.402788862668388925e-02
9.994494220175089705e-01
9.521479999323943788e-02
5.051438424865495325e-01
8.704977785726016049e-02
2.266197030494922493e-01
2.190388894792644481e-01
1.201842831123432903e-01
1.038986222506707996e-01
2.682069683189831077e-01
9.983370065986975073e-01
9.980681379074479720e-01
4.280592432504245481e-01
8.869016187064472645e-02
9.972534718181707003e-01
9.751326479377596668e-01
1.038986253933468495e-01
9.195285568353020467e-02
2.082878526187252888e-01
9.982446630355590322e-01
9.435409906231595478e-01
1.071379754036586723e-01
9.838067326580678118e-02
9.419542748448772596e-02
9.697744461971216090e-01
6.845759651457157258e-01
9.679414089339000160e-02
8.586614512741171101e-02
9.216785806316943330e-02
9.100285283776575473e-02
9.522706792025532885e-02
2.330364033705232818e-01
8.133729049569238256e-02
9.990973694280828044e-01
9.803546195476926794e-02
9.672988193559291237e-02
2.134969853109595084e-01
9.649517413468557958e-01
6.213209183559360166e-02
6.523887201723950480e-02
7.420939492232997425e-02
6.115868998575216958e-02
1.586095604604326470e-01
9.353171188595859054e-01
7.498336958389101303e-02
7.664803857662598474e-02
6.701373404688358570e-02
9.991898736039369622e-01
8.351360516645763010e-02
7.282906812823922160e-02
8.188586277574128047e-02
6.868847988691489936e-02
7.328136391279020667e-02
1.024794256058577380e-01
2.158337900902325968e-01
7.306625811742563370e-02
6.483266323762965078e-02
7.234091146709609177e-02
7.165435989009179274e-02
9.995443039688163278e-01
8.185621810624979511e-02
6.961394423208927540e-02
8.795376872914917321e-01
6.321911613321662404e-02
6.873599246891715087e-02
2.504387521091056001e-01
9.855378300620663001e-01
5.792445483048606208e-02
9.973949671371956649e-01
9.996653178202288270e-01
6.550471807191980689e-02
6.344613732175762022e-02
8.175136909704905364e-02
9.358233215171826158e-01
6.656136186518796238e-02
6.950691500348600560e-02
1.717613593837003794e-01
9.996559830486373421e-01
7.025162514624677668e-02
1.367574873208809438e-01
8.838496792517086531e-02
9.994542606357561532e-01
9.242418932706152335e-01
7.230211691655204220e-02
6.958813838108915406e-02
9.995775462092355568e-01
9.921264090522684542e-01
7.575146945628176420e-02
9.971461690369178843e-01
7.012575761802179730e-02
8.630827064136895044e-02
9.994358420253823816e-01
6.561757601690929032e-02
9.541558112348647036e-02
6.474093089409542479e-02
6.935440157837599595e-02
9.475602087088463854e-02
1.011964655081782211e-01
6.983142801195875438e-02
8.188586247694884523e-02
6.380720865675455766e-02
4.827644026377320846e-02
7.652056922534097860e-02
9.691219494513023669e-01
1.419807594267388229e-01
5.926196956140444838e-02
6.492658084778255012e-02
6.060419976580180140e-02
5.169530688931053830e-02
6.376290163127680544e-02
4.696172764905310881e-01
4.946349390049983308e-01
5.038073312838702716e-02
5.779364275645857557e-02
5.710393320065844380e-02
1.766189221139263521e-01
4.457495677408331303e-01
5.910328144218457425e-02
6.011185548289767894e-02
9.996047337476113848e-01
5.447382864424814286e-02
1.030370386364259511e-01
5.447408149782251990e-02
5.012949280097284133e-02
5.954399677001106367e-02
6.238198100341876828e-02
6.463631935359495650e-02
9.516138950721140244e-01
6.873754477506567595e-02
2.040650283493504469e-01
9.995690843633940892e-01
6.873634163267629271e-02
1.708986563151694282e-01
6.785003029927506868e-02
9.992503617212765699e-01
9.973912082549839520e-01
3.991499410020523109e-01
9.400402834732172197e-01
9.993767250629971288e-01
5.721424489233228189e-02
1.351288383038806162e-01
6.085764633355594116e-02
1.550106571942564126e-01
5.447385274603997601e-02
6.361980251218052329e-02
5.545061331281146699e-02
6.465019649867718987e-02
5.978997717849226373e-02
5.422757561256005832e-02
8.764934991208884751e-01
2.322850557892809642e-01
8.317453395633234159e-02
6.103684729342389453e-02
6.083333008917234802e-02
9.996470386751143966e-01
8.652512535200236610e-02
9.997934573792874868e-01
6.053124787383860200e-02
4.520752671090015329e-01
5.755590063851333538e-01
9.994454919916716529e-01
5.078109771495785407e-02
4.858818309946739272e-02
9.973562643528464111e-01
9.993054096577616008e-01
7.512569939667769481e-02
9.006510745135598572e-02
9.993220389735951725e-01
8.677239073259290780e-02
7.281876932357464471e-02
8.447664282938187330e-02
9.959622531724868777e-01
6.526804740019463702e-02
8.676813760721524549e-02
7.643900494719062244e-02
3.197107523256492168e-01
8.144526853884377637e-02
7.034178927044412721e-02
4.266273648416636366e-01
7.625796950540966734e-02
9.997424550679034905e-01
9.997284727514269553e-01
9.540032142401162485e-01
8.580033116930267656e-02
6.484278815684867137e-02
8.999847845345515518e-01
9.966629977471042068e-01
1.075566296200685390e-01
9.996924435598022463e-01
1.106976569180238429e-01
8.145743068434804779e-02
9.980816268893505372e-01
7.965583963507592846e-02
8.206121979134253230e-01
8.143982780337014060e-02
7.628761964646807447e-02
7.351617955609331123e-02
7.707890057767319281e-02
9.382536836331403785e-02
9.990495565647136145e-01
7.397657656007128324e-02
9.992440413364941376e-01
7.298145222936160137e-02
7.238096494012150051e-02
1.145451122380939796e-01
9.996382900807345706e-01
9.973747180056143913e-01
1.007989183866789540e-01
9.639653181804072601e-02
9.996430248037645461e-01
8.179263331627799338e-02
4.780814910509853521e-01
8.009214180269481898e-02
1.318422305782953607e-01
7.191118878918642543e-02
9.377658824571484530e-02
1.155847229760296607e-01
7.404019411371651205e-02
9.977237171701706098e-01
9.979378843729688198e-01
9.874344061454970456e-01
8.540934684009593436e-02
7.904483654818861282e-02
8.149934882094266031e-02
7.159905365431981639e-02
8.126084088376819836e-02
9.990137886096748243e-01
9.988600424186396820e-01
4.835604265130487300e-02
4.408967091842773411e-02
3.933441690001221458e-02
3.140468055009971171e-01
6.595054745736499135e-02
4.247314700403113236e-02
9.997341461322079015e-01
4.255507115293030718e-02
4.614695196983068654e-02
9.997003781116521326e-01
4.055290895275606017e-02
9.998102071535925894e-01
4.537601777797889424e-02
5.151893176861258028e-02
9.983776142035610812e-01
3.923275054994495442e-02
9.997413293727918093e-01
9.995200953257900034e-01
3.420161213490412189e-02
4.320762060497963103e-02
9.983244517588133471e-01
4.162500689331612158e-02
3.665390183171356869e-02
9.985407621099130493e-01
4.084886843970064046e-02
4.242320803165476606e-02
3.855559571866550711e-02
4.256848220783923664e-02
3.913661579529799373e-02
4.537601813953508895e-02
3.324108893357919370e-01
9.997632960820697079e-01
4.408986261480433294e-02
9.778975304124460921e-01
2.264680195127419804e-01
9.997081960739286899e-01
4.508968139714322754e-02
2.446261494107502821e-01
4.114447742342162290e-02
1.713582287650702307e-01
9.996958498282836336e-01
8.148006605316252537e-01
9.988465255798484321e-01
3.686673669635132100e-02
1.445671864320762501e-01
4.656296418861988751e-01
9.953344824128269597e-01
3.482293485449518000e-01
4.934338321690009965e-02
2.404353582442094184e-01
3.051367994787695381e-01
4.720536236046709438e-02
7.075740580704771576e-02
2.103150059799571425e-01
9.997832420236733020e-01
5.364330529444245599e-01
9.991165767694105693e-01
4.045340308334689078e-02
9.959287947567914134e-01
3.867099763985970551e-02
9.906533106864565674e-01
9.979910930967808014e-01
1.782597642976308794e-01
5.386112932789247076e-02
9.951225855177927571e-01
8.065502675201893790e-02
1.093329180028742020e-01
7.778005413153804559e-02
8.305331230352396010e-02
8.974762708415514600e-01
9.990002515264181371e-01
9.988067331737561227e-01
2.140654850394581032e-01
6.703688526884357679e-02
7.519925680207016627e-02
6.932460396651086987e-02
7.080560202075647513e-02
2.969388161292386141e-01
6.703689755168038000e-02
6.678068649619658959e-02
4.660721135034050500e-01
1.246963177318233390e-01
8.211498864804216147e-02
6.413925259212488461e-02
7.059117510570829535e-02
3.484202709262261277e-01
1.035092471294136451e-01
7.554919256786050974e-02
9.752062300592887478e-01
9.994517580344348673e-01
7.291208651768904536e-02
7.615075285165086305e-02
1.458299883160275590e-01
1.218742988202234645e-01
7.880871822066666532e-02
9.990885834161866708e-01
2.865362814566596583e-01
7.869795792143501056e-02
9.914374309170145283e-01
4.670978221655879281e-01
9.945316284942251617e-01
9.977641533534585827e-01
9.992843101054010857e-01
6.053044392196934437e-02
7.365206134258824033e-02
9.995335678037718941e-01
7.587911516175707138e-01
7.855899974887747828e-02
9.203301595841149041e-01
8.303615448992357484e-02
9.988541453436601270e-01
6.627294166413526255e-02
7.392417167925179056e-02
9.979676467709903687e-01
9.473621191104727446e-01
1.120571305040589660e-01
6.703687580728875939e-02
9.906098677195457336e-02
7.587140156400390412e-02
9.996004209919396866e-01
7.592189231411219930e-02
9.965032618187242841e-01
8.409835829765247017e-02
6.720178251354884391e-02
9.765004479335545051e-01
3.535187444602795881e-01
9.995526167025098330e-01
6.510092951905611935e-02
9.986196254464289046e-01
8.473928092023808034e-01
2.396848841358138749e-01
9.701355898917597420e-01
8.632799125364054582e-01
9.785614234081391194e-01
2.136521388323518178e-01
7.107593420862985401e-01
1.406454442881410194e-01
9.981576400538457738e-01
4.521234627825240215e-01
9.886361966145842395e-01
9.843579661782997370e-01
9.939118196078789991e-01
1.493249500198753910e-01
1.623135925814508940e-01
3.636594590915508962e-01
1.616741045503730101e-01
7.965982133167555101e-01
1.925797496321560720e-01
9.237935710248451615e-01
1.626288238862531876e-01
1.562090634663242938e-01
1.494086450758016216e-01
9.985642132168901508e-01
1.788861390025714981e-01
1.493191598562790268e-01
9.970800835173977417e-01
1.788551406053204840e-01
1.552339885371361583e-01
9.372435686129559906e-01
7.653852699483157940e-01
1.824854593703420791e-01
9.989850468380930826e-01
1.618385617565886725e-01
1.540922617708033182e-01
1.493194558605176470e-01
9.977272259276100952e-01
1.416158597758657711e-01
1.648303086174559007e-01
1.793435793337100070e-01
9.844392939056341163e-01
9.692658360912302928e-01
9.708791463770272134e-01
8.362676908365119788e-01
9.990630876234110058e-01
1.705392626342017992e-01
1.722588895649997953e-01
9.987862565029236306e-01
9.527520140502337975e-01
9.700875105408151011e-01
1.822972302396806965e-01
9.980229362931207771e-01
1.824854565096824532e-01
1.618918430015059418e-01
9.990120612749768814e-01
8.886137673186353947e-01
1.778011863088593825e-01
1.772235652086408264e-01
1.552339847168378306e-01
9.979480434707236336e-01
2.413084935117165708e-01
1.407093327606840361e-01
9.653783278581187233e-01
2.090822620019002209e-01
2.445275328665250103e-01
6.029338278606166668e-01
9.861667124488784353e-01
2.090849078028828301e-01
9.954182933812869560e-01
9.419310305936950956e-01
2.406548706445163222e-01
2.491290240880079943e-01
2.288186040123069975e-01
9.987020761952986048e-01
9.985709825226464220e-01
2.597341040106314614e-01
2.292806939341688888e-01
2.925207548155045467e-01
2.534835946065909784e-01
9.021032189206021901e-01
9.740727011105139166e-01
9.976407713852560866e-01
2.426859362339976456e-01
2.384427193801373357e-01
2.209943315404789277e-01
2.453510503693796252e-01
2.382563839575913833e-01
2.484952767615153935e-01
9.983552560235501305e-01
1.993969340861954931e-01
2.185022337741825971e-01
9.976935456673914349e-01
9.973675096409522212e-01
2.713797264584125735e-01
2.237292275414065057e-01
2.150229572871334427e-01
9.856762991632395110e-01
2.337966389366136488e-01
2.345693020834035136e-01
9.982779894962126033e-01
2.750697996180472837e-01
1.961304559314090146e-01
2.581379462951972625e-01
9.746712442928721076e-01
9.818497569358076715e-01
2.467944314320456023e-01
2.230155691005957508e-01
9.956167110846353419e-01
9.520975751303855095e-01
2.384427236436677255e-01
2.635609215322808341e-01
2.321350228081345834e-01
3.569304506869257487e-01
7.397539561299715238e-01
9.659931128377003962e-01
2.382441252559306943e-01
2.113756650231262135e-01
2.086377904484859047e-01
3.617818305273438062e-01
9.974967915294287168e-01
9.983745443812404030e-01
2.206843066516932517e-01
9.987354610639244124e-01
2.361816643976981378e-01
2.238234827962140572e-01
9.975691052280002413e-01
2.802543982062020156e-01
2.890121563326913390e-01
9.998338914572143521e-01
9.999569911313271886e-01
9.983904643809521362e-01
9.999430587318435260e-01
9.840591668543114956e-01
7.032991105557616640e-01
9.999550827605795389e-01
9.980240357889846869e-01
9.999704908002704506e-01
2.714273001114108075e-01
3.209083329009413954e-01
2.249680448870317040e-01
2.689705688162371544e-01
2.555399733931070783e-01
2.629899404661665829e-01
9.991026265715569066e-01
9.020466590772574511e-01
2.314048214615977428e-01
9.999164868789858218e-01
2.182834863127106340e-01
2.323577380436818718e-01
9.342956127417761936e-01
2.486965941818253534e-01
2.319648762662271657e-01
2.579439744185669237e-01
3.027825998904040694e-01
9.348743625346196406e-01
3.887465484982374764e-01
3.416872876017285066e-01
2.851388293478859248e-01
9.970985289105767091e-01
1.994589845360683622e-01
2.515506438760223840e-01
5.106803897873871678e-01
9.952078005775605307e-01
2.511209679482039880e-01
8.232294829407057479e-01
2.621340100926858874e-01
9.997729504848988924e-01
2.866376056445413267e-01
2.313353355547639323e-01
9.996827331742521583e-01
9.989008615103585065e-01
3.337442077176034916e-01
2.972006285858936891e-01
9.644297393141655350e-01
9.999714059578841407e-01
2.721028938333109326e-01
2.694588507177216319e-01
3.030471642335100246e-01
1.955716980855558285e-01
3.013279131298113311e-01
2.777827067755013757e-01
2.972235915360140202e-01
2.229654072309826540e-01
2.278965032632758181e-01
2.747201721156045107e-01
2.485542512893363087e-01
2.463948120038397527e-01
9.971916840530440362e-01
2.774147854779145939e-01
2.433669276518702906e-01
2.795433977344892185e-01
9.998011706387003317e-01
1.704347917416584868e-01
1.616477206840772618e-01
9.998759883116229430e-01
2.813558670515430293e-01
1.433325762105018275e-01
1.912550020872327283e-01
9.999197366472708515e-01
1.229066019732899806e-01
5.514558440320526111e-01
1.534324800758330165e-01
5.973232295295077821e-01
1.730437976242807929e-01
2.111420948963282085e-01
1.413674176106713420e-01
1.322060946210694699e-01
1.433549838696140388e-01
4.757946883966907015e-01
1.230093947615864131e-01
7.315911965754842150e-01
1.477627413336104201e-01
1.479509494852415952e-01
1.532542132218857878e-01
9.745104065510622471e-01
1.367776115999352060e-01
1.311681446134287388e-01
1.365469767780232435e-01
9.996966513905963803e-01
1.402434379998326874e-01
1.394261388525472323e-01
1.143552764309853226e-01
9.199651763131311277e-01
9.994486267678699409e-01
1.304261630332162747e-01
1.465716859465485689e-01
1.659275266134608851e-01
6.946538906674588620e-01
9.990613044363471085e-01
1.612870879382043987e-01
1.487082220974554891e-01
9.997637764304164731e-01
1.301599496282695445e-01
1.312457906936210228e-01
1.438819131652669114e-01
9.989566520949925144e-01
1.567128711628447690e-01
1.097627480723390864e-01
1.228682170740107160e-01
1.436601913801664188e-01
9.994921481259266827e-01
1.410464084859497369e-01
1.228682066852212762e-01
6.649590574119051967e-01
9.850314017160357594e-01
1.307179050340902537e-01
1.328927438676568429e-01
1.294085462023908117e-01
9.981910049428442955e-01
9.426678202945754093e-01
1.285141922492210320e-01
1.426448754182930156e-01
1.122889814623799914e-01
1.318141342466648824e-01
1.088595077545889273e-01
9.999436121248923559e-01
