6.210826725443799878e-01
6.110150227431534464e-01
6.196576509753140005e-01
6.252123273113657786e-01
6.046413629606033346e-01
6.130680644153707615e-01
6.208449661767599936e-01
6.248579201883126544e-01
6.017970797976711639e-01
6.134863578164131415e-01
6.076727807934252379e-01
6.063727995905292545e-01
6.141895444290913497e-01
6.198100795874845748e-01
6.218679667206469253e-01
6.430386292598393450e-01
6.197890179769239838e-01
5.989098989222331193e-01
6.265811287549892805e-01
6.145340537440532325e-01
6.311179277302959578e-01
6.279108653842425669e-01
6.153818756813481672e-01
6.248077715429293244e-01
5.998793769120623898e-01
6.128081205872415449e-01
6.163720990415134660e-01
6.251170186298511400e-01
6.181535786242220443e-01
6.209624888841734913e-01
6.365143631458666240e-01
6.064489668526744648e-01
5.994273653574667682e-01
6.098853415930142186e-01
6.137522953547798199e-01
6.169197542244569954e-01
6.062387350322515633e-01
6.288823708056590078e-01
6.189853235527967845e-01
6.254694855793926367e-01
6.355505896797729593e-01
5.964775345459770728e-01
6.145978868581892796e-01
6.271755346395583297e-01
6.322745175120585426e-01
6.165724125545591905e-01
6.103969431628323283e-01
6.223903737603392328e-01
6.295524351271473140e-01
6.254325447209022615e-01
6.161328507225276585e-01
6.173699312656235616e-01
6.127154396039218298e-01
6.275153676462831287e-01
6.021157235670344665e-01
6.112101203401637539e-01
6.062586537784738772e-01
6.137679737704185845e-01
6.276666881690933231e-01
6.200311430843584715e-01
6.239329264292404753e-01
6.196341921499481931e-01
6.107487291991970935e-01
6.237881076649959278e-01
