6.138921613877834638e-01
6.202669797290079057e-01
6.123180806882269067e-01
6.132776995406237219e-01
6.181057848348787687e-01
6.146019576419905484e-01
6.120849423415773982e-01
6.045041489849118932e-01
6.282078480486842365e-01
6.258001815506705201e-01
6.114834662434159851e-01
6.248594168023950957e-01
6.216662117498159557e-01
6.025021362272411363e-01
6.083116937512370592e-01
6.198709354172438069e-01
6.033941882799217504e-01
6.070931716596169592e-01
6.009458097199890103e-01
6.371115454639816322e-01
6.038296248852427217e-01
6.011595632294862712e-01
6.055036253311155692e-01
6.013998403813848315e-01
6.132618467824166864e-01
5.983270608922715006e-01
6.229721571295215865e-01
6.069909479183089873e-01
6.101867434388762446e-01
6.027618439369247794e-01
6.174779019687103299e-01
6.161731190879579101e-01
6.371316741646168014e-01
6.240278434319469492e-01
6.144340832703518718e-01
6.078410466790887812e-01
6.167069326199549062e-01
6.301977157140771224e-01
6.125020731697048415e-01
6.164222818737875587e-01
6.014481301463731056e-01
6.027369831883544471e-01
6.242938659392768264e-01
6.067572391516209418e-01
6.303598521547150169e-01
6.229770039214101995e-01
6.166452040832078874e-01
6.177576497168519865e-01
6.085702321962711547e-01
6.176363182263812091e-01
6.250175686179157974e-01
5.993648484868424609e-01
6.272512882735070683e-01
6.181530591304870148e-01
6.108140405681949936e-01
6.026311974087588119e-01
6.041893033682491643e-01
6.286548492033476876e-01
6.116480813351767853e-01
6.117151614889895228e-01
6.192164884902638944e-01
6.148409793315566807e-01
6.218623658132117482e-01
6.063340088737407818e-01
