6.041921988582996672e-01
6.571968191728522202e-01
6.228893699404710604e-01
6.353521988289332345e-01
6.218878917116487104e-01
6.031791205576607640e-01
6.090783700390138833e-01
6.123394690926876605e-01
6.263926378856642385e-01
6.346116968617706577e-01
6.162465842821447382e-01
6.268470182447012373e-01
6.447880086079088580e-01
6.313272537473918478e-01
6.157292018534435973e-01
6.405408545832210754e-01
6.456215636523664481e-01
6.269855821909243732e-01
6.412119165284221323e-01
6.484634823585276875e-01
6.064078276620485930e-01
6.286392676321751471e-01
6.214077962672426292e-01
6.282565217221428577e-01
6.402011068141892913e-01
6.344450571817291662e-01
6.102562169295974170e-01
6.331577293866735845e-01
6.576151923243365172e-01
6.460137784086290580e-01
6.593734653881131447e-01
6.045733962358637026e-01
6.409551116960939821e-01
6.315126977173902700e-01
6.531063105865925200e-01
6.366022659038966802e-01
6.227874684064906852e-01
6.246909966893804400e-01
6.385483569365494327e-01
6.121841687995878134e-01
6.512204198553388501e-01
6.315195802591789809e-01
6.334435503031450310e-01
6.313322069441822393e-01
6.412568692981437390e-01
6.158795302506027136e-01
6.316136722755462118e-01
6.113759250558178371e-01
6.395689089061850074e-01
6.433176799383767408e-01
6.128574687467609472e-01
6.455668149078347406e-01
6.155421251889692247e-01
6.073390880663332991e-01
6.230600605589272645e-01
6.356462248755452293e-01
6.524266468422339482e-01
6.263930819488169321e-01
6.584726039105603945e-01
6.559907849565204119e-01
6.398511665953590111e-01
6.110317267811639086e-01
6.417551239384809980e-01
6.297356869429849846e-01
