6.208903488031947138e-01
6.114993645918065379e-01
6.263799038687357656e-01
6.291555838997752170e-01
6.411989720940766135e-01
6.249679385234102602e-01
6.321541024262877784e-01
6.223996180754878260e-01
6.357352559203999220e-01
6.233074894722231418e-01
6.335495840864309169e-01
6.288031229040258463e-01
6.498541916382982730e-01
6.223433218667767663e-01
6.317855210987117776e-01
6.260560176037900382e-01
6.272123281042425447e-01
6.374951994009473433e-01
6.375662391141586616e-01
6.293854462227485014e-01
6.307700749741287360e-01
6.468751600854911743e-01
6.267349901279557489e-01
6.082206483591748869e-01
6.379382340441451804e-01
6.471963099791854246e-01
6.336244686823604422e-01
6.179110006308684566e-01
6.219585567903417322e-01
6.298645193091662042e-01
6.215056803672723840e-01
6.120054139065811416e-01
6.121371022276774765e-01
6.332093571920748287e-01
6.184025331451330487e-01
6.502526506951571417e-01
6.449677177185938470e-01
6.353962702760895809e-01
6.417183400363938306e-01
6.389718605752360281e-01
6.400619249123862264e-01
6.301993964094459999e-01
6.268382344089693525e-01
6.399464936012487781e-01
6.395076236999044372e-01
6.270542820603438594e-01
6.307479236398803035e-01
5.998718612035381925e-01
6.145078915420516541e-01
6.485434997249345246e-01
6.323760969187440795e-01
6.431249922288065912e-01
6.505486211066412450e-01
6.391189750125444435e-01
6.278653218631183863e-01
6.121354094071677077e-01
6.363107348865448820e-01
6.242420125022670740e-01
6.175321138568823365e-01
6.370988645374188186e-01
6.312170957606481059e-01
6.134971196066417720e-01
6.389540086444687184e-01
6.181995894768159694e-01
