6.473810808850342102e-01
6.302010995083544564e-01
6.208404952262878140e-01
6.428816515143319643e-01
6.303769671826179311e-01
6.140675114249942723e-01
6.237680881832247115e-01
6.383619173913465117e-01
6.365166467063612110e-01
6.284633038813024486e-01
6.187179851019987131e-01
6.231871908249005942e-01
6.337024705734070062e-01
6.170394985624738649e-01
6.112059657226901477e-01
6.210471701972199998e-01
6.222666562008875024e-01
6.217658729826122110e-01
6.372329060770421938e-01
6.280251928353012270e-01
6.421364474241978426e-01
6.308674434364761607e-01
6.211497791064661822e-01
6.292794564752587361e-01
6.231795666802995015e-01
6.178947433044902349e-01
6.304911443609150234e-01
6.458708401716484193e-01
6.197509046005488242e-01
6.460138067026175435e-01
6.186640085325939564e-01
6.212126354901811309e-01
6.138829781223431592e-01
6.117500513289881869e-01
6.269298141079572284e-01
6.283829857851565004e-01
6.089956043981905598e-01
6.411074696016988428e-01
6.129804996879051338e-01
6.251636032557388312e-01
6.266140518577044682e-01
6.182653252514672682e-01
6.263505976897389971e-01
6.226760122997305746e-01
6.422176852585448348e-01
6.282340328728108769e-01
6.099616905052570592e-01
6.331877491615810483e-01
6.172931445876788104e-01
6.165566058288656226e-01
6.409494071003742910e-01
6.194009083197742349e-01
6.365960054241333044e-01
6.224978172818763644e-01
6.149518069324660940e-01
6.318990563006138261e-01
6.310699577740842559e-01
6.529511932776461691e-01
6.277895543641216491e-01
6.183901653079865168e-01
6.273144836564241711e-01
6.215523912841069976e-01
6.294119038207778294e-01
6.463708768120866033e-01
