6.309838573217367852e-01
6.279967941755240091e-01
6.074120692321339776e-01
6.208755898250998273e-01
6.170940585939023171e-01
6.241771396470852107e-01
6.283279551034016697e-01
6.477212618678609424e-01
6.351242720747704018e-01
6.249289678453221475e-01
6.203027123874933491e-01
6.136099423794355578e-01
6.109587620654036710e-01
6.109590477377806472e-01
6.237386161656673922e-01
6.379726131964563729e-01
6.205199420304920999e-01
6.240322939361503396e-01
6.230065023175466177e-01
6.174215036580890104e-01
6.271664081523672385e-01
6.342702638391842784e-01
6.228684094605890786e-01
6.220150684959278031e-01
6.193362905778686534e-01
6.253304962327829175e-01
6.368541048633598045e-01
6.552982027821484534e-01
6.339478550468786722e-01
6.389297237102266047e-01
6.221968798979962134e-01
6.349793372002578984e-01
6.303634662322500359e-01
6.379071838996733801e-01
6.422460697266649809e-01
6.179379239773825638e-01
6.412533167406496704e-01
6.352626815749379263e-01
6.385207570984146042e-01
6.208935087351359350e-01
6.147178508130364261e-01
6.309129448893234793e-01
6.152256640183807468e-01
6.389966092165336731e-01
6.496701325133251714e-01
6.527282107293131963e-01
6.322639152153839426e-01
6.339313646253860179e-01
6.340209423788865095e-01
6.191404317144604263e-01
6.423376435347604163e-01
6.334312372382959744e-01
6.314057523350946610e-01
6.389459563970886213e-01
6.242939998430906412e-01
6.376006738767029391e-01
6.312936675094094063e-01
6.346205404290697905e-01
6.306990229886386690e-01
6.406400933793412467e-01
6.351142995409594372e-01
6.294182319848686813e-01
6.422902487768678004e-01
5.999888424201771375e-01
