6.593186271270459198e-01
6.727650383300097792e-01
6.564002822269123794e-01
6.783303043169940372e-01
6.530245854458270882e-01
6.402670873115418049e-01
6.384539319416652203e-01
6.662191361802056733e-01
6.657894818609131349e-01
6.644880548137354070e-01
6.919338359664793936e-01
6.638833379137064616e-01
6.523067133091429159e-01
6.289231642000876477e-01
6.201033371724876675e-01
6.488138000996781507e-01
6.853601135708354830e-01
6.498105875011883636e-01
6.786769802970519239e-01
6.717346727818195307e-01
6.491578639711047538e-01
6.497412230963065527e-01
6.710718318481213585e-01
6.270760903229705141e-01
6.573260683475881105e-01
6.495141805600608276e-01
6.396509474689637820e-01
6.204282875005852071e-01
6.419064928218222166e-01
6.479256914633161335e-01
6.450827405451841079e-01
6.788793506772087261e-01
6.385289785494958625e-01
6.478908355425456733e-01
6.815270935112679451e-01
6.714403035077788351e-01
6.719347716076997656e-01
6.606838882390400070e-01
6.244119678727281242e-01
6.151294304389446355e-01
6.579483240514214515e-01
6.465400470523455789e-01
6.695765541268376975e-01
6.267585776300267364e-01
6.329415066493515596e-01
6.540072424520492200e-01
6.658307116666515313e-01
6.315926493466492708e-01
6.411508120851912018e-01
6.795142151068577219e-01
6.548761610118063459e-01
6.916962000004321931e-01
6.329715902746259060e-01
6.756939824009354778e-01
6.630944056929111152e-01
6.765655375990349274e-01
6.588710250303522198e-01
6.639054418352708931e-01
6.531613561039084637e-01
6.074463410685698728e-01
6.555916223005484600e-01
6.752184557810063659e-01
6.455668948937914875e-01
6.664576378126763068e-01
