6.461933913448215661e-01
6.138836164252853278e-01
6.234542820742304814e-01
6.222371881563566465e-01
6.221160613434885134e-01
6.377048815159559458e-01
6.354025616049774339e-01
6.069361907213450813e-01
6.310622888778937289e-01
6.113666215794769654e-01
6.212827553819743054e-01
6.356828109157308671e-01
6.298219336917389999e-01
6.066252653074082346e-01
6.484101901425346481e-01
6.446704041098076932e-01
6.270124399670693460e-01
6.217745865380563952e-01
6.421455021391645479e-01
6.339393005551150484e-01
6.305610007904156600e-01
6.410731334974069107e-01
6.208286558058836446e-01
6.339508034589546037e-01
6.232605985638193236e-01
6.262469983612386493e-01
6.290570170034275321e-01
6.237158558947616394e-01
6.288530445033674310e-01
6.118489452523485639e-01
6.510794332428464504e-01
6.303142730577634412e-01
6.099068650200675235e-01
6.226466928835825421e-01
6.359598649065276721e-01
6.080157000602152140e-01
6.279849359366485029e-01
6.216885687934874394e-01
6.197711295240015961e-01
6.202366390124846030e-01
6.390590755763793096e-01
6.324827115474809247e-01
6.327479846625905235e-01
6.076514486289791295e-01
6.332568098647330945e-01
6.102711695216663790e-01
6.414958437051951901e-01
5.956500325234957982e-01
6.743798218342127448e-01
6.079627598100932895e-01
6.483937772585117720e-01
6.431840998795650410e-01
6.196303785147212473e-01
6.063184358320663492e-01
6.163389179517864136e-01
6.332627959000217688e-01
6.220216449787120405e-01
6.336393422828381361e-01
6.298117996230423454e-01
6.274463030585415435e-01
6.456133513695950787e-01
6.285124867847909913e-01
6.256025426083773322e-01
6.357583914299177463e-01
