7.772865714648647950e-01
7.497368274675062505e-01
7.726133045363309249e-01
7.813743543102682487e-01
7.670309703883134711e-01
7.809877767524213699e-01
7.466842578576863287e-01
7.452263239514250737e-01
7.937221412423782763e-01
7.646228647105739462e-01
7.641953879679466155e-01
7.467800897073899602e-01
7.402891250070897655e-01
7.488625711372156601e-01
7.594145170128021594e-01
7.421620864286333497e-01
7.649577072224610363e-01
8.012054305498743645e-01
7.605485744522443303e-01
7.825594154993664731e-01
7.818380390342756225e-01
7.910062238915621657e-01
7.815484384704645127e-01
7.485654630787333952e-01
7.565508857539119392e-01
7.691389873001768240e-01
7.741532710492404767e-01
7.877639426129967593e-01
7.693007333634073186e-01
7.621773923271339957e-01
7.627368037269181000e-01
8.336332851377801223e-01
7.708073720147130548e-01
7.712228814685053724e-01
7.429262497514985686e-01
7.399725917400864494e-01
7.493654801899147788e-01
7.426334888001052681e-01
7.773278790375515168e-01
7.786827728876655197e-01
7.741033051722974179e-01
7.806310110464914631e-01
7.640240871081180885e-01
7.370614903844119326e-01
7.743679710846642639e-01
7.589865161369361291e-01
7.632245946801418102e-01
7.536476236834488418e-01
7.740712075851305940e-01
7.283911466790127243e-01
7.666698903485728023e-01
7.522161616429143827e-01
7.733734562862274453e-01
8.063322342563719047e-01
7.646389709042389349e-01
7.643823825378281978e-01
7.444366079601645314e-01
7.919045536981137445e-01
7.543455226850891426e-01
7.780005167194513627e-01
7.648174463852466243e-01
7.653939179736054532e-01
8.007168600520995216e-01
7.631648162319819573e-01
