6.940920860371906365e-01
6.822897925672809505e-01
6.885985184606880916e-01
6.978343464428042875e-01
6.906376972407589632e-01
6.907560013915147179e-01
6.833384883038849944e-01
6.827008876563559481e-01
6.794851627320892540e-01
6.916107588193273203e-01
6.936809625629726250e-01
7.025941136371922635e-01
6.829047387684372694e-01
6.869824462134601628e-01
6.957303678665044400e-01
6.827495232728630903e-01
6.894910185825021687e-01
6.841903007350863541e-01
6.957420942324810120e-01
7.008100473066368741e-01
6.893255427253917045e-01
6.910459975128731003e-01
6.767058371170622255e-01
6.784283407518878484e-01
6.541511650385786192e-01
6.812685464667539437e-01
7.053202374032537803e-01
7.077695339425151833e-01
6.656522057406708548e-01
7.000206693694901450e-01
6.866206877404622544e-01
6.619371603395792780e-01
6.831953458044350835e-01
7.073346842181650329e-01
6.901476635898839973e-01
6.604510588572569674e-01
6.777979825594859786e-01
6.842667911816211479e-01
6.891459395734474969e-01
6.973193442308892598e-01
6.872259062666520313e-01
6.724262999469359237e-01
6.760935797614282539e-01
7.003329403781397566e-01
7.007780588931228349e-01
6.809892860056249164e-01
6.990426310647060992e-01
6.878980020078531155e-01
7.209794621199042686e-01
6.804937649118185661e-01
7.095229210618485549e-01
7.104632794537152352e-01
6.840503085661001625e-01
7.012193132652335681e-01
6.897612283050157389e-01
6.964650072975049344e-01
6.913185105438286460e-01
6.942138765366606679e-01
6.977521588692244814e-01
6.966724263489654234e-01
6.805425129146945862e-01
6.995098520884728277e-01
6.731425887146098574e-01
6.896403723299803223e-01
6.942898269627958419e-01
