6.210826725443799878e-01
6.110150227431534464e-01
6.196576509753140005e-01
6.252123273113657786e-01
6.046413629606033346e-01
6.130680644153707615e-01
6.208449661767599936e-01
6.248579201883126544e-01
6.017970797976711639e-01
6.134863578164131415e-01
6.076727807934252379e-01
6.063727995905292545e-01
6.141895444290913497e-01
6.198100795874845748e-01
6.218679667206469253e-01
6.430386292598393450e-01
6.197890179769239838e-01
5.989098989222331193e-01
6.265811287549892805e-01
6.145340537440532325e-01
6.311179277302959578e-01
6.279108653842425669e-01
6.153818756813481672e-01
6.248077715429293244e-01
5.998793769120623898e-01
6.128081205872415449e-01
6.163720990415134660e-01
6.251170186298511400e-01
6.181535786242220443e-01
6.209624888841734913e-01
6.365143631458666240e-01
6.064489668526744648e-01
5.994273653574667682e-01
6.098853415930142186e-01
6.137522953547798199e-01
6.169197542244569954e-01
6.062387350322515633e-01
6.288823708056590078e-01
6.189853235527967845e-01
6.254694855793926367e-01
6.355505896797729593e-01
5.964775345459770728e-01
6.145978868581892796e-01
6.271755346395583297e-01
6.322745175120585426e-01
6.165724125545591905e-01
6.103969431628323283e-01
6.223903737603392328e-01
6.295524351271473140e-01
6.254325447209022615e-01
6.161328507225276585e-01
6.173699312656235616e-01
6.127154396039218298e-01
6.275153676462831287e-01
6.021157235670344665e-01
6.112101203401637539e-01
6.062586537784738772e-01
6.137679737704185845e-01
6.276666881690933231e-01
6.200311430843584715e-01
6.239329264292404753e-01
6.196341921499481931e-01
6.107487291991970935e-01
6.237881076649959278e-01
6.138921613877834638e-01
6.202669797290079057e-01
6.123180806882269067e-01
6.132776995406237219e-01
6.181057848348787687e-01
6.146019576419905484e-01
6.120849423415773982e-01
6.045041489849118932e-01
6.282078480486842365e-01
6.258001815506705201e-01
6.114834662434159851e-01
6.248594168023950957e-01
6.216662117498159557e-01
6.025021362272411363e-01
6.083116937512370592e-01
6.198709354172438069e-01
6.033941882799217504e-01
6.070931716596169592e-01
6.009458097199890103e-01
6.371115454639816322e-01
6.038296248852427217e-01
6.011595632294862712e-01
6.055036253311155692e-01
6.013998403813848315e-01
6.132618467824166864e-01
5.983270608922715006e-01
6.229721571295215865e-01
6.069909479183089873e-01
6.101867434388762446e-01
6.027618439369247794e-01
6.174779019687103299e-01
6.161731190879579101e-01
6.371316741646168014e-01
6.240278434319469492e-01
6.144340832703518718e-01
6.078410466790887812e-01
6.167069326199549062e-01
6.301977157140771224e-01
6.125020731697048415e-01
6.164222818737875587e-01
6.014481301463731056e-01
6.027369831883544471e-01
6.242938659392768264e-01
6.067572391516209418e-01
6.303598521547150169e-01
6.229770039214101995e-01
6.166452040832078874e-01
6.177576497168519865e-01
6.085702321962711547e-01
6.176363182263812091e-01
6.250175686179157974e-01
5.993648484868424609e-01
6.272512882735070683e-01
6.181530591304870148e-01
6.108140405681949936e-01
6.026311974087588119e-01
6.041893033682491643e-01
6.286548492033476876e-01
6.116480813351767853e-01
6.117151614889895228e-01
6.192164884902638944e-01
6.148409793315566807e-01
6.218623658132117482e-01
6.063340088737407818e-01
6.041921988582996672e-01
6.571968191728522202e-01
6.228893699404710604e-01
6.353521988289332345e-01
6.218878917116487104e-01
6.031791205576607640e-01
6.090783700390138833e-01
6.123394690926876605e-01
6.263926378856642385e-01
6.346116968617706577e-01
6.162465842821447382e-01
6.268470182447012373e-01
6.447880086079088580e-01
6.313272537473918478e-01
6.157292018534435973e-01
6.405408545832210754e-01
6.456215636523664481e-01
6.269855821909243732e-01
6.412119165284221323e-01
6.484634823585276875e-01
6.064078276620485930e-01
6.286392676321751471e-01
6.214077962672426292e-01
6.282565217221428577e-01
6.402011068141892913e-01
6.344450571817291662e-01
6.102562169295974170e-01
6.331577293866735845e-01
6.576151923243365172e-01
6.460137784086290580e-01
6.593734653881131447e-01
6.045733962358637026e-01
6.409551116960939821e-01
6.315126977173902700e-01
6.531063105865925200e-01
6.366022659038966802e-01
6.227874684064906852e-01
6.246909966893804400e-01
6.385483569365494327e-01
6.121841687995878134e-01
6.512204198553388501e-01
6.315195802591789809e-01
6.334435503031450310e-01
6.313322069441822393e-01
6.412568692981437390e-01
6.158795302506027136e-01
6.316136722755462118e-01
6.113759250558178371e-01
6.395689089061850074e-01
6.433176799383767408e-01
6.128574687467609472e-01
6.455668149078347406e-01
6.155421251889692247e-01
6.073390880663332991e-01
6.230600605589272645e-01
6.356462248755452293e-01
6.524266468422339482e-01
6.263930819488169321e-01
6.584726039105603945e-01
6.559907849565204119e-01
6.398511665953590111e-01
6.110317267811639086e-01
6.417551239384809980e-01
6.297356869429849846e-01
6.208903488031947138e-01
6.114993645918065379e-01
6.263799038687357656e-01
6.291555838997752170e-01
6.411989720940766135e-01
6.249679385234102602e-01
6.321541024262877784e-01
6.223996180754878260e-01
6.357352559203999220e-01
6.233074894722231418e-01
6.335495840864309169e-01
6.288031229040258463e-01
6.498541916382982730e-01
6.223433218667767663e-01
6.317855210987117776e-01
6.260560176037900382e-01
6.272123281042425447e-01
6.374951994009473433e-01
6.375662391141586616e-01
6.293854462227485014e-01
6.307700749741287360e-01
6.468751600854911743e-01
6.267349901279557489e-01
6.082206483591748869e-01
6.379382340441451804e-01
6.471963099791854246e-01
6.336244686823604422e-01
6.179110006308684566e-01
6.219585567903417322e-01
6.298645193091662042e-01
6.215056803672723840e-01
6.120054139065811416e-01
6.121371022276774765e-01
6.332093571920748287e-01
6.184025331451330487e-01
6.502526506951571417e-01
6.449677177185938470e-01
6.353962702760895809e-01
6.417183400363938306e-01
6.389718605752360281e-01
6.400619249123862264e-01
6.301993964094459999e-01
6.268382344089693525e-01
6.399464936012487781e-01
6.395076236999044372e-01
6.270542820603438594e-01
6.307479236398803035e-01
5.998718612035381925e-01
6.145078915420516541e-01
6.485434997249345246e-01
6.323760969187440795e-01
6.431249922288065912e-01
6.505486211066412450e-01
6.391189750125444435e-01
6.278653218631183863e-01
6.121354094071677077e-01
6.363107348865448820e-01
6.242420125022670740e-01
6.175321138568823365e-01
6.370988645374188186e-01
6.312170957606481059e-01
6.134971196066417720e-01
6.389540086444687184e-01
6.181995894768159694e-01
6.473810808850342102e-01
6.302010995083544564e-01
6.208404952262878140e-01
6.428816515143319643e-01
6.303769671826179311e-01
6.140675114249942723e-01
6.237680881832247115e-01
6.383619173913465117e-01
6.365166467063612110e-01
6.284633038813024486e-01
6.187179851019987131e-01
6.231871908249005942e-01
6.337024705734070062e-01
6.170394985624738649e-01
6.112059657226901477e-01
6.210471701972199998e-01
6.222666562008875024e-01
6.217658729826122110e-01
6.372329060770421938e-01
6.280251928353012270e-01
6.421364474241978426e-01
6.308674434364761607e-01
6.211497791064661822e-01
6.292794564752587361e-01
6.231795666802995015e-01
6.178947433044902349e-01
6.304911443609150234e-01
6.458708401716484193e-01
6.197509046005488242e-01
6.460138067026175435e-01
6.186640085325939564e-01
6.212126354901811309e-01
6.138829781223431592e-01
6.117500513289881869e-01
6.269298141079572284e-01
6.283829857851565004e-01
6.089956043981905598e-01
6.411074696016988428e-01
6.129804996879051338e-01
6.251636032557388312e-01
6.266140518577044682e-01
6.182653252514672682e-01
6.263505976897389971e-01
6.226760122997305746e-01
6.422176852585448348e-01
6.282340328728108769e-01
6.099616905052570592e-01
6.331877491615810483e-01
6.172931445876788104e-01
6.165566058288656226e-01
6.409494071003742910e-01
6.194009083197742349e-01
6.365960054241333044e-01
6.224978172818763644e-01
6.149518069324660940e-01
6.318990563006138261e-01
6.310699577740842559e-01
6.529511932776461691e-01
6.277895543641216491e-01
6.183901653079865168e-01
6.273144836564241711e-01
6.215523912841069976e-01
6.294119038207778294e-01
6.463708768120866033e-01
6.309838573217367852e-01
6.279967941755240091e-01
6.074120692321339776e-01
6.208755898250998273e-01
6.170940585939023171e-01
6.241771396470852107e-01
6.283279551034016697e-01
6.477212618678609424e-01
6.351242720747704018e-01
6.249289678453221475e-01
6.203027123874933491e-01
6.136099423794355578e-01
6.109587620654036710e-01
6.109590477377806472e-01
6.237386161656673922e-01
6.379726131964563729e-01
6.205199420304920999e-01
6.240322939361503396e-01
6.230065023175466177e-01
6.174215036580890104e-01
6.271664081523672385e-01
6.342702638391842784e-01
6.228684094605890786e-01
6.220150684959278031e-01
6.193362905778686534e-01
6.253304962327829175e-01
6.368541048633598045e-01
6.552982027821484534e-01
6.339478550468786722e-01
6.389297237102266047e-01
6.221968798979962134e-01
6.349793372002578984e-01
6.303634662322500359e-01
6.379071838996733801e-01
6.422460697266649809e-01
6.179379239773825638e-01
6.412533167406496704e-01
6.352626815749379263e-01
6.385207570984146042e-01
6.208935087351359350e-01
6.147178508130364261e-01
6.309129448893234793e-01
6.152256640183807468e-01
6.389966092165336731e-01
6.496701325133251714e-01
6.527282107293131963e-01
6.322639152153839426e-01
6.339313646253860179e-01
6.340209423788865095e-01
6.191404317144604263e-01
6.423376435347604163e-01
6.334312372382959744e-01
6.314057523350946610e-01
6.389459563970886213e-01
6.242939998430906412e-01
6.376006738767029391e-01
6.312936675094094063e-01
6.346205404290697905e-01
6.306990229886386690e-01
6.406400933793412467e-01
6.351142995409594372e-01
6.294182319848686813e-01
6.422902487768678004e-01
5.999888424201771375e-01
6.593186271270459198e-01
6.727650383300097792e-01
6.564002822269123794e-01
6.783303043169940372e-01
6.530245854458270882e-01
6.402670873115418049e-01
6.384539319416652203e-01
6.662191361802056733e-01
6.657894818609131349e-01
6.644880548137354070e-01
6.919338359664793936e-01
6.638833379137064616e-01
6.523067133091429159e-01
6.289231642000876477e-01
6.201033371724876675e-01
6.488138000996781507e-01
6.853601135708354830e-01
6.498105875011883636e-01
6.786769802970519239e-01
6.717346727818195307e-01
6.491578639711047538e-01
6.497412230963065527e-01
6.710718318481213585e-01
6.270760903229705141e-01
6.573260683475881105e-01
6.495141805600608276e-01
6.396509474689637820e-01
6.204282875005852071e-01
6.419064928218222166e-01
6.479256914633161335e-01
6.450827405451841079e-01
6.788793506772087261e-01
6.385289785494958625e-01
6.478908355425456733e-01
6.815270935112679451e-01
6.714403035077788351e-01
6.719347716076997656e-01
6.606838882390400070e-01
6.244119678727281242e-01
6.151294304389446355e-01
6.579483240514214515e-01
6.465400470523455789e-01
6.695765541268376975e-01
6.267585776300267364e-01
6.329415066493515596e-01
6.540072424520492200e-01
6.658307116666515313e-01
6.315926493466492708e-01
6.411508120851912018e-01
6.795142151068577219e-01
6.548761610118063459e-01
6.916962000004321931e-01
6.329715902746259060e-01
6.756939824009354778e-01
6.630944056929111152e-01
6.765655375990349274e-01
6.588710250303522198e-01
6.639054418352708931e-01
6.531613561039084637e-01
6.074463410685698728e-01
6.555916223005484600e-01
6.752184557810063659e-01
6.455668948937914875e-01
6.664576378126763068e-01
6.461933913448215661e-01
6.138836164252853278e-01
6.234542820742304814e-01
6.222371881563566465e-01
6.221160613434885134e-01
6.377048815159559458e-01
6.354025616049774339e-01
6.069361907213450813e-01
6.310622888778937289e-01
6.113666215794769654e-01
6.212827553819743054e-01
6.356828109157308671e-01
6.298219336917389999e-01
6.066252653074082346e-01
6.484101901425346481e-01
6.446704041098076932e-01
6.270124399670693460e-01
6.217745865380563952e-01
6.421455021391645479e-01
6.339393005551150484e-01
6.305610007904156600e-01
6.410731334974069107e-01
6.208286558058836446e-01
6.339508034589546037e-01
6.232605985638193236e-01
6.262469983612386493e-01
6.290570170034275321e-01
6.237158558947616394e-01
6.288530445033674310e-01
6.118489452523485639e-01
6.510794332428464504e-01
6.303142730577634412e-01
6.099068650200675235e-01
6.226466928835825421e-01
6.359598649065276721e-01
6.080157000602152140e-01
6.279849359366485029e-01
6.216885687934874394e-01
6.197711295240015961e-01
6.202366390124846030e-01
6.390590755763793096e-01
6.324827115474809247e-01
6.327479846625905235e-01
6.076514486289791295e-01
6.332568098647330945e-01
6.102711695216663790e-01
6.414958437051951901e-01
5.956500325234957982e-01
6.743798218342127448e-01
6.079627598100932895e-01
6.483937772585117720e-01
6.431840998795650410e-01
6.196303785147212473e-01
6.063184358320663492e-01
6.163389179517864136e-01
6.332627959000217688e-01
6.220216449787120405e-01
6.336393422828381361e-01
6.298117996230423454e-01
6.274463030585415435e-01
6.456133513695950787e-01
6.285124867847909913e-01
6.256025426083773322e-01
6.357583914299177463e-01
7.772865714648647950e-01
7.497368274675062505e-01
7.726133045363309249e-01
7.813743543102682487e-01
7.670309703883134711e-01
7.809877767524213699e-01
7.466842578576863287e-01
7.452263239514250737e-01
7.937221412423782763e-01
7.646228647105739462e-01
7.641953879679466155e-01
7.467800897073899602e-01
7.402891250070897655e-01
7.488625711372156601e-01
7.594145170128021594e-01
7.421620864286333497e-01
7.649577072224610363e-01
8.012054305498743645e-01
7.605485744522443303e-01
7.825594154993664731e-01
7.818380390342756225e-01
7.910062238915621657e-01
7.815484384704645127e-01
7.485654630787333952e-01
7.565508857539119392e-01
7.691389873001768240e-01
7.741532710492404767e-01
7.877639426129967593e-01
7.693007333634073186e-01
7.621773923271339957e-01
7.627368037269181000e-01
8.336332851377801223e-01
7.708073720147130548e-01
7.712228814685053724e-01
7.429262497514985686e-01
7.399725917400864494e-01
7.493654801899147788e-01
7.426334888001052681e-01
7.773278790375515168e-01
7.786827728876655197e-01
7.741033051722974179e-01
7.806310110464914631e-01
7.640240871081180885e-01
7.370614903844119326e-01
7.743679710846642639e-01
7.589865161369361291e-01
7.632245946801418102e-01
7.536476236834488418e-01
7.740712075851305940e-01
7.283911466790127243e-01
7.666698903485728023e-01
7.522161616429143827e-01
7.733734562862274453e-01
8.063322342563719047e-01
7.646389709042389349e-01
7.643823825378281978e-01
7.444366079601645314e-01
7.919045536981137445e-01
7.543455226850891426e-01
7.780005167194513627e-01
7.648174463852466243e-01
7.653939179736054532e-01
8.007168600520995216e-01
7.631648162319819573e-01
6.940920860371906365e-01
6.822897925672809505e-01
6.885985184606880916e-01
6.978343464428042875e-01
6.906376972407589632e-01
6.907560013915147179e-01
6.833384883038849944e-01
6.827008876563559481e-01
6.794851627320892540e-01
6.916107588193273203e-01
6.936809625629726250e-01
7.025941136371922635e-01
6.829047387684372694e-01
6.869824462134601628e-01
6.957303678665044400e-01
6.827495232728630903e-01
6.894910185825021687e-01
6.841903007350863541e-01
6.957420942324810120e-01
7.008100473066368741e-01
6.893255427253917045e-01
6.910459975128731003e-01
6.767058371170622255e-01
6.784283407518878484e-01
6.541511650385786192e-01
6.812685464667539437e-01
7.053202374032537803e-01
7.077695339425151833e-01
6.656522057406708548e-01
7.000206693694901450e-01
6.866206877404622544e-01
6.619371603395792780e-01
6.831953458044350835e-01
7.073346842181650329e-01
6.901476635898839973e-01
6.604510588572569674e-01
6.777979825594859786e-01
6.842667911816211479e-01
6.891459395734474969e-01
6.973193442308892598e-01
6.872259062666520313e-01
6.724262999469359237e-01
6.760935797614282539e-01
7.003329403781397566e-01
7.007780588931228349e-01
6.809892860056249164e-01
6.990426310647060992e-01
6.878980020078531155e-01
7.209794621199042686e-01
6.804937649118185661e-01
7.095229210618485549e-01
7.104632794537152352e-01
6.840503085661001625e-01
7.012193132652335681e-01
6.897612283050157389e-01
6.964650072975049344e-01
6.913185105438286460e-01
6.942138765366606679e-01
6.977521588692244814e-01
6.966724263489654234e-01
6.805425129146945862e-01
6.995098520884728277e-01
6.731425887146098574e-01
6.896403723299803223e-01
6.942898269627958419e-01
