1.000000000000000000e+00
1.000000000000000000e+00
1.000000000000000000e+00
9.999999999984789945e-01
1.000000000000000000e+00
1.000000000000000000e+00
2.500450961709376319e-47
1.000000000000000000e+00
3.620398064907768319e-36
1.000000000000000000e+00
1.000000000000000000e+00
1.000000000000000000e+00
1.000000000000000000e+00
1.000000000000000000e+00
1.000000000000000000e+00
1.000000000000000000e+00
1.000000000000000000e+00
1.000000000000000000e+00
1.000000000000000000e+00
1.000000000000000000e+00
1.000000000000000000e+00
1.000000000000000000e+00
2.229171078641388365e-61
1.000000000000000000e+00
1.000000000000000000e+00
1.000000000000000000e+00
1.000000000000000000e+00
1.825602967828114485e-08
9.625613970942668519e-48
1.000000000000000000e+00
9.999999976224682730e-01
1.000000000000000000e+00
1.000000000000000000e+00
1.000000000000000000e+00
1.000000000000000000e+00
4.403119922227070752e-15
1.000000000000000000e+00
1.000000000000000000e+00
1.000000000000000000e+00
9.999999938413521861e-01
3.611297215504061419e-42
1.000000000000000000e+00
1.000000000000000000e+00
1.000000000000000000e+00
1.000000000000000000e+00
1.000000000000000000e+00
1.000000000000000000e+00
1.000000000000000000e+00
1.000000000000000000e+00
1.000000000000000000e+00
9.999999999997850608e-01
1.000000000000000000e+00
1.000000000000000000e+00
1.000000000000000000e+00
1.000000000000000000e+00
1.000000000000000000e+00
1.000000000000000000e+00
1.000000000000000000e+00
1.000000000000000000e+00
1.000000000000000000e+00
1.000000000000000000e+00
1.000000000000000000e+00
1.000000000000000000e+00
1.000000000000000000e+00
