9.361466162460383433e-01
1.000000000000000000e+00
1.000000000000000000e+00
1.120324612160380183e-04
1.000000000000000000e+00
1.000000000000000000e+00
1.000000000000000000e+00
9.040112938877412660e-05
4.032503683519442772e-01
1.000000000000000000e+00
1.000000000000000000e+00
2.203509743212244301e-17
1.000000000000000000e+00
5.210205384482979401e-09
9.999999999532613870e-01
1.993640856982135614e-08
1.000000000000000000e+00
9.999746364238520924e-01
1.000000000000000000e+00
2.750280643933709016e-16
1.000000000000000000e+00
1.000000000000000000e+00
6.925113413464463994e-06
1.000000000000000000e+00
1.000000000000000000e+00
1.000000000000000000e+00
1.000000000000000000e+00
9.999962596488832789e-01
1.000000000000000000e+00
8.802997598835739677e-06
1.000000000000000000e+00
1.000000000000000000e+00
9.900244665292232682e-01
1.532550586036696827e-05
9.999999998269661905e-01
1.000000000000000000e+00
1.000000000000000000e+00
9.999999999809945361e-01
2.670358446264937125e-01
9.191028849588971450e-08
1.914648960074642318e-11
9.999999484414714424e-01
1.168359291349386537e-05
9.811854113559316248e-01
9.098530324773247691e-02
2.479520460752491218e-01
2.409907418310240634e-01
1.000000000000000000e+00
1.000000000000000000e+00
1.000000000000000000e+00
1.110550576865864983e-05
1.000000000000000000e+00
1.259682777431585291e-09
1.072231637913060194e-06
9.611020573032287920e-03
9.822016068635052166e-01
9.999999976865683315e-01
2.026026437443510342e-04
1.000000000000000000e+00
1.000000000000000000e+00
1.000000000000000000e+00
4.353418140845555068e-11
1.000000000000000000e+00
1.000000000000000000e+00
