2.058247427916321157e-238
5.488082904089431902e-168
7.274140457717385939e-85
9.994148864075387273e-01
2.805118437204750485e-189
1.000000000000000000e+00
1.000000000000000000e+00
1.653402113743040886e-243
1.000000000000000000e+00
1.142784931991286318e-246
1.137140585414597510e-97
1.000000000000000000e+00
1.000000000000000000e+00
4.210860153747240021e-217
1.000000000000000000e+00
1.000000000000000000e+00
9.999999836431707756e-01
1.304352885902022276e-68
1.000000000000000000e+00
1.000000000000000000e+00
1.000000000000000000e+00
1.000000000000000000e+00
9.004404588702519741e-191
5.341169799795747545e-23
1.000000000000000000e+00
1.323215726517128409e-159
4.344936647550921660e-21
1.000000000000000000e+00
3.161905565294616969e-85
2.180504879470516866e-228
1.000000000000000000e+00
1.000000000000000000e+00
2.625580928694925673e-181
1.871001084708683372e-26
1.000000000000000000e+00
4.218157432092606732e-216
9.999998969364174428e-01
1.000000000000000000e+00
4.665028628850608893e-198
1.000000000000000000e+00
1.000000000000000000e+00
1.000000000000000000e+00
1.000000000000000000e+00
3.120634976117530985e-257
1.000000000000000000e+00
1.559106744378768743e-232
1.000000000000000000e+00
2.601176585563007354e-270
1.000000000000000000e+00
1.105223215561031089e-229
1.000000000000000000e+00
1.000000000000000000e+00
1.000000000000000000e+00
4.255048030176816370e-162
7.530419955810837057e-263
1.000000000000000000e+00
9.999999997332220669e-01
1.000000000000000000e+00
1.291142698825160443e-177
6.649159881737696398e-94
5.901834548028615103e-124
1.000000000000000000e+00
3.853103753165645937e-167
5.018580841608005768e-105
