3.608096757063895272e-32
1.000000000000000000e+00
1.000000000000000000e+00
1.000000000000000000e+00
1.023746549359104101e-29
1.000000000000000000e+00
1.076157925095709079e-20
2.252596155145015716e-82
1.000000000000000000e+00
1.000000000000000000e+00
1.000000000000000000e+00
1.000000000000000000e+00
1.000000000000000000e+00
6.247535490329246891e-07
1.000000000000000000e+00
1.680510640928491911e-99
1.000000000000000000e+00
1.000000000000000000e+00
6.096174809032117746e-180
1.000000000000000000e+00
1.000000000000000000e+00
9.999996659836000168e-01
1.000000000000000000e+00
2.473127074315632363e-231
1.245838224586246599e-203
1.000000000000000000e+00
4.871051656602517448e-160
1.000000000000000000e+00
9.999999999998585576e-01
1.000000000000000000e+00
1.000000000000000000e+00
1.000000000000000000e+00
4.332586443666545969e-50
1.000000000000000000e+00
1.141892522500724859e-161
1.000000000000000000e+00
2.072739478056525179e-233
2.551561644082200527e-165
1.000000000000000000e+00
1.000000000000000000e+00
4.814934992379682528e-158
1.000000000000000000e+00
1.000000000000000000e+00
1.000000000000000000e+00
1.000000000000000000e+00
1.324249988066978911e-01
1.000000000000000000e+00
1.000000000000000000e+00
1.000000000000000000e+00
1.000000000000000000e+00
4.900926635140189176e-172
3.063503306778686839e-144
1.000000000000000000e+00
1.000000000000000000e+00
1.000000000000000000e+00
1.000000000000000000e+00
1.000000000000000000e+00
5.230487828664696616e-134
5.599333377976815485e-161
1.000000000000000000e+00
1.000000000000000000e+00
1.000000000000000000e+00
1.000000000000000000e+00
1.000000000000000000e+00
