0.27
0.38
0.76
0.48
0.15
0.72
0.14
0.49
0.23
0.36
0.25
0.62
0.28
0.13
0.31
0.72
0.65
0.49
0.14
0.64
0.64
0.16
0.24
0.85
0.5
0.8
0.15
0.76
0.25
0.36
0.29
0.36
0.6
0.66
0.17
0.69
0.63
0.34
0.25
0.09
0.68
0.22
0.76
0.71
0.49
0.77
0.56
0.18
0.21
0.69
0.57
0.76
0.64
0.66
0.68
0.16
0.79
0.61
0.68
0.44
0.12
0.58
0.69
0.17
0.58
0.3
0.7
0.56
0.83
0.2
0.31
0.76
0.82
0.31
0.82
0.85
0.2
0.69
0.24
0.2
0.8
0.8
0.13
0.78
0.19
0.78
0.75
0.71
0.79
0.38
0.53
0.87
0.42
0.27
0.77
0.32
0.77
0.82
0.86
0.79
0.35
0.07
0.79
0.7
0.31
0.11
0.67
0.82
0.2
0.78
0.46
0.33
0.15
0.78
0.27
0.82
0.12
0.89
0.53
0.71
0.8
0.29
0.84
0.18
0.17
0.39
0.74
0.53
0.27
0.74
0.78
0.76
0.78
0.23
0.38
0.16
0.24
0.11
0.34
0.8
0.47
0.76
0.74
0.39
0.29
0.79
0.56
0.8
0.64
0.83
0.8
0.82
0.76
0.85
0.19
0.71
0.23
0.18
0.19
0.19
0.34
0.14
0.34
0.74
0.74
0.28
0.56
0.15
0.81
0.22
0.75
0.83
0.28
0.76
0.82
0.41
0.69
0.64
0.65
0.63
0.48
0.23
0.81
0.69
0.68
0.4
0.39
0.79
0.44
0.16
0.63
0.79
0.14
0.59
0.22
0.62
0.14
0.65
0.69
0.81
0.19
0.64
0.71
0.7
0.79
0.67
0.27
0.64
0.69
0.04
0.31
0.21
0.59
0.11
0.1
0.09
0.36
0.67
0.72
0.12
0.64
0.76
0.2
0.73
0.68
0.7
0.23
0.74
0.25
0.21
0.32
0.23
0.6
0.72
0.71
0.49
0.41
0.25
0.77
0.19
0.73
0.13
0.44
0.6
0.81
0.21
0.66
0.48
0.76
0.54
0.63
0.32
0.19
0.62
0.26
0.17
0.9
0.3
0.85
0.75
0.71
0.32
0.85
0.81
0.81
0.26
0.75
0.43
0.4
0.2
0.32
0.82
0.85
0.83
0.69
0.08
0.13
0.25
0.07
0.46
0.31
0.85
0.39
0.72
0.24
0.07
0.92
0.9
0.77
0.23
0.82
0.37
0.56
0.68
0.23
0.2
0.72
0.45
0.5
0.12
0.63
0.68
0.21
0.72
0.8
0.72
0.17
0.86
0.75
0.68
0.59
0.11
0.46
0.18
0.71
0.45
0.77
0.25
0.73
0.7
0.91
0.24
0.67
0.7
0.67
0.7
0.74
0.65
0.17
0.8
0.11
0.28
0.72
0.31
0.78
0.58
0.05
0.73
0.61
0.69
0.24
0.16
0.79
0.67
0.6
0.64
0.83
0.76
0.62
0.71
0.52
0.68
0.85
0.18
0.66
0.11
0.11
0.17
0.22
0.76
0.62
0.81
0.64
0.59
0.53
0.14
0.66
0.85
0.73
0.64
0.49
0.29
0.59
0.39
0.63
0.21
0.36
0.81
0.81
0.4
0.5
0.84
0.15
0.29
0.64
0.73
0.54
0.45
0.27
0.54
0.71
0.23
0.81
0.15
0.61
0.67
0.76
0.15
0.34
0.19
0.3
0.74
0.44
0.16
0.24
0.61
0.75
0.59
0.81
0.37
0.13
0.41
0.22
0.85
0.21
0.35
0.72
0.36
0.31
0.78
0.3
0.2
0.86
0.74
0.17
0.83
0.74
0.61
0.72
0.78
0.21
0.75
0.11
0.77
0.73
0.75
0.62
0.8
0.51
0.66
0.67
0.64
0.3
0.23
0.24
0.72
0.7
0.21
0.78
0.72
0.21
0.21
0.26
0.21
0.72
0.69
0.78
0.74
0.58
0.34
0.33
0.72
0.31
0.79
0.4
0.44
0.45
0.25
0.5
0.75
0.82
0.11
0.14
0.21
0.8
0.67
0.11
0.12
0.07
0.11
0.85
0.68
0.33
0.58
0.46
0.41
0.79
0.69
0.7
0.87
0.64
0.76
0.73
0.73
0.33
0.12
0.48
0.77
0.74
0.78
0.61
0.31
0.42
0.71
0.69
0.58
0.6
0.79
0.64
0.52
0.83
0.78
0.74
0.76
0.74
0.07
0.28
0.07
0.29
0.47
0.08
0.39
0.17
0.78
0.75
0.7
0.29
0.7
0.06
0.58
0.63
0.1
0.81
0.84
0.1
0.81
0.35
0.84
0.84
0.12
0.59
0.6
0.13
0.1
0.21
0.24
0.65
0.26
0.69
0.4
0.8
0.41
0.35
0.37
0.2
0.1
0.13
0.13
0.68
0.06
0.82
0.76
0.48
0.19
0.71
0.08
0.29
0.37
0.76
0.51
0.67
0.4
0.79
0.41
0.69
0.29
0.62
0.11
0.12
0.18
0.46
0.88
0.78
0.82
0.45
0.85
0.73
0.19
0.26
0.16
0.63
0.17
0.83
0.73
0.16
0.72
0.79
0.67
0.19
0.8
0.05
0.41
0.28
0.44
0.89
0.71
0.71
0.7
0.21
0.24
0.7
0.28
0.62
0.61
0.22
0.28
0.27
0.73
0.24
0.73
0.76
0.52
0.13
0.52
0.83
0.74
0.76
0.18
0.77
0.65
0.89
0.62
0.38
0.83
0.67
0.75
0.17
0.32
0.2
0.37
0.34
0.53
