1.352529354283478306e-04
1.691825300671092182e-04
1.691691044205745559e-04
3.282426748744710510e-05
1.214866071763126142e-04
1.691825300671092182e-04
1.691825300671092182e-04
1.772795030406697692e-04
2.356954682413195572e-05
1.691825300644376627e-04
3.282426740615164754e-05
2.356954682411646518e-05
5.382729468188152171e-05
1.691825300671092182e-04
3.283864141340345569e-05
3.302756152808305893e-05
2.377605742393737104e-05
3.291885921357316623e-05
1.691825300671092182e-04
1.691825300685226112e-04
7.997747747340011582e-05
1.992136879716041763e-05
1.691825300671092182e-04
1.694423691067475349e-04
2.699867186667296963e-03
2.357007732683192525e-05
3.288072829052311405e-05
3.282426740615164754e-05
3.282426795018655066e-05
3.392279726426866032e-05
2.433217523413032396e-05
3.325520310725937814e-04
3.283203308532720260e-05
3.282426740615164754e-05
1.691825116993939105e-04
1.689222108759009220e-04
1.691825300671092182e-04
2.524308352599283277e-05
1.364002382959526947e-04
3.282426740634802366e-05
5.942586543134465280e-06
3.287365100470459310e-05
1.691015255956638944e-04
3.282427212760246439e-05
2.356954682411642113e-05
1.691825300671092182e-04
2.387526210249648655e-05
1.568281630643463649e-04
2.356954682411642113e-05
3.268533073218779435e-05
2.375209430250739461e-05
2.356954682479164869e-05
1.691805049766825699e-04
2.356954682863403070e-05
1.691825211516653142e-04
9.393245366553133757e-05
1.691825300671092182e-04
3.277036289965084052e-05
3.282426740615164754e-05
3.282426695900542802e-05
3.282432579227732080e-05
1.691671455245269060e-04
3.282498470510716393e-05
1.691825300671302517e-04
