8.376463592715115440e-06
8.883307529084769183e-06
8.883307529084769183e-06
8.883307529084769183e-06
8.883307529084769183e-06
8.883307529084769183e-06
8.883271242138482060e-06
5.850050950763282838e-06
8.883307529084769183e-06
2.153308000755997320e-05
6.100115236873169892e-06
8.883307529084769183e-06
8.883307529084769183e-06
8.883307529084769183e-06
6.533113772700314723e-06
8.883307529084769183e-06
8.883307529084769183e-06
8.883307516701679431e-06
8.883307529084769183e-06
8.883307529084769183e-06
8.883307529084769183e-06
8.883307529084769183e-06
8.883307529084769183e-06
8.883307469454196879e-06
8.883307529084769183e-06
8.883307077358483275e-06
8.091556197902365359e-06
8.883307529084769183e-06
8.883307529154390209e-06
8.883307529084769183e-06
8.883307529084769183e-06
9.264212448976877603e-06
8.982993764907654295e-06
8.883307529084769183e-06
9.345966945985138935e-06
8.883307529084769183e-06
8.883141611646269180e-06
6.432315530905615890e-06
8.809912895498435697e-06
8.883307529084769183e-06
8.883307529084769183e-06
7.059926474168232658e-06
8.883307529084769183e-06
8.883307529084769183e-06
8.975509630106234311e-06
8.868488215107042950e-06
8.883307529084769183e-06
8.884558914573490712e-06
8.883307528558228092e-06
8.883307529084769183e-06
8.883307529084769183e-06
9.436913775469456058e-06
8.883307529084769183e-06
8.883305888848924697e-06
8.883307529084769183e-06
8.883307529148804874e-06
8.883307529084769183e-06
8.883307529084769183e-06
8.883307529084769183e-06
8.883307529084769183e-06
8.883307529084769183e-06
8.883307529084769183e-06
8.883307529084769183e-06
8.883306093835209330e-06
