3.011869952962349675e-07
3.063675090787027808e-07
3.063675090786815520e-07
3.067132720229711983e-07
1.059209534008659797e-07
3.982933258710822172e-07
3.063675141764480188e-07
3.559138506682170444e-07
3.063670247691884099e-07
3.063675090787027808e-07
3.617916331999471103e-07
1.680543580474217274e-07
3.617916331999471103e-07
3.617533194494470002e-07
3.063662659022137692e-07
3.063675067286019277e-07
3.616246269643965392e-07
3.063675090787027808e-07
3.063675090787027808e-07
3.617916338880829765e-07
3.064961811249768148e-07
9.833136979851027843e-08
3.063675311928088395e-07
3.063676053765894759e-07
3.063675090608943366e-07
3.063433373685023294e-07
3.050795221869613367e-07
2.156119932488560959e-07
3.510223271131684721e-07
3.617916331999471103e-07
1.680791207581681178e-07
3.543897688000061457e-07
3.617916331999471103e-07
3.585385908668722591e-07
3.060183775614525850e-07
3.063675128476813352e-07
1.680543580474217274e-07
1.684994679165104067e-07
3.617915101651678089e-07
1.682356230264917304e-07
3.617916331999471103e-07
3.617916331999471103e-07
1.627857288649919303e-07
3.063675828738030264e-07
2.901408950250546987e-07
3.617916331999471103e-07
3.982994053534064171e-07
1.680543580474217274e-07
1.680543580474217274e-07
3.617916331999471103e-07
3.063675090935370276e-07
1.687192736945332955e-07
3.617857527320814788e-07
3.063674967837996405e-07
3.617916331989650815e-07
1.680543580474217274e-07
3.064012752218997724e-07
2.987918371476336976e-07
3.529043930337440896e-07
3.063675090787049513e-07
3.298134403810433809e-07
3.617913275966480048e-07
3.617114867826318857e-07
3.063647428257609270e-07
