1.260886768746852541e-03
1.260886768746852541e-03
1.260886768746852541e-03
1.260886768747120990e-03
9.892095753371139555e-01
1.260886768746852541e-03
1.260886768746852541e-03
1.260977283126059638e-03
1.260887141351871429e-03
1.260886768746852541e-03
1.260886768746852541e-03
1.260886768746852541e-03
1.260886768746852541e-03
1.260886768746852541e-03
1.260886768746852541e-03
1.260886768746852541e-03
1.260886768746852541e-03
1.260886768746852541e-03
1.260886768746852541e-03
1.260886768746852541e-03
1.260886768746852541e-03
1.260886768746852541e-03
1.260886768746852541e-03
9.665966031812714965e-01
1.260886768746852541e-03
1.261392589485104895e-03
1.260886768746852541e-03
1.260879438927688589e-03
1.260886768746852541e-03
1.260886768746852541e-03
1.260886768746852541e-03
1.260886768746852541e-03
1.260886768746852541e-03
1.260886768746852541e-03
1.260886768746852541e-03
1.260886768746852541e-03
1.260886768746852541e-03
1.260886768746852541e-03
1.260886768746852541e-03
1.260886768746852541e-03
1.260886768746852541e-03
1.260886768746852541e-03
1.260886768746852541e-03
1.260886768746852541e-03
1.260886768746852541e-03
1.260886768746852541e-03
1.260886768746852541e-03
1.260886768746852541e-03
1.260886768746852541e-03
1.260886768746852541e-03
1.260886768746852541e-03
1.260886768746852541e-03
9.667191459600918968e-01
9.667191294061471263e-01
1.260886768746852541e-03
1.260886840434840119e-03
1.260886768746852541e-03
1.260886768746852541e-03
1.260886768746852541e-03
1.260886768746852541e-03
1.260886768746852541e-03
1.260886768746852541e-03
1.260886768746852541e-03
1.260886768746852541e-03
