5.304181196098450801e-10
5.304182577690801548e-10
5.304182791499760754e-10
5.304181196098413578e-10
5.304181196098413578e-10
5.304181587395335874e-10
5.304181196098413578e-10
5.304181196098413578e-10
5.304181196098413578e-10
5.311581919336924211e-10
5.304181196098413578e-10
5.304181196098413578e-10
5.304181200700967481e-10
5.304181196098413578e-10
5.304181196098413578e-10
5.304181196098413578e-10
5.304181196098413578e-10
5.304362829681197215e-10
5.304181196098413578e-10
5.305315229003426330e-10
5.304181196098413578e-10
5.304181196098413578e-10
5.304181196098413578e-10
7.777463356247212689e-10
5.304181196098413578e-10
7.164720818946711201e-10
5.294643206964713536e-10
5.304181196098413578e-10
5.305534758503362562e-10
5.304181196098413578e-10
5.304181196098413578e-10
6.694981596672876263e-11
5.304184337923842090e-10
5.304181196098413578e-10
5.304181196098413578e-10
5.304181196098413578e-10
5.304186087847567289e-10
5.304181196098413578e-10
5.304182395384635467e-10
5.304181196098413578e-10
5.304181196098413578e-10
5.304181196098413578e-10
5.304181196098413578e-10
5.304181196098413578e-10
5.462120776736999870e-10
5.304185796161035098e-10
5.304181196098413578e-10
5.304181196098413578e-10
5.304183834923373505e-10
5.125373891754663919e-10
5.304181196098413578e-10
5.304181196098413578e-10
5.304181194626527362e-10
9.311017882336565444e-10
7.262067781141687671e-10
5.304181196098413578e-10
5.304181196098413578e-10
5.304181196098413578e-10
5.304181196098413578e-10
5.304181196098413578e-10
5.374428989410342303e-10
3.662920146719173336e-10
5.304181196098394966e-10
5.304181196098413578e-10
5.304181196098413578e-10
