3.042757215336472100e-10
3.042757218533985804e-10
3.042757213770712775e-10
3.745720211704354880e-11
3.042757213770712775e-10
3.042757213379107896e-10
3.042757213770712775e-10
3.042757213770712775e-10
3.042757213770712775e-10
3.042757213770691062e-10
3.042757213770712775e-10
3.042757213770712775e-10
5.791096114404575292e-12
3.042766033418288649e-10
3.042757213768680496e-10
3.042757213771231314e-10
3.042757247446803536e-10
3.042787420907657200e-10
3.042757213770712775e-10
3.042757213770712775e-10
3.042756082058385764e-10
2.448024116401870773e-10
3.042757213770712775e-10
3.042757213770712775e-10
3.113872325592403478e-11
3.042757215028709730e-10
3.042757214004263602e-10
3.042757213745979041e-10
3.042757213770712775e-10
3.042757213770712775e-10
3.042757213770712775e-10
3.042757213770712775e-10
3.042757213770712775e-10
3.042757213770712775e-10
3.042644632438203155e-10
3.042757269803587808e-10
3.113872325592403478e-11
3.042757213770712775e-10
3.113934612357585830e-11
3.042667838228587852e-10
3.042757213770712775e-10
2.410589814385088046e-10
3.042757213770712775e-10
3.443991678661926846e-10
3.042757213770712775e-10
3.042757213770712775e-10
3.042757213770712775e-10
3.042757213770712775e-10
3.042757213770658491e-10
3.042764709793460692e-10
3.054063858395181753e-10
3.042757213770712775e-10
3.042757213770712775e-10
1.970447780525311106e-11
3.042757213772831391e-10
3.040793029352917447e-10
1.449664618070998310e-10
3.042749384979617146e-10
3.042757201881035785e-10
3.042757213770712775e-10
3.042757213770712775e-10
3.042755131107560165e-10
3.042757213770712775e-10
3.042757213770712775e-10
