4.734166083340590118e-04
4.734166083340590118e-04
4.734166083340590118e-04
4.734166083340590118e-04
4.734166083340590118e-04
4.734166083340590118e-04
4.734166083340590118e-04
4.734166083340590118e-04
4.734166083340590118e-04
4.734166083340590118e-04
4.734166083340590118e-04
4.734166083340590118e-04
4.734166083497017181e-04
4.734166353628554221e-04
4.734166083340590118e-04
1.595165611957944192e-08
4.734166083340590118e-04
4.734166083340590118e-04
4.734166083340590118e-04
4.735991243439193876e-04
4.734166083340590118e-04
4.724133697844426819e-04
4.734166083340590118e-04
4.734166083340590118e-04
4.734166083340590118e-04
4.734166083340590118e-04
4.734166083340590118e-04
4.734166083340590118e-04
4.734166083340590118e-04
4.734332383269770688e-04
4.734166083340590118e-04
4.734166083340590118e-04
4.734166083340590118e-04
4.734166083340590118e-04
4.734166083340590118e-04
4.734166083340590118e-04
1.279352931768416771e-09
4.734166083340590118e-04
4.734166083340590118e-04
1.279352931768416771e-09
4.734166083340590118e-04
4.734166083340590118e-04
4.734166083340590118e-04
8.421091490644472278e-09
1.279352931768416771e-09
4.734166083340590118e-04
4.734166083340590118e-04
4.734166083340590118e-04
4.734166083340590118e-04
4.734166083340590118e-04
4.734166083340590118e-04
4.734166083340590118e-04
4.734166083340590118e-04
4.734165921304820659e-04
1.279352931768416771e-09
4.734166083340590118e-04
4.833192256206192590e-04
4.744681983047145256e-04
4.734166083340590118e-04
4.734166083340590118e-04
4.734166083340590118e-04
4.734166083340590118e-04
4.734166083340590118e-04
4.734166083340590118e-04
