1.563246471605229818e-04
1.654543227839487313e-04
2.830949207405058761e-04
1.563246471605229818e-04
2.413482463464497842e-04
1.917737214352725327e-04
1.152241705442006488e-04
1.563246471605229818e-04
2.115511639875177733e-04
1.152249421267738052e-04
1.213171224004000139e-04
1.561071256030752781e-04
1.568698820306210588e-04
1.563246493926862208e-04
1.556762541380797397e-04
1.562303775020567817e-04
1.571010750437976046e-04
1.563246471605229818e-04
2.565070148421169042e-04
1.563246471605229818e-04
1.563246471605488129e-04
1.592744908361464872e-04
4.641234265863733097e-04
1.563246471743824737e-04
1.563246471605229818e-04
1.153216506872664269e-04
1.672526475284026462e-04
1.563246471605238221e-04
1.563246575520540690e-04
2.018043217620770868e-04
1.563251011422027859e-04
1.152463400025723213e-04
2.832646108522776998e-04
1.563246471605232528e-04
2.822383661212300439e-04
1.563246471610205493e-04
1.186397149744892543e-04
1.563392896703518821e-04
1.563246383317457272e-04
1.563246471605238221e-04
1.563246483604281202e-04
1.563246471605229818e-04
1.852311564110023165e-04
1.563247393403771992e-04
1.152239489264768291e-04
3.400071056080947781e-04
3.297525470900234540e-04
1.563234954373733242e-04
2.565163276923730553e-04
1.563246439348976214e-04
4.647356735479370713e-04
1.564624963274941665e-04
4.633796811018440695e-04
1.563246485293370337e-04
1.563383211473374352e-04
2.557605873537770018e-04
2.832621224569572258e-04
1.563246471743902528e-04
1.563246471605229818e-04
3.682385884091084047e-05
1.563246471605229818e-04
1.698716423800171135e-04
4.186152545856311978e-05
3.580784595439975371e-04
