4.854278142815394955e-07
8.403711629406721552e-07
3.184860411329057961e-07
3.184860411329057961e-07
3.185631384769604570e-07
4.929842059434670841e-07
8.403883411622758298e-07
7.778867469442682940e-07
5.271286687636855619e-07
3.184860411329057961e-07
4.854278142815394955e-07
4.854284109291678023e-07
8.403916525807898790e-07
3.184860411329057961e-07
8.403883228974258202e-07
4.854278142815394955e-07
8.125692513334181207e-07
4.854280522439939293e-07
4.853334915882791818e-07
4.854278142815394955e-07
8.390525646278282544e-07
4.854278361723070534e-07
4.854278142815394955e-07
4.856705801381595111e-07
8.403936130570135232e-07
4.854278142798890518e-07
4.854278142815394955e-07
6.605111493679458867e-07
3.209475072193215873e-07
4.854278142815394955e-07
4.577274368850294422e-07
5.978326868473875394e-07
2.555505155831711172e-07
4.854278142815394955e-07
4.854278142815394955e-07
2.640140672362780166e-07
8.403936122820485743e-07
4.854278142728440670e-07
4.864491284325855809e-07
8.403936130570105585e-07
4.854278142815394955e-07
8.403936130570135232e-07
4.854278142815394955e-07
8.403936130569299845e-07
4.854275733180058248e-07
3.184863011212940234e-07
1.400401163372601168e-06
4.854278142811945413e-07
8.403813650479151584e-07
1.465968776917502645e-07
3.185963604571896714e-07
3.184860411329057961e-07
2.532608935696652431e-06
4.854278142815394955e-07
4.854278436603528517e-07
4.215079913092033277e-07
1.194821577709884977e-06
4.854278142815394955e-07
4.854278142815394955e-07
8.403936130570135232e-07
1.397711875938602886e-06
3.184860411329057961e-07
8.403936614355550507e-07
8.403936130570135232e-07
