1.180419807404253714e-04
1.180419807404253714e-04
1.180419807404253714e-04
1.180419807431580488e-04
1.180419807404253714e-04
1.180419807404253714e-04
1.180419807404253714e-04
1.180419807404253714e-04
1.180419807404253714e-04
1.180419807404253714e-04
1.180419807404253714e-04
1.180419807404253714e-04
1.180419807404253714e-04
1.180419812227647867e-04
9.499867070091127686e-06
1.156496449075201783e-05
1.180419807404253714e-04
1.180419807404253714e-04
1.180419807404253714e-04
1.180419807404253714e-04
1.180419807404253714e-04
1.180419807406627033e-04
1.180419807404253714e-04
1.180419807404253714e-04
1.180521255414755042e-04
1.180419807404253714e-04
1.180419807404253714e-04
1.180419807404253714e-04
1.180419807404253714e-04
1.180419807404253714e-04
1.180419807404253714e-04
1.156496440574942232e-05
1.180419807385354851e-04
1.180419807404253714e-04
1.180419807404253714e-04
1.180420132787969725e-04
1.180419807404253714e-04
1.180419807404253714e-04
1.180419807404253714e-04
1.180419807404253714e-04
1.180419807404253714e-04
1.180419807404253714e-04
1.180419807404253714e-04
1.180419807404253714e-04
1.180419807404253714e-04
1.180419807404253714e-04
1.180419570295646226e-04
1.180419807404253714e-04
1.180419807404253714e-04
1.180419807404253714e-04
1.180419807404253714e-04
1.180419807404253714e-04
1.180419807404253714e-04
1.180419807404253714e-04
1.180419807404253714e-04
1.180419807404253714e-04
1.180419807404253714e-04
1.180407738976153723e-04
1.180419807404253714e-04
1.180413137970624213e-04
1.180419807404253714e-04
1.180419807404253714e-04
1.180419807404253714e-04
1.180419807404253714e-04
1.180419807404253714e-04
