1.352529354283478306e-04
1.691825300671092182e-04
1.691691044205745559e-04
3.282426748744710510e-05
1.214866071763126142e-04
1.691825300671092182e-04
1.691825300671092182e-04
1.772795030406697692e-04
2.356954682413195572e-05
1.691825300644376627e-04
3.282426740615164754e-05
2.356954682411646518e-05
5.382729468188152171e-05
1.691825300671092182e-04
3.283864141340345569e-05
3.302756152808305893e-05
2.377605742393737104e-05
3.291885921357316623e-05
1.691825300671092182e-04
1.691825300685226112e-04
7.997747747340011582e-05
1.992136879716041763e-05
1.691825300671092182e-04
1.694423691067475349e-04
2.699867186667296963e-03
2.357007732683192525e-05
3.288072829052311405e-05
3.282426740615164754e-05
3.282426795018655066e-05
3.392279726426866032e-05
2.433217523413032396e-05
3.325520310725937814e-04
3.283203308532720260e-05
3.282426740615164754e-05
1.691825116993939105e-04
1.689222108759009220e-04
1.691825300671092182e-04
2.524308352599283277e-05
1.364002382959526947e-04
3.282426740634802366e-05
5.942586543134465280e-06
3.287365100470459310e-05
1.691015255956638944e-04
3.282427212760246439e-05
2.356954682411642113e-05
1.691825300671092182e-04
2.387526210249648655e-05
1.568281630643463649e-04
2.356954682411642113e-05
3.268533073218779435e-05
2.375209430250739461e-05
2.356954682479164869e-05
1.691805049766825699e-04
2.356954682863403070e-05
1.691825211516653142e-04
9.393245366553133757e-05
1.691825300671092182e-04
3.277036289965084052e-05
3.282426740615164754e-05
3.282426695900542802e-05
3.282432579227732080e-05
1.691671455245269060e-04
3.282498470510716393e-05
1.691825300671302517e-04
8.376463592715115440e-06
8.883307529084769183e-06
8.883307529084769183e-06
8.883307529084769183e-06
8.883307529084769183e-06
8.883307529084769183e-06
8.883271242138482060e-06
5.850050950763282838e-06
8.883307529084769183e-06
2.153308000755997320e-05
6.100115236873169892e-06
8.883307529084769183e-06
8.883307529084769183e-06
8.883307529084769183e-06
6.533113772700314723e-06
8.883307529084769183e-06
8.883307529084769183e-06
8.883307516701679431e-06
8.883307529084769183e-06
8.883307529084769183e-06
8.883307529084769183e-06
8.883307529084769183e-06
8.883307529084769183e-06
8.883307469454196879e-06
8.883307529084769183e-06
8.883307077358483275e-06
8.091556197902365359e-06
8.883307529084769183e-06
8.883307529154390209e-06
8.883307529084769183e-06
8.883307529084769183e-06
9.264212448976877603e-06
8.982993764907654295e-06
8.883307529084769183e-06
9.345966945985138935e-06
8.883307529084769183e-06
8.883141611646269180e-06
6.432315530905615890e-06
8.809912895498435697e-06
8.883307529084769183e-06
8.883307529084769183e-06
7.059926474168232658e-06
8.883307529084769183e-06
8.883307529084769183e-06
8.975509630106234311e-06
8.868488215107042950e-06
8.883307529084769183e-06
8.884558914573490712e-06
8.883307528558228092e-06
8.883307529084769183e-06
8.883307529084769183e-06
9.436913775469456058e-06
8.883307529084769183e-06
8.883305888848924697e-06
8.883307529084769183e-06
8.883307529148804874e-06
8.883307529084769183e-06
8.883307529084769183e-06
8.883307529084769183e-06
8.883307529084769183e-06
8.883307529084769183e-06
8.883307529084769183e-06
8.883307529084769183e-06
8.883306093835209330e-06
3.011869952962349675e-07
3.063675090787027808e-07
3.063675090786815520e-07
3.067132720229711983e-07
1.059209534008659797e-07
3.982933258710822172e-07
3.063675141764480188e-07
3.559138506682170444e-07
3.063670247691884099e-07
3.063675090787027808e-07
3.617916331999471103e-07
1.680543580474217274e-07
3.617916331999471103e-07
3.617533194494470002e-07
3.063662659022137692e-07
3.063675067286019277e-07
3.616246269643965392e-07
3.063675090787027808e-07
3.063675090787027808e-07
3.617916338880829765e-07
3.064961811249768148e-07
9.833136979851027843e-08
3.063675311928088395e-07
3.063676053765894759e-07
3.063675090608943366e-07
3.063433373685023294e-07
3.050795221869613367e-07
2.156119932488560959e-07
3.510223271131684721e-07
3.617916331999471103e-07
1.680791207581681178e-07
3.543897688000061457e-07
3.617916331999471103e-07
3.585385908668722591e-07
3.060183775614525850e-07
3.063675128476813352e-07
1.680543580474217274e-07
1.684994679165104067e-07
3.617915101651678089e-07
1.682356230264917304e-07
3.617916331999471103e-07
3.617916331999471103e-07
1.627857288649919303e-07
3.063675828738030264e-07
2.901408950250546987e-07
3.617916331999471103e-07
3.982994053534064171e-07
1.680543580474217274e-07
1.680543580474217274e-07
3.617916331999471103e-07
3.063675090935370276e-07
1.687192736945332955e-07
3.617857527320814788e-07
3.063674967837996405e-07
3.617916331989650815e-07
1.680543580474217274e-07
3.064012752218997724e-07
2.987918371476336976e-07
3.529043930337440896e-07
3.063675090787049513e-07
3.298134403810433809e-07
3.617913275966480048e-07
3.617114867826318857e-07
3.063647428257609270e-07
1.260886768746852541e-03
1.260886768746852541e-03
1.260886768746852541e-03
1.260886768747120990e-03
9.892095753371139555e-01
1.260886768746852541e-03
1.260886768746852541e-03
1.260977283126059638e-03
1.260887141351871429e-03
1.260886768746852541e-03
1.260886768746852541e-03
1.260886768746852541e-03
1.260886768746852541e-03
1.260886768746852541e-03
1.260886768746852541e-03
1.260886768746852541e-03
1.260886768746852541e-03
1.260886768746852541e-03
1.260886768746852541e-03
1.260886768746852541e-03
1.260886768746852541e-03
1.260886768746852541e-03
1.260886768746852541e-03
9.665966031812714965e-01
1.260886768746852541e-03
1.261392589485104895e-03
1.260886768746852541e-03
1.260879438927688589e-03
1.260886768746852541e-03
1.260886768746852541e-03
1.260886768746852541e-03
1.260886768746852541e-03
1.260886768746852541e-03
1.260886768746852541e-03
1.260886768746852541e-03
1.260886768746852541e-03
1.260886768746852541e-03
1.260886768746852541e-03
1.260886768746852541e-03
1.260886768746852541e-03
1.260886768746852541e-03
1.260886768746852541e-03
1.260886768746852541e-03
1.260886768746852541e-03
1.260886768746852541e-03
1.260886768746852541e-03
1.260886768746852541e-03
1.260886768746852541e-03
1.260886768746852541e-03
1.260886768746852541e-03
1.260886768746852541e-03
1.260886768746852541e-03
9.667191459600918968e-01
9.667191294061471263e-01
1.260886768746852541e-03
1.260886840434840119e-03
1.260886768746852541e-03
1.260886768746852541e-03
1.260886768746852541e-03
1.260886768746852541e-03
1.260886768746852541e-03
1.260886768746852541e-03
1.260886768746852541e-03
1.260886768746852541e-03
5.304181196098450801e-10
5.304182577690801548e-10
5.304182791499760754e-10
5.304181196098413578e-10
5.304181196098413578e-10
5.304181587395335874e-10
5.304181196098413578e-10
5.304181196098413578e-10
5.304181196098413578e-10
5.311581919336924211e-10
5.304181196098413578e-10
5.304181196098413578e-10
5.304181200700967481e-10
5.304181196098413578e-10
5.304181196098413578e-10
5.304181196098413578e-10
5.304181196098413578e-10
5.304362829681197215e-10
5.304181196098413578e-10
5.305315229003426330e-10
5.304181196098413578e-10
5.304181196098413578e-10
5.304181196098413578e-10
7.777463356247212689e-10
5.304181196098413578e-10
7.164720818946711201e-10
5.294643206964713536e-10
5.304181196098413578e-10
5.305534758503362562e-10
5.304181196098413578e-10
5.304181196098413578e-10
6.694981596672876263e-11
5.304184337923842090e-10
5.304181196098413578e-10
5.304181196098413578e-10
5.304181196098413578e-10
5.304186087847567289e-10
5.304181196098413578e-10
5.304182395384635467e-10
5.304181196098413578e-10
5.304181196098413578e-10
5.304181196098413578e-10
5.304181196098413578e-10
5.304181196098413578e-10
5.462120776736999870e-10
5.304185796161035098e-10
5.304181196098413578e-10
5.304181196098413578e-10
5.304183834923373505e-10
5.125373891754663919e-10
5.304181196098413578e-10
5.304181196098413578e-10
5.304181194626527362e-10
9.311017882336565444e-10
7.262067781141687671e-10
5.304181196098413578e-10
5.304181196098413578e-10
5.304181196098413578e-10
5.304181196098413578e-10
5.304181196098413578e-10
5.374428989410342303e-10
3.662920146719173336e-10
5.304181196098394966e-10
5.304181196098413578e-10
5.304181196098413578e-10
3.042757215336472100e-10
3.042757218533985804e-10
3.042757213770712775e-10
3.745720211704354880e-11
3.042757213770712775e-10
3.042757213379107896e-10
3.042757213770712775e-10
3.042757213770712775e-10
3.042757213770712775e-10
3.042757213770691062e-10
3.042757213770712775e-10
3.042757213770712775e-10
5.791096114404575292e-12
3.042766033418288649e-10
3.042757213768680496e-10
3.042757213771231314e-10
3.042757247446803536e-10
3.042787420907657200e-10
3.042757213770712775e-10
3.042757213770712775e-10
3.042756082058385764e-10
2.448024116401870773e-10
3.042757213770712775e-10
3.042757213770712775e-10
3.113872325592403478e-11
3.042757215028709730e-10
3.042757214004263602e-10
3.042757213745979041e-10
3.042757213770712775e-10
3.042757213770712775e-10
3.042757213770712775e-10
3.042757213770712775e-10
3.042757213770712775e-10
3.042757213770712775e-10
3.042644632438203155e-10
3.042757269803587808e-10
3.113872325592403478e-11
3.042757213770712775e-10
3.113934612357585830e-11
3.042667838228587852e-10
3.042757213770712775e-10
2.410589814385088046e-10
3.042757213770712775e-10
3.443991678661926846e-10
3.042757213770712775e-10
3.042757213770712775e-10
3.042757213770712775e-10
3.042757213770712775e-10
3.042757213770658491e-10
3.042764709793460692e-10
3.054063858395181753e-10
3.042757213770712775e-10
3.042757213770712775e-10
1.970447780525311106e-11
3.042757213772831391e-10
3.040793029352917447e-10
1.449664618070998310e-10
3.042749384979617146e-10
3.042757201881035785e-10
3.042757213770712775e-10
3.042757213770712775e-10
3.042755131107560165e-10
3.042757213770712775e-10
3.042757213770712775e-10
4.734166083340590118e-04
4.734166083340590118e-04
4.734166083340590118e-04
4.734166083340590118e-04
4.734166083340590118e-04
4.734166083340590118e-04
4.734166083340590118e-04
4.734166083340590118e-04
4.734166083340590118e-04
4.734166083340590118e-04
4.734166083340590118e-04
4.734166083340590118e-04
4.734166083497017181e-04
4.734166353628554221e-04
4.734166083340590118e-04
1.595165611957944192e-08
4.734166083340590118e-04
4.734166083340590118e-04
4.734166083340590118e-04
4.735991243439193876e-04
4.734166083340590118e-04
4.724133697844426819e-04
4.734166083340590118e-04
4.734166083340590118e-04
4.734166083340590118e-04
4.734166083340590118e-04
4.734166083340590118e-04
4.734166083340590118e-04
4.734166083340590118e-04
4.734332383269770688e-04
4.734166083340590118e-04
4.734166083340590118e-04
4.734166083340590118e-04
4.734166083340590118e-04
4.734166083340590118e-04
4.734166083340590118e-04
1.279352931768416771e-09
4.734166083340590118e-04
4.734166083340590118e-04
1.279352931768416771e-09
4.734166083340590118e-04
4.734166083340590118e-04
4.734166083340590118e-04
8.421091490644472278e-09
1.279352931768416771e-09
4.734166083340590118e-04
4.734166083340590118e-04
4.734166083340590118e-04
4.734166083340590118e-04
4.734166083340590118e-04
4.734166083340590118e-04
4.734166083340590118e-04
4.734166083340590118e-04
4.734165921304820659e-04
1.279352931768416771e-09
4.734166083340590118e-04
4.833192256206192590e-04
4.744681983047145256e-04
4.734166083340590118e-04
4.734166083340590118e-04
4.734166083340590118e-04
4.734166083340590118e-04
4.734166083340590118e-04
4.734166083340590118e-04
1.563246471605229818e-04
1.654543227839487313e-04
2.830949207405058761e-04
1.563246471605229818e-04
2.413482463464497842e-04
1.917737214352725327e-04
1.152241705442006488e-04
1.563246471605229818e-04
2.115511639875177733e-04
1.152249421267738052e-04
1.213171224004000139e-04
1.561071256030752781e-04
1.568698820306210588e-04
1.563246493926862208e-04
1.556762541380797397e-04
1.562303775020567817e-04
1.571010750437976046e-04
1.563246471605229818e-04
2.565070148421169042e-04
1.563246471605229818e-04
1.563246471605488129e-04
1.592744908361464872e-04
4.641234265863733097e-04
1.563246471743824737e-04
1.563246471605229818e-04
1.153216506872664269e-04
1.672526475284026462e-04
1.563246471605238221e-04
1.563246575520540690e-04
2.018043217620770868e-04
1.563251011422027859e-04
1.152463400025723213e-04
2.832646108522776998e-04
1.563246471605232528e-04
2.822383661212300439e-04
1.563246471610205493e-04
1.186397149744892543e-04
1.563392896703518821e-04
1.563246383317457272e-04
1.563246471605238221e-04
1.563246483604281202e-04
1.563246471605229818e-04
1.852311564110023165e-04
1.563247393403771992e-04
1.152239489264768291e-04
3.400071056080947781e-04
3.297525470900234540e-04
1.563234954373733242e-04
2.565163276923730553e-04
1.563246439348976214e-04
4.647356735479370713e-04
1.564624963274941665e-04
4.633796811018440695e-04
1.563246485293370337e-04
1.563383211473374352e-04
2.557605873537770018e-04
2.832621224569572258e-04
1.563246471743902528e-04
1.563246471605229818e-04
3.682385884091084047e-05
1.563246471605229818e-04
1.698716423800171135e-04
4.186152545856311978e-05
3.580784595439975371e-04
4.854278142815394955e-07
8.403711629406721552e-07
3.184860411329057961e-07
3.184860411329057961e-07
3.185631384769604570e-07
4.929842059434670841e-07
8.403883411622758298e-07
7.778867469442682940e-07
5.271286687636855619e-07
3.184860411329057961e-07
4.854278142815394955e-07
4.854284109291678023e-07
8.403916525807898790e-07
3.184860411329057961e-07
8.403883228974258202e-07
4.854278142815394955e-07
8.125692513334181207e-07
4.854280522439939293e-07
4.853334915882791818e-07
4.854278142815394955e-07
8.390525646278282544e-07
4.854278361723070534e-07
4.854278142815394955e-07
4.856705801381595111e-07
8.403936130570135232e-07
4.854278142798890518e-07
4.854278142815394955e-07
6.605111493679458867e-07
3.209475072193215873e-07
4.854278142815394955e-07
4.577274368850294422e-07
5.978326868473875394e-07
2.555505155831711172e-07
4.854278142815394955e-07
4.854278142815394955e-07
2.640140672362780166e-07
8.403936122820485743e-07
4.854278142728440670e-07
4.864491284325855809e-07
8.403936130570105585e-07
4.854278142815394955e-07
8.403936130570135232e-07
4.854278142815394955e-07
8.403936130569299845e-07
4.854275733180058248e-07
3.184863011212940234e-07
1.400401163372601168e-06
4.854278142811945413e-07
8.403813650479151584e-07
1.465968776917502645e-07
3.185963604571896714e-07
3.184860411329057961e-07
2.532608935696652431e-06
4.854278142815394955e-07
4.854278436603528517e-07
4.215079913092033277e-07
1.194821577709884977e-06
4.854278142815394955e-07
4.854278142815394955e-07
8.403936130570135232e-07
1.397711875938602886e-06
3.184860411329057961e-07
8.403936614355550507e-07
8.403936130570135232e-07
1.180419807404253714e-04
1.180419807404253714e-04
1.180419807404253714e-04
1.180419807431580488e-04
1.180419807404253714e-04
1.180419807404253714e-04
1.180419807404253714e-04
1.180419807404253714e-04
1.180419807404253714e-04
1.180419807404253714e-04
1.180419807404253714e-04
1.180419807404253714e-04
1.180419807404253714e-04
1.180419812227647867e-04
9.499867070091127686e-06
1.156496449075201783e-05
1.180419807404253714e-04
1.180419807404253714e-04
1.180419807404253714e-04
1.180419807404253714e-04
1.180419807404253714e-04
1.180419807406627033e-04
1.180419807404253714e-04
1.180419807404253714e-04
1.180521255414755042e-04
1.180419807404253714e-04
1.180419807404253714e-04
1.180419807404253714e-04
1.180419807404253714e-04
1.180419807404253714e-04
1.180419807404253714e-04
1.156496440574942232e-05
1.180419807385354851e-04
1.180419807404253714e-04
1.180419807404253714e-04
1.180420132787969725e-04
1.180419807404253714e-04
1.180419807404253714e-04
1.180419807404253714e-04
1.180419807404253714e-04
1.180419807404253714e-04
1.180419807404253714e-04
1.180419807404253714e-04
1.180419807404253714e-04
1.180419807404253714e-04
1.180419807404253714e-04
1.180419570295646226e-04
1.180419807404253714e-04
1.180419807404253714e-04
1.180419807404253714e-04
1.180419807404253714e-04
1.180419807404253714e-04
1.180419807404253714e-04
1.180419807404253714e-04
1.180419807404253714e-04
1.180419807404253714e-04
1.180419807404253714e-04
1.180407738976153723e-04
1.180419807404253714e-04
1.180413137970624213e-04
1.180419807404253714e-04
1.180419807404253714e-04
1.180419807404253714e-04
1.180419807404253714e-04
1.180419807404253714e-04
