5.419244605376613011e-01
6.526731023046008495e-01
5.715375669303620620e-01
2.957758389721571457e-01
5.715375669277020787e-01
5.715375669275861714e-01
2.868386477343327218e-02
2.957723186795523929e-01
5.715375669275866155e-01
7.350982391829200546e-01
1.022827762414383612e-01
2.957758389721571457e-01
2.957758389721571457e-01
5.715375669275861714e-01
2.292250527349301292e-01
2.957758389721571457e-01
2.957758389721571457e-01
5.733256801423682880e-01
5.715375669349885834e-01
2.957758389721571457e-01
2.957758389721571457e-01
5.715375516481756568e-01
5.715375669275787329e-01
6.483775674678989853e-01
2.957775321353895426e-01
1.268798504049025444e-01
5.777186118830295314e-01
5.715375669275861714e-01
5.715375669275861714e-01
5.715375684950344537e-01
6.685335518164238211e-01
2.520838302079965731e-01
8.312911235792761477e-01
5.715375669275861714e-01
5.715405409916135548e-01
5.715375669275861714e-01
6.675248094888449613e-01
3.070574016360859693e-01
5.715632689256447962e-01
5.715375729533966886e-01
2.957758389721571457e-01
5.715375669275861714e-01
7.397298853593889945e-01
5.715375698414882910e-01
6.681909538105710311e-01
6.420734503398060067e-01
5.715377240072527787e-01
2.957758389721571457e-01
5.745977371758484997e-01
7.971629775337958357e-01
2.957758389721571457e-01
8.712065733110248011e-01
5.715375669275861714e-01
2.957758389721571457e-01
5.715375669275868376e-01
5.496515643916056737e-01
5.715375669275861714e-01
5.715375669276092641e-01
5.715375669275861714e-01
5.715375669534316083e-01
