6.356039402891162649e-01
6.356039402891159318e-01
6.356039402891161538e-01
6.356039402891159318e-01
1.051614570207946809e-03
2.258971359247914645e-01
6.356039402878794764e-01
5.365086793329386372e-04
6.356039402893568502e-01
6.356039402891159318e-01
2.258972357691810817e-01
6.356039402891159318e-01
6.356039402891159318e-01
6.356024668385783505e-01
6.356039402891159318e-01
6.356039402891159318e-01
6.356039432978841663e-01
6.356039402891159318e-01
6.356039402891159318e-01
2.258971359247916033e-01
6.356039404836634210e-01
3.327772170025520681e-03
6.356039402907265323e-01
6.356039402891159318e-01
6.356039402891159318e-01
6.356039402891159318e-01
6.356043233402749459e-01
2.882411567490589244e-01
6.356039402891159318e-01
6.356039402891159318e-01
6.356039402891159318e-01
6.355678581634367497e-01
2.258971359247914645e-01
6.356039402891159318e-01
6.356039403155728795e-01
6.356039264860793292e-01
6.356039402891159318e-01
5.651779603772703053e-01
3.190012755582127824e-02
6.356039402891159318e-01
6.356039402891159318e-01
6.356039402891159318e-01
2.159961400772828291e-03
2.258971359247914645e-01
6.356039402891159318e-01
6.356039402891159318e-01
1.285733958631036719e-02
6.356039402891159318e-01
6.356039402891159318e-01
6.356039402891159318e-01
6.356039402891159318e-01
6.356028972347944617e-01
6.355761578392752353e-01
6.356039402891159318e-01
6.356039402891159318e-01
2.258971359247914645e-01
6.356039402891159318e-01
7.965939881701343817e-01
2.515540583944265718e-01
2.258971359247916033e-01
