7.208501488256633394e-01
7.208494821881489267e-01
7.207875978600771782e-01
1.997670211377765292e-01
3.706519374424775415e-01
7.208494950906383369e-01
3.705963255501541487e-01
3.705962994873064353e-01
4.777175773337640763e-01
3.753475724950915415e-01
3.706775585422523722e-01
3.705962994873081007e-01
6.306860727100461941e-04
7.193094152599353031e-01
7.208494950890182995e-01
7.208619163388029216e-01
3.705962994873017169e-01
7.210109496076186897e-01
7.208494950902607501e-01
3.705741638144020023e-01
7.038238124405113982e-01
3.705962829549536708e-01
7.208494950901994658e-01
3.705962994873081007e-01
3.705962994873027161e-01
7.208494944224400625e-01
3.705962994873082117e-01
7.208495171073395769e-01
3.705962994873081007e-01
7.208494950902100129e-01
3.705962994873082117e-01
3.705962994873081007e-01
7.208494950901994658e-01
3.705962994873081007e-01
6.969924889762021403e-01
6.908525393451367957e-01
3.065442030655584071e-01
7.208494950901994658e-01
3.705962994873081007e-01
3.705962994873081007e-01
3.705962994873081007e-01
3.705962994873081007e-01
7.208490301668136757e-01
7.337408991509955514e-02
3.705962994873081007e-01
3.705963038958140499e-01
3.705962994873081007e-01
3.705962994873081007e-01
7.208494951749334634e-01
7.618752304938303244e-01
7.208301271243977570e-01
3.705977558770929270e-01
3.705962994873081007e-01
1.278781404730063853e-01
7.208494115433505822e-01
7.402824711581372785e-01
3.705962994873081007e-01
7.208494942838118424e-01
7.208504209248759453e-01
1.795632094642974630e-01
