5.103388917415000448e-01
6.997232483562637606e-01
4.920690148163907041e-01
4.962574196317214859e-01
4.920690149600445151e-01
4.920690149717777961e-01
4.899382149142059717e-01
4.920690149600389085e-01
4.920690149600447927e-01
6.997215869560975410e-01
4.920660083710384214e-01
5.108524455962032418e-01
4.916379785686927906e-01
5.116412309449673845e-01
4.807218412712530586e-01
2.222963094518939642e-01
4.892055180007242599e-01
4.920746724473232803e-01
4.920690149600442931e-01
4.248012298599048719e-01
6.999310336226433060e-01
7.298616256162262506e-01
6.687626382207810805e-01
4.921653024320162828e-01
4.921342717219592267e-01
4.920690119759543180e-01
4.920692082990522631e-01
4.920690124192662607e-01
4.920690149600447927e-01
7.392285751412507322e-01
4.920690222962347815e-01
7.497101477927485824e-01
4.920690149600445151e-01
7.558506247746215045e-01
4.920952474339048144e-01
7.042109052674715430e-01
4.920690149600445151e-01
4.920690149600451258e-01
4.920690149600447927e-01
4.920690149600447927e-01
4.920726936882580671e-01
7.013637063529817306e-01
4.920690149600445151e-01
6.183521397795380820e-02
4.075140686143675639e-01
4.920690149600445151e-01
7.503693180624474435e-01
4.914135293710472085e-01
4.920690149600447927e-01
4.920690633275633941e-01
6.934201721835104859e-01
4.920690224427583526e-01
1.844877196748272996e-01
6.489623541554589981e-01
4.668938108190411329e-01
4.923192666784481086e-01
5.384418656279420512e-01
5.368110402006268655e-01
4.920690149600447927e-01
4.920690149600591701e-01
