5.629703064988266226e-01
5.750052915116844465e-01
5.488371620242672444e-01
5.273163081068125146e-01
6.985013541511891910e-01
5.966424997450779921e-01
4.791899560113571099e-01
5.614598258272828213e-01
6.357347961154874438e-01
5.099138633240306584e-01
4.524218883030166616e-01
4.436157906570669107e-01
5.421420950045953147e-01
5.682166074815494516e-01
5.575733249542431658e-01
5.412921844317230002e-01
7.357937091058719403e-01
5.004095562232184768e-01
5.514621864292004183e-01
5.390332108071649309e-01
6.437596619356459327e-01
5.728174994505615958e-01
5.098264586109925167e-01
5.048477969367175522e-01
3.748166260372803871e-01
4.577328931214936780e-01
4.819481223007261450e-01
4.967723741433458517e-01
5.666029835724167851e-01
4.050978669459421866e-01
5.640163890899586585e-01
6.636331837709635861e-01
2.620078289467447918e-01
5.173921674381177782e-01
4.749737987304796238e-01
3.615770359141596280e-01
6.357271365619732162e-01
4.584290205533592122e-01
5.018514764968544650e-01
4.953430446166324774e-01
4.503568615165878253e-01
4.847207025986120521e-01
5.616819558810377533e-01
5.950834354817780003e-01
5.502455334061241432e-01
4.835563755632221183e-01
6.115669839620063719e-01
5.013289911911186225e-01
4.435671699750792785e-01
1.797380259859376606e-01
6.167352930637352015e-01
5.620780985403864838e-01
7.446452046708641470e-01
4.759151429451055626e-01
5.352295812616251203e-01
4.766732681815317729e-01
4.484726675282755815e-01
4.027774479723738588e-01
4.517999034327016550e-01
6.132346897938623087e-01
