3.450706149968489900e-01
5.420027099695231554e-01
5.420027110811471704e-01
5.435737133025206891e-01
6.974362262759408182e-01
4.543072736368272135e-01
4.860599354359245172e-01
4.542841906919224959e-01
5.409200858905792719e-01
5.420027110811469484e-01
5.420027110811471704e-01
5.416406263699824475e-01
3.132668886776171502e-01
4.546417033220249149e-01
1.729459453328308430e-02
1.672907030511993076e-01
5.420027110811471704e-01
5.420027939495343228e-01
4.521776310469824423e-01
6.935684569484302786e-01
5.446022792436213678e-01
7.556867920592216237e-01
4.542841895396831364e-01
3.614558697698469492e-01
5.718594613596743592e-01
2.521890733715358990e-01
2.894649028865239893e-01
4.542843769606997872e-01
5.420027110811469484e-01
5.877095904339108001e-01
4.282029024581612275e-01
2.136330400208849567e-01
5.419946738789945817e-01
5.420027110812681848e-01
5.413560759388342802e-01
6.120573706732950203e-01
2.067705935948275231e-01
3.450272659843786616e-01
5.420027110813688820e-01
5.420027110811409532e-01
4.454439690849910649e-01
4.542841895438863298e-01
5.420027110811471704e-01
5.424182844694539485e-01
6.947448464325525208e-01
5.420027110813050442e-01
9.264080682099385955e-01
3.452183691726165571e-01
5.419905035341890942e-01
4.542841895396665386e-01
5.420026677070691745e-01
5.420027110811480586e-01
3.450272659843772183e-01
5.420025827486427694e-01
4.537505216355526838e-01
3.450273450710298340e-01
3.474347074486062170e-01
5.265907594300128780e-01
5.420027094103286869e-01
5.856188942112640072e-01
