4.159381817074997434e-01
4.159381817074997434e-01
4.159381817074997434e-01
4.159381817074997434e-01
4.159381816314374758e-01
4.159381817074997434e-01
4.159381817074997434e-01
4.159381708709742886e-01
4.159381817074996324e-01
4.159381817075132881e-01
4.159381817074997434e-01
4.159381817074997434e-01
4.159381817074997989e-01
4.159381817074997434e-01
4.189574308046080664e-01
4.159381817074997434e-01
4.159513659435279953e-01
4.159381817074997434e-01
4.159381817074996324e-01
4.159381817066250542e-01
4.159381911533855947e-01
1.358329591446039430e-01
4.159381817074997434e-01
4.159432256998165656e-01
1.280937267892373220e-03
4.159381817074997434e-01
4.159381817074997434e-01
4.159381817074997434e-01
4.159381817074996324e-01
4.159381817074996324e-01
4.159382814605062650e-01
4.159382031297745308e-01
4.159381817074997434e-01
4.159381817074997434e-01
4.159381817074997434e-01
4.159345627997309558e-01
4.159381377961683390e-01
4.159381817074997434e-01
4.159381817074996324e-01
4.159381817074996324e-01
8.790980475863957588e-02
4.159372451726381370e-01
4.159381817074314092e-01
4.159381817074997434e-01
4.159381817074997434e-01
4.159381817074997434e-01
4.159384658869821338e-01
4.159381817074997434e-01
4.159381817074996324e-01
4.160582563785005794e-01
4.163461971946634810e-01
4.159381817074997434e-01
4.159381816921067787e-01
4.159381817074997434e-01
4.159381817074997434e-01
4.159381817074997434e-01
4.159381817075008536e-01
4.159381817075418764e-01
4.159381817074996324e-01
4.159381817110427426e-01
5.419244605376613011e-01
6.526731023046008495e-01
5.715375669303620620e-01
2.957758389721571457e-01
5.715375669277020787e-01
5.715375669275861714e-01
2.868386477343327218e-02
2.957723186795523929e-01
5.715375669275866155e-01
7.350982391829200546e-01
1.022827762414383612e-01
2.957758389721571457e-01
2.957758389721571457e-01
5.715375669275861714e-01
2.292250527349301292e-01
2.957758389721571457e-01
2.957758389721571457e-01
5.733256801423682880e-01
5.715375669349885834e-01
2.957758389721571457e-01
2.957758389721571457e-01
5.715375516481756568e-01
5.715375669275787329e-01
6.483775674678989853e-01
2.957775321353895426e-01
1.268798504049025444e-01
5.777186118830295314e-01
5.715375669275861714e-01
5.715375669275861714e-01
5.715375684950344537e-01
6.685335518164238211e-01
2.520838302079965731e-01
8.312911235792761477e-01
5.715375669275861714e-01
5.715405409916135548e-01
5.715375669275861714e-01
6.675248094888449613e-01
3.070574016360859693e-01
5.715632689256447962e-01
5.715375729533966886e-01
2.957758389721571457e-01
5.715375669275861714e-01
7.397298853593889945e-01
5.715375698414882910e-01
6.681909538105710311e-01
6.420734503398060067e-01
5.715377240072527787e-01
2.957758389721571457e-01
5.745977371758484997e-01
7.971629775337958357e-01
2.957758389721571457e-01
8.712065733110248011e-01
5.715375669275861714e-01
2.957758389721571457e-01
5.715375669275868376e-01
5.496515643916056737e-01
5.715375669275861714e-01
5.715375669276092641e-01
5.715375669275861714e-01
5.715375669534316083e-01
6.356039402891162649e-01
6.356039402891159318e-01
6.356039402891161538e-01
6.356039402891159318e-01
1.051614570207946809e-03
2.258971359247914645e-01
6.356039402878794764e-01
5.365086793329386372e-04
6.356039402893568502e-01
6.356039402891159318e-01
2.258972357691810817e-01
6.356039402891159318e-01
6.356039402891159318e-01
6.356024668385783505e-01
6.356039402891159318e-01
6.356039402891159318e-01
6.356039432978841663e-01
6.356039402891159318e-01
6.356039402891159318e-01
2.258971359247916033e-01
6.356039404836634210e-01
3.327772170025520681e-03
6.356039402907265323e-01
6.356039402891159318e-01
6.356039402891159318e-01
6.356039402891159318e-01
6.356043233402749459e-01
2.882411567490589244e-01
6.356039402891159318e-01
6.356039402891159318e-01
6.356039402891159318e-01
6.355678581634367497e-01
2.258971359247914645e-01
6.356039402891159318e-01
6.356039403155728795e-01
6.356039264860793292e-01
6.356039402891159318e-01
5.651779603772703053e-01
3.190012755582127824e-02
6.356039402891159318e-01
6.356039402891159318e-01
6.356039402891159318e-01
2.159961400772828291e-03
2.258971359247914645e-01
6.356039402891159318e-01
6.356039402891159318e-01
1.285733958631036719e-02
6.356039402891159318e-01
6.356039402891159318e-01
6.356039402891159318e-01
6.356039402891159318e-01
6.356028972347944617e-01
6.355761578392752353e-01
6.356039402891159318e-01
6.356039402891159318e-01
2.258971359247914645e-01
6.356039402891159318e-01
7.965939881701343817e-01
2.515540583944265718e-01
2.258971359247916033e-01
2.819633611286904706e-01
7.125295143569642109e-01
7.125295188824075643e-01
7.125295113220069254e-01
4.653061642808570819e-01
7.125295188824073422e-01
2.819633611286904706e-01
7.125258427599105993e-01
6.923168447055254582e-01
7.125295186877799170e-01
7.125295188824075643e-01
2.819633820156767778e-01
2.819633611286904706e-01
2.819633611286811448e-01
2.819633611286904706e-01
2.819633977069458952e-01
2.820332858327511127e-01
2.819635017923873832e-01
2.819630287924535517e-01
3.117537284156955968e-01
2.819633611286904706e-01
5.455691912471901661e-01
7.125295188824075643e-01
7.102044343064061183e-01
7.125295155303095207e-01
7.122375016835281736e-01
7.125295188605352825e-01
7.121134165851468190e-01
2.819814230235709318e-01
2.836603260359433776e-01
7.125295188822176051e-01
2.819633611286904706e-01
6.505739994138709514e-01
7.125289669476907450e-01
4.481246244911480936e-01
2.819633611286904706e-01
2.825193003558973959e-01
7.125295188824066761e-01
2.819633611286903041e-01
2.819633611286903041e-01
7.125295150140964484e-01
2.819633611286904706e-01
2.819641081666717786e-01
7.125295188824075643e-01
2.819633611286904706e-01
2.819633611286904706e-01
7.125295179703479143e-01
7.125295165962282073e-01
2.819633611286903041e-01
2.819633611286903041e-01
2.819633611286904706e-01
2.819633611286904706e-01
7.124990349600144324e-01
7.109643153690331507e-01
2.819633611286904706e-01
7.125294582401421328e-01
3.152569933845160710e-01
2.819633611286904706e-01
2.819633611286903041e-01
7.125289838294132094e-01
3.887414223873311148e-01
3.886969241012550591e-01
3.886914970496822552e-01
3.889830625297071576e-01
3.886914833724153251e-01
3.886914643494560617e-01
3.886914833724153251e-01
3.886914833724153251e-01
3.886914833724153806e-01
3.887717354749316012e-01
3.886914833724153251e-01
3.886914833724156026e-01
4.894845560160448472e-01
3.886914833724153251e-01
3.886914833793005397e-01
3.886914833724153251e-01
3.886914833724153251e-01
3.905892515142150301e-01
1.133680574553401349e-01
3.886910897222581318e-01
3.955968027165455148e-01
3.886914833724153251e-01
3.886914833724153251e-01
3.955968027113266894e-01
3.886914833724153251e-01
6.210912371429497258e-03
3.886911094875926120e-01
3.280963508516190896e-01
3.887225511039304471e-01
3.886914833724153806e-01
3.886914833724153251e-01
3.886914833724153251e-01
8.249971401634084156e-01
3.886914833724153251e-01
3.886914833724153251e-01
3.886914833724153251e-01
3.886914833296047367e-01
3.886914833724153251e-01
3.886914834371527072e-01
3.886914833724153806e-01
3.886914833724153251e-01
3.886914833724153251e-01
3.886914833724153251e-01
3.886914833724153251e-01
3.421727848689787559e-03
3.886750468339324471e-01
3.886914833724153251e-01
3.886914833724153251e-01
3.850433618661399660e-01
1.603093144045920904e-02
3.886914919554904646e-01
2.746221804413124801e-01
3.886914833724153251e-01
3.886914833724153251e-01
3.849321073179003960e-01
3.886914903732348048e-01
3.886914833724153251e-01
3.886914833724153251e-01
3.886914833724153806e-01
3.886914833724153806e-01
7.208501488256633394e-01
7.208494821881489267e-01
7.207875978600771782e-01
1.997670211377765292e-01
3.706519374424775415e-01
7.208494950906383369e-01
3.705963255501541487e-01
3.705962994873064353e-01
4.777175773337640763e-01
3.753475724950915415e-01
3.706775585422523722e-01
3.705962994873081007e-01
6.306860727100461941e-04
7.193094152599353031e-01
7.208494950890182995e-01
7.208619163388029216e-01
3.705962994873017169e-01
7.210109496076186897e-01
7.208494950902607501e-01
3.705741638144020023e-01
7.038238124405113982e-01
3.705962829549536708e-01
7.208494950901994658e-01
3.705962994873081007e-01
3.705962994873027161e-01
7.208494944224400625e-01
3.705962994873082117e-01
7.208495171073395769e-01
3.705962994873081007e-01
7.208494950902100129e-01
3.705962994873082117e-01
3.705962994873081007e-01
7.208494950901994658e-01
3.705962994873081007e-01
6.969924889762021403e-01
6.908525393451367957e-01
3.065442030655584071e-01
7.208494950901994658e-01
3.705962994873081007e-01
3.705962994873081007e-01
3.705962994873081007e-01
3.705962994873081007e-01
7.208490301668136757e-01
7.337408991509955514e-02
3.705962994873081007e-01
3.705963038958140499e-01
3.705962994873081007e-01
3.705962994873081007e-01
7.208494951749334634e-01
7.618752304938303244e-01
7.208301271243977570e-01
3.705977558770929270e-01
3.705962994873081007e-01
1.278781404730063853e-01
7.208494115433505822e-01
7.402824711581372785e-01
3.705962994873081007e-01
7.208494942838118424e-01
7.208504209248759453e-01
1.795632094642974630e-01
5.103388917415000448e-01
6.997232483562637606e-01
4.920690148163907041e-01
4.962574196317214859e-01
4.920690149600445151e-01
4.920690149717777961e-01
4.899382149142059717e-01
4.920690149600389085e-01
4.920690149600447927e-01
6.997215869560975410e-01
4.920660083710384214e-01
5.108524455962032418e-01
4.916379785686927906e-01
5.116412309449673845e-01
4.807218412712530586e-01
2.222963094518939642e-01
4.892055180007242599e-01
4.920746724473232803e-01
4.920690149600442931e-01
4.248012298599048719e-01
6.999310336226433060e-01
7.298616256162262506e-01
6.687626382207810805e-01
4.921653024320162828e-01
4.921342717219592267e-01
4.920690119759543180e-01
4.920692082990522631e-01
4.920690124192662607e-01
4.920690149600447927e-01
7.392285751412507322e-01
4.920690222962347815e-01
7.497101477927485824e-01
4.920690149600445151e-01
7.558506247746215045e-01
4.920952474339048144e-01
7.042109052674715430e-01
4.920690149600445151e-01
4.920690149600451258e-01
4.920690149600447927e-01
4.920690149600447927e-01
4.920726936882580671e-01
7.013637063529817306e-01
4.920690149600445151e-01
6.183521397795380820e-02
4.075140686143675639e-01
4.920690149600445151e-01
7.503693180624474435e-01
4.914135293710472085e-01
4.920690149600447927e-01
4.920690633275633941e-01
6.934201721835104859e-01
4.920690224427583526e-01
1.844877196748272996e-01
6.489623541554589981e-01
4.668938108190411329e-01
4.923192666784481086e-01
5.384418656279420512e-01
5.368110402006268655e-01
4.920690149600447927e-01
4.920690149600591701e-01
4.717163058141553011e-01
4.717173259633305471e-01
4.717163058159179467e-01
4.717163058141553011e-01
4.722174259739784774e-01
4.717163058141553011e-01
4.717163058141553011e-01
4.717163058141553011e-01
3.999052150732928523e-01
1.565441624713260690e-02
4.717163058141553011e-01
4.717163058141553011e-01
4.717163058142807563e-01
4.717163058141553011e-01
4.717163058141553011e-01
4.717163058141553011e-01
4.717163058141553011e-01
4.717163058141553011e-01
4.717163058141551901e-01
4.717163058141549681e-01
4.717163058141553011e-01
4.717162040933345901e-01
4.717163058142359033e-01
4.717163058141553011e-01
4.717163058141553011e-01
4.717163058141553011e-01
4.717215172833442716e-01
4.717163058141553011e-01
4.717163058141551901e-01
4.717140988607897989e-01
4.717163058141553011e-01
4.717163058141553011e-01
4.717187496533964963e-01
4.717163058141553011e-01
4.717161814883870652e-01
4.717163058141553011e-01
1.073261638536902684e-04
4.717163065634049079e-01
4.717163058141551901e-01
4.717163058141551901e-01
4.717163058141553011e-01
4.717163058141553011e-01
4.717163058439327039e-01
4.717163058141553011e-01
4.717163058141553011e-01
4.717996322950726573e-01
4.717163058141553011e-01
4.717163058141553011e-01
4.717163058141551901e-01
4.717163058140671494e-01
4.717163058141553011e-01
4.717163058141553011e-01
4.717163253120725264e-01
4.717163058141553011e-01
4.717163192418522555e-01
4.717163058141553011e-01
4.717163058141553011e-01
4.717163058141553011e-01
4.717163058141551901e-01
3.164952358782225138e-06
5.629703064988266226e-01
5.750052915116844465e-01
5.488371620242672444e-01
5.273163081068125146e-01
6.985013541511891910e-01
5.966424997450779921e-01
4.791899560113571099e-01
5.614598258272828213e-01
6.357347961154874438e-01
5.099138633240306584e-01
4.524218883030166616e-01
4.436157906570669107e-01
5.421420950045953147e-01
5.682166074815494516e-01
5.575733249542431658e-01
5.412921844317230002e-01
7.357937091058719403e-01
5.004095562232184768e-01
5.514621864292004183e-01
5.390332108071649309e-01
6.437596619356459327e-01
5.728174994505615958e-01
5.098264586109925167e-01
5.048477969367175522e-01
3.748166260372803871e-01
4.577328931214936780e-01
4.819481223007261450e-01
4.967723741433458517e-01
5.666029835724167851e-01
4.050978669459421866e-01
5.640163890899586585e-01
6.636331837709635861e-01
2.620078289467447918e-01
5.173921674381177782e-01
4.749737987304796238e-01
3.615770359141596280e-01
6.357271365619732162e-01
4.584290205533592122e-01
5.018514764968544650e-01
4.953430446166324774e-01
4.503568615165878253e-01
4.847207025986120521e-01
5.616819558810377533e-01
5.950834354817780003e-01
5.502455334061241432e-01
4.835563755632221183e-01
6.115669839620063719e-01
5.013289911911186225e-01
4.435671699750792785e-01
1.797380259859376606e-01
6.167352930637352015e-01
5.620780985403864838e-01
7.446452046708641470e-01
4.759151429451055626e-01
5.352295812616251203e-01
4.766732681815317729e-01
4.484726675282755815e-01
4.027774479723738588e-01
4.517999034327016550e-01
6.132346897938623087e-01
3.450706149968489900e-01
5.420027099695231554e-01
5.420027110811471704e-01
5.435737133025206891e-01
6.974362262759408182e-01
4.543072736368272135e-01
4.860599354359245172e-01
4.542841906919224959e-01
5.409200858905792719e-01
5.420027110811469484e-01
5.420027110811471704e-01
5.416406263699824475e-01
3.132668886776171502e-01
4.546417033220249149e-01
1.729459453328308430e-02
1.672907030511993076e-01
5.420027110811471704e-01
5.420027939495343228e-01
4.521776310469824423e-01
6.935684569484302786e-01
5.446022792436213678e-01
7.556867920592216237e-01
4.542841895396831364e-01
3.614558697698469492e-01
5.718594613596743592e-01
2.521890733715358990e-01
2.894649028865239893e-01
4.542843769606997872e-01
5.420027110811469484e-01
5.877095904339108001e-01
4.282029024581612275e-01
2.136330400208849567e-01
5.419946738789945817e-01
5.420027110812681848e-01
5.413560759388342802e-01
6.120573706732950203e-01
2.067705935948275231e-01
3.450272659843786616e-01
5.420027110813688820e-01
5.420027110811409532e-01
4.454439690849910649e-01
4.542841895438863298e-01
5.420027110811471704e-01
5.424182844694539485e-01
6.947448464325525208e-01
5.420027110813050442e-01
9.264080682099385955e-01
3.452183691726165571e-01
5.419905035341890942e-01
4.542841895396665386e-01
5.420026677070691745e-01
5.420027110811480586e-01
3.450272659843772183e-01
5.420025827486427694e-01
4.537505216355526838e-01
3.450273450710298340e-01
3.474347074486062170e-01
5.265907594300128780e-01
5.420027094103286869e-01
5.856188942112640072e-01
