1.073656639695736575e-01
1.073656639695736575e-01
1.074183398709662313e-01
1.073697929327968176e-01
1.073656639695736575e-01
1.073798522699297014e-01
1.073656639695736575e-01
1.074153806311877873e-01
1.073656639695736575e-01
1.074145551412735711e-01
1.074147884543395493e-01
1.074087774246802185e-01
1.073656639698809673e-01
1.073656639640615945e-01
1.073656639695736575e-01
1.073656707210782074e-01
1.073656639695736575e-01
1.073656635944603838e-01
1.074385833402381057e-01
1.073656639695736575e-01
1.073656639695736575e-01
1.073656639695736575e-01
1.073656639695736575e-01
1.073833174724129758e-01
1.073656639695737408e-01
1.073656639695800413e-01
1.073694651052877341e-01
1.073656639695736575e-01
1.074150768351645330e-01
1.073656639695736575e-01
1.073656639695736575e-01
1.073656639695736575e-01
1.073656639695736575e-01
1.073763619777265976e-01
1.073656639695736575e-01
1.073656639695737408e-01
1.073656639695736575e-01
1.073656639695736575e-01
1.073656639695736575e-01
