1.064582384522325120e-01
1.064621400883009328e-01
1.064989312614328110e-01
1.064474358259920733e-01
1.064474358259840242e-01
1.064474358259840242e-01
1.064998954752949256e-01
1.064474358259840242e-01
1.064474358259840242e-01
1.064474358280853711e-01
1.064474358259840242e-01
1.065022126570057959e-01
1.064474358259840242e-01
1.064474358259840242e-01
1.064474358259840242e-01
1.064474358259840242e-01
1.064474358259840242e-01
1.064474358259840242e-01
1.064991938638099600e-01
1.064474358501753815e-01
1.064474358259840242e-01
1.064474358259840242e-01
1.064474358259840242e-01
1.064474358259840242e-01
1.064991938099999202e-01
1.064474376242873638e-01
1.064474358259840242e-01
1.064474358259840242e-01
1.064945730203526592e-01
1.064474358259840242e-01
1.064586474770754521e-01
1.064584322755041668e-01
1.064474358259840242e-01
1.064474358259840242e-01
1.064747110214695203e-01
1.064989468094487274e-01
1.064517013542100182e-01
1.064945670534506589e-01
1.064474358259840242e-01
