1.067120237713085062e-01
1.067623307561401946e-01
1.067120237713085062e-01
1.067120237713085062e-01
1.067120237713085062e-01
1.067120237713085062e-01
1.067120237713085062e-01
1.067634106716135456e-01
1.067120237713085062e-01
1.067604855627954236e-01
1.067120238104141972e-01
1.067280298005881811e-01
1.067266778088774293e-01
1.067120237713085062e-01
1.067680766838250001e-01
1.067120237713085062e-01
1.067120237713085062e-01
1.067673322855784146e-01
1.067120237713118924e-01
1.067626841360158341e-01
1.067120237713085062e-01
1.067120237713085062e-01
1.067120237713085062e-01
1.067120237728319682e-01
1.067120650724746322e-01
1.067213654320070398e-01
1.067281667303529719e-01
1.067135256654945796e-01
1.067120237713085062e-01
1.067402962527197047e-01
1.067120237713085062e-01
1.067677851009101730e-01
1.067120237713085062e-01
1.067120237713085062e-01
1.067120237713085062e-01
1.067120237713085062e-01
1.067120237713166386e-01
1.067891176898532746e-01
1.067120237713085062e-01
