9.876403214340188919e-02
9.882167857454898785e-02
9.876403214340188919e-02
9.876403214340188919e-02
9.876403214340188919e-02
9.876403214340188919e-02
9.881005915764802527e-02
9.876403214340188919e-02
9.876403214340188919e-02
9.876403214340188919e-02
9.882113566828644446e-02
9.882113531842448562e-02
9.882165626787135781e-02
9.876403214340188919e-02
9.882079553434519603e-02
9.881212473116542105e-02
9.878059829975623096e-02
9.876403214340188919e-02
9.876403214340188919e-02
9.876403214345991222e-02
9.876403214340188919e-02
9.876403214340330472e-02
9.876403214340188919e-02
9.876403214340188919e-02
9.876403214340188919e-02
9.876403209551271045e-02
9.876403214341500369e-02
9.882111888926947696e-02
9.876403214340188919e-02
9.876903231632133684e-02
9.882112669363905810e-02
9.876403214340188919e-02
9.876314323243642890e-02
9.876403214340188919e-02
9.881542647983657113e-02
9.876403214340188919e-02
9.876403214433804312e-02
9.876403214340188919e-02
9.876403214340188919e-02
9.876403214340188919e-02
