1.065714806803399750e-01
1.065714806803399750e-01
1.065857616734457169e-01
1.065927022467083041e-01
1.065714806803399750e-01
1.066258312627029886e-01
1.065714806803399750e-01
1.065714806803399750e-01
1.065714806803399750e-01
1.065714806803399750e-01
1.065714806803399750e-01
1.065714806803399750e-01
1.066243895050539847e-01
1.066259770400475176e-01
1.065714806803399750e-01
1.065714806803399750e-01
1.065714806803399750e-01
1.065714806803399750e-01
1.066255586597458088e-01
1.066255585289270502e-01
1.065714806803399750e-01
1.065714806803399750e-01
1.066255141773801846e-01
1.065857909487926553e-01
1.065714806803399750e-01
1.066205985078042401e-01
1.065714806803399750e-01
1.065714806803399750e-01
1.065714806803399750e-01
1.065714806803399750e-01
1.065714806803399750e-01
1.065714806803399750e-01
1.065714806803399750e-01
1.065714806803399750e-01
1.065714806803399750e-01
1.066138196394595256e-01
1.065714806803399750e-01
1.065714806803399750e-01
1.065763881240019140e-01
