1.054757688534496141e-01
1.054188844256203350e-01
1.054188844256203350e-01
1.054757693590889223e-01
1.054188844256203350e-01
1.054188844256203350e-01
1.054188844256203350e-01
1.054188844256203350e-01
1.054188844306638839e-01
1.054728287555812549e-01
1.054188844231226663e-01
1.054762921854232732e-01
1.054188844256458840e-01
1.054680818871870790e-01
1.054291043145949985e-01
1.054188844256203350e-01
1.054188844256203350e-01
1.054188844256203350e-01
1.054754116245380929e-01
1.054188844256203350e-01
1.054336526183586309e-01
1.054704275803678842e-01
1.054188844256203350e-01
1.054762921836245870e-01
1.054188844256204183e-01
1.054354144896504225e-01
1.054188844256203350e-01
1.054188844256203350e-01
1.054188844256203350e-01
1.054188844256203350e-01
1.054188844256203350e-01
1.054188844256203350e-01
1.054188844257861052e-01
1.054188844256203350e-01
1.054522698773353029e-01
1.054354144896504225e-01
1.054354142539946637e-01
1.054188844256203350e-01
1.054188844256203350e-01
