9.931435643338372421e-02
9.931435643338372421e-02
9.931435643338372421e-02
9.937034318525257703e-02
9.931435643338372421e-02
9.931435643338372421e-02
9.931435643338372421e-02
9.937062481776776091e-02
9.931435643296193660e-02
9.931435643338372421e-02
9.931435643338372421e-02
9.931435643338372421e-02
9.936312230278415703e-02
9.931435645560497683e-02
9.931435643338372421e-02
9.931435643338372421e-02
9.931437459860208150e-02
9.931435643338372421e-02
9.931435643338372421e-02
9.931435643338372421e-02
9.931435643338372421e-02
9.937006685405766482e-02
9.935990565387282925e-02
9.931435643340279229e-02
9.931435643338372421e-02
9.931435643338372421e-02
9.931435643338372421e-02
9.937005181141790600e-02
9.936629011084277541e-02
9.931435643338372421e-02
9.931435643338372421e-02
9.931435643338372421e-02
9.937057280016302341e-02
9.936522180738292798e-02
9.931435643338372421e-02
9.936849347132797883e-02
9.933053538361547030e-02
9.931435643338372421e-02
9.931435643338372421e-02
9.931435643338372421e-02
