1.003893746366229939e-01
1.004615768035558299e-01
1.003855658218181096e-01
1.004419480111007623e-01
1.003855658218181096e-01
1.003855658233065717e-01
1.003855658218181096e-01
1.003887900832448471e-01
1.003855658218181096e-01
1.003855658218181096e-01
1.004019366729317769e-01
1.003855658218181096e-01
1.003898334653365587e-01
1.003855658218181096e-01
1.003981817334602539e-01
1.004019366110467243e-01
1.003855658218181096e-01
1.003911985312684607e-01
1.003855658218181096e-01
1.003855658218181096e-01
1.004424622399988365e-01
1.004353667538791517e-01
1.004425935798180514e-01
1.003855658218181096e-01
1.003855658218181096e-01
1.003855658218181096e-01
1.003855658718776078e-01
1.003855662496836304e-01
1.003855658218181096e-01
1.004424622316629073e-01
1.003855658218181096e-01
1.003855658218181096e-01
1.004419467685574996e-01
1.003855658218181096e-01
1.004427735475819372e-01
1.003855659180729332e-01
1.004417789545265782e-01
1.004363891514194890e-01
1.003855659572636533e-01
