2.148955288605425562e-01
2.148955288605425562e-01
2.149074852488728760e-01
2.149373741227476597e-01
2.149424781686158914e-01
2.149420360745087355e-01
2.148955288605944314e-01
2.148955288605425562e-01
2.148955288605425562e-01
2.149004291118669918e-01
2.148955288605425562e-01
2.148955288605425562e-01
2.148955288605425562e-01
2.149418950103236803e-01
2.148955288605425562e-01
2.148955288605425562e-01
2.148955288605425562e-01
2.148973432911349124e-01
2.148955288605425562e-01
2.148955288605425562e-01
2.148955288605898517e-01
2.148955288605425562e-01
2.148955288605425562e-01
2.148955288605425562e-01
2.148955288605425562e-01
2.148955288605425562e-01
2.148955288605425562e-01
2.148955288605425562e-01
2.148955288605425562e-01
2.148955288605425562e-01
2.148955288605425562e-01
2.148955288605425562e-01
2.149092770611965020e-01
2.148955288605425562e-01
2.148955288605425562e-01
2.148955288605425562e-01
2.149017754021603777e-01
2.148955288605425562e-01
2.148955288605425562e-01
