2.148955288605425562e-01
2.148955288605425562e-01
2.149002126679929736e-01
2.148955288605425562e-01
2.148955288605425562e-01
2.148955288605425562e-01
2.149420643212894833e-01
2.149352912140023164e-01
2.148955288605425562e-01
2.149092770611965020e-01
2.149361006093309934e-01
2.148955288605425562e-01
2.149078102167753523e-01
2.148955288605425562e-01
2.148955288605425562e-01
2.148955288605425562e-01
2.148955288605425562e-01
2.148955288605425562e-01
2.148955288605425562e-01
2.148955288605425562e-01
2.149093425987010642e-01
2.148955288605425562e-01
2.148955288605425562e-01
2.148955288605425562e-01
2.148955288605425562e-01
2.149092770557955723e-01
2.149420452605815268e-01
2.149092770611965020e-01
2.148955288605425562e-01
2.148955288605425562e-01
2.148955288605425562e-01
2.148955288605425562e-01
2.149092770614364767e-01
2.148955288605425562e-01
2.148955288605425562e-01
2.148955288605425562e-01
2.149415959306018031e-01
2.148975832384935891e-01
2.149421789428840046e-01
2.149420685641732220e-01
