1.073656639695736575e-01
1.073656639695736575e-01
1.074183398709662313e-01
1.073697929327968176e-01
1.073656639695736575e-01
1.073798522699297014e-01
1.073656639695736575e-01
1.074153806311877873e-01
1.073656639695736575e-01
1.074145551412735711e-01
1.074147884543395493e-01
1.074087774246802185e-01
1.073656639698809673e-01
1.073656639640615945e-01
1.073656639695736575e-01
1.073656707210782074e-01
1.073656639695736575e-01
1.073656635944603838e-01
1.074385833402381057e-01
1.073656639695736575e-01
1.073656639695736575e-01
1.073656639695736575e-01
1.073656639695736575e-01
1.073833174724129758e-01
1.073656639695737408e-01
1.073656639695800413e-01
1.073694651052877341e-01
1.073656639695736575e-01
1.074150768351645330e-01
1.073656639695736575e-01
1.073656639695736575e-01
1.073656639695736575e-01
1.073656639695736575e-01
1.073763619777265976e-01
1.073656639695736575e-01
1.073656639695737408e-01
1.073656639695736575e-01
1.073656639695736575e-01
1.073656639695736575e-01
1.064582384522325120e-01
1.064621400883009328e-01
1.064989312614328110e-01
1.064474358259920733e-01
1.064474358259840242e-01
1.064474358259840242e-01
1.064998954752949256e-01
1.064474358259840242e-01
1.064474358259840242e-01
1.064474358280853711e-01
1.064474358259840242e-01
1.065022126570057959e-01
1.064474358259840242e-01
1.064474358259840242e-01
1.064474358259840242e-01
1.064474358259840242e-01
1.064474358259840242e-01
1.064474358259840242e-01
1.064991938638099600e-01
1.064474358501753815e-01
1.064474358259840242e-01
1.064474358259840242e-01
1.064474358259840242e-01
1.064474358259840242e-01
1.064991938099999202e-01
1.064474376242873638e-01
1.064474358259840242e-01
1.064474358259840242e-01
1.064945730203526592e-01
1.064474358259840242e-01
1.064586474770754521e-01
1.064584322755041668e-01
1.064474358259840242e-01
1.064474358259840242e-01
1.064747110214695203e-01
1.064989468094487274e-01
1.064517013542100182e-01
1.064945670534506589e-01
1.064474358259840242e-01
1.067120237713085062e-01
1.067623307561401946e-01
1.067120237713085062e-01
1.067120237713085062e-01
1.067120237713085062e-01
1.067120237713085062e-01
1.067120237713085062e-01
1.067634106716135456e-01
1.067120237713085062e-01
1.067604855627954236e-01
1.067120238104141972e-01
1.067280298005881811e-01
1.067266778088774293e-01
1.067120237713085062e-01
1.067680766838250001e-01
1.067120237713085062e-01
1.067120237713085062e-01
1.067673322855784146e-01
1.067120237713118924e-01
1.067626841360158341e-01
1.067120237713085062e-01
1.067120237713085062e-01
1.067120237713085062e-01
1.067120237728319682e-01
1.067120650724746322e-01
1.067213654320070398e-01
1.067281667303529719e-01
1.067135256654945796e-01
1.067120237713085062e-01
1.067402962527197047e-01
1.067120237713085062e-01
1.067677851009101730e-01
1.067120237713085062e-01
1.067120237713085062e-01
1.067120237713085062e-01
1.067120237713085062e-01
1.067120237713166386e-01
1.067891176898532746e-01
1.067120237713085062e-01
9.876403214340188919e-02
9.882167857454898785e-02
9.876403214340188919e-02
9.876403214340188919e-02
9.876403214340188919e-02
9.876403214340188919e-02
9.881005915764802527e-02
9.876403214340188919e-02
9.876403214340188919e-02
9.876403214340188919e-02
9.882113566828644446e-02
9.882113531842448562e-02
9.882165626787135781e-02
9.876403214340188919e-02
9.882079553434519603e-02
9.881212473116542105e-02
9.878059829975623096e-02
9.876403214340188919e-02
9.876403214340188919e-02
9.876403214345991222e-02
9.876403214340188919e-02
9.876403214340330472e-02
9.876403214340188919e-02
9.876403214340188919e-02
9.876403214340188919e-02
9.876403209551271045e-02
9.876403214341500369e-02
9.882111888926947696e-02
9.876403214340188919e-02
9.876903231632133684e-02
9.882112669363905810e-02
9.876403214340188919e-02
9.876314323243642890e-02
9.876403214340188919e-02
9.881542647983657113e-02
9.876403214340188919e-02
9.876403214433804312e-02
9.876403214340188919e-02
9.876403214340188919e-02
9.876403214340188919e-02
1.065714806803399750e-01
1.065714806803399750e-01
1.065857616734457169e-01
1.065927022467083041e-01
1.065714806803399750e-01
1.066258312627029886e-01
1.065714806803399750e-01
1.065714806803399750e-01
1.065714806803399750e-01
1.065714806803399750e-01
1.065714806803399750e-01
1.065714806803399750e-01
1.066243895050539847e-01
1.066259770400475176e-01
1.065714806803399750e-01
1.065714806803399750e-01
1.065714806803399750e-01
1.065714806803399750e-01
1.066255586597458088e-01
1.066255585289270502e-01
1.065714806803399750e-01
1.065714806803399750e-01
1.066255141773801846e-01
1.065857909487926553e-01
1.065714806803399750e-01
1.066205985078042401e-01
1.065714806803399750e-01
1.065714806803399750e-01
1.065714806803399750e-01
1.065714806803399750e-01
1.065714806803399750e-01
1.065714806803399750e-01
1.065714806803399750e-01
1.065714806803399750e-01
1.065714806803399750e-01
1.066138196394595256e-01
1.065714806803399750e-01
1.065714806803399750e-01
1.065763881240019140e-01
1.054757688534496141e-01
1.054188844256203350e-01
1.054188844256203350e-01
1.054757693590889223e-01
1.054188844256203350e-01
1.054188844256203350e-01
1.054188844256203350e-01
1.054188844256203350e-01
1.054188844306638839e-01
1.054728287555812549e-01
1.054188844231226663e-01
1.054762921854232732e-01
1.054188844256458840e-01
1.054680818871870790e-01
1.054291043145949985e-01
1.054188844256203350e-01
1.054188844256203350e-01
1.054188844256203350e-01
1.054754116245380929e-01
1.054188844256203350e-01
1.054336526183586309e-01
1.054704275803678842e-01
1.054188844256203350e-01
1.054762921836245870e-01
1.054188844256204183e-01
1.054354144896504225e-01
1.054188844256203350e-01
1.054188844256203350e-01
1.054188844256203350e-01
1.054188844256203350e-01
1.054188844256203350e-01
1.054188844256203350e-01
1.054188844257861052e-01
1.054188844256203350e-01
1.054522698773353029e-01
1.054354144896504225e-01
1.054354142539946637e-01
1.054188844256203350e-01
1.054188844256203350e-01
9.931435643338372421e-02
9.931435643338372421e-02
9.931435643338372421e-02
9.937034318525257703e-02
9.931435643338372421e-02
9.931435643338372421e-02
9.931435643338372421e-02
9.937062481776776091e-02
9.931435643296193660e-02
9.931435643338372421e-02
9.931435643338372421e-02
9.931435643338372421e-02
9.936312230278415703e-02
9.931435645560497683e-02
9.931435643338372421e-02
9.931435643338372421e-02
9.931437459860208150e-02
9.931435643338372421e-02
9.931435643338372421e-02
9.931435643338372421e-02
9.931435643338372421e-02
9.937006685405766482e-02
9.935990565387282925e-02
9.931435643340279229e-02
9.931435643338372421e-02
9.931435643338372421e-02
9.931435643338372421e-02
9.937005181141790600e-02
9.936629011084277541e-02
9.931435643338372421e-02
9.931435643338372421e-02
9.931435643338372421e-02
9.937057280016302341e-02
9.936522180738292798e-02
9.931435643338372421e-02
9.936849347132797883e-02
9.933053538361547030e-02
9.931435643338372421e-02
9.931435643338372421e-02
9.931435643338372421e-02
1.003893746366229939e-01
1.004615768035558299e-01
1.003855658218181096e-01
1.004419480111007623e-01
1.003855658218181096e-01
1.003855658233065717e-01
1.003855658218181096e-01
1.003887900832448471e-01
1.003855658218181096e-01
1.003855658218181096e-01
1.004019366729317769e-01
1.003855658218181096e-01
1.003898334653365587e-01
1.003855658218181096e-01
1.003981817334602539e-01
1.004019366110467243e-01
1.003855658218181096e-01
1.003911985312684607e-01
1.003855658218181096e-01
1.003855658218181096e-01
1.004424622399988365e-01
1.004353667538791517e-01
1.004425935798180514e-01
1.003855658218181096e-01
1.003855658218181096e-01
1.003855658218181096e-01
1.003855658718776078e-01
1.003855662496836304e-01
1.003855658218181096e-01
1.004424622316629073e-01
1.003855658218181096e-01
1.003855658218181096e-01
1.004419467685574996e-01
1.003855658218181096e-01
1.004427735475819372e-01
1.003855659180729332e-01
1.004417789545265782e-01
1.004363891514194890e-01
1.003855659572636533e-01
2.148955288605425562e-01
2.148955288605425562e-01
2.149074852488728760e-01
2.149373741227476597e-01
2.149424781686158914e-01
2.149420360745087355e-01
2.148955288605944314e-01
2.148955288605425562e-01
2.148955288605425562e-01
2.149004291118669918e-01
2.148955288605425562e-01
2.148955288605425562e-01
2.148955288605425562e-01
2.149418950103236803e-01
2.148955288605425562e-01
2.148955288605425562e-01
2.148955288605425562e-01
2.148973432911349124e-01
2.148955288605425562e-01
2.148955288605425562e-01
2.148955288605898517e-01
2.148955288605425562e-01
2.148955288605425562e-01
2.148955288605425562e-01
2.148955288605425562e-01
2.148955288605425562e-01
2.148955288605425562e-01
2.148955288605425562e-01
2.148955288605425562e-01
2.148955288605425562e-01
2.148955288605425562e-01
2.148955288605425562e-01
2.149092770611965020e-01
2.148955288605425562e-01
2.148955288605425562e-01
2.148955288605425562e-01
2.149017754021603777e-01
2.148955288605425562e-01
2.148955288605425562e-01
2.148955288605425562e-01
2.148955288605425562e-01
2.149002126679929736e-01
2.148955288605425562e-01
2.148955288605425562e-01
2.148955288605425562e-01
2.149420643212894833e-01
2.149352912140023164e-01
2.148955288605425562e-01
2.149092770611965020e-01
2.149361006093309934e-01
2.148955288605425562e-01
2.149078102167753523e-01
2.148955288605425562e-01
2.148955288605425562e-01
2.148955288605425562e-01
2.148955288605425562e-01
2.148955288605425562e-01
2.148955288605425562e-01
2.148955288605425562e-01
2.149093425987010642e-01
2.148955288605425562e-01
2.148955288605425562e-01
2.148955288605425562e-01
2.148955288605425562e-01
2.149092770557955723e-01
2.149420452605815268e-01
2.149092770611965020e-01
2.148955288605425562e-01
2.148955288605425562e-01
2.148955288605425562e-01
2.148955288605425562e-01
2.149092770614364767e-01
2.148955288605425562e-01
2.148955288605425562e-01
2.148955288605425562e-01
2.149415959306018031e-01
2.148975832384935891e-01
2.149421789428840046e-01
2.149420685641732220e-01
