0.968519771043
0.975583695208
0.434640664336
6.19095050792e-07
0.974743763396
0.0385344714979
0.993041667157
1.69499987574e-09
0.928650912397
0.990806506929
0.934032340927
0.000406385791218
0.917758097572
0.912599849197
0.938733631802
0.307001669692
0.943916694118
0.876855398433
0.928939089848
0.989450461016
0.989220549871
0.993569798907
0.992476320109
0.978359762227
0.0788233431148
0.982969489385
0.918215685565
0.876634198544
0.911147041891
0.152591476176
0.960744775114
0.0182556951698
0.844068998669
0.928163906278
0.923070919473
0.959226294709
0.974006587536
0.752246907257
0.00044734454637
0.968346420725
0.000100129923614
1.97874200978e-09
0.974113763634
0.970588281455
0.940269209587
0.994527859693
0.911300373649
4.72047853009e-06
0.999433711159
0.951158481726
0.994194618541
0.995941973456
0.917097355121
0.00248340587485
0.945573635505
0.955336260385
0.908250332934
0.0806630689613
0.950649065764
0.622496335968
0.976815972677
3.72466578931e-05
0.953971345276
0.923584622923
0.933687319453
0.929426582596
0.0156368968029
0.861420490405
0.972044132187
0.963047792504
0.958339236598
0.954753490175
0.959364282075
0.0122331205255
0.946477495359
0.924507200372
0.707903946621
0.938506968094
0.967894473065
0.899703848556
4.30859644174e-08
0.796703982172
0.964768198042
0.545222958921
0.988093892742
0.934768785981
0.97046534217
0.907352907006
0.0887064927754
0.907107526643
0.966434555438
8.64015377165e-10
0.982947684154
1.84719581634e-09
5.96159161197e-09
0.904894390244
0.988814778489
0.964812007439
0.948423142873
0.995125987356
0.971078235767
0.909519701723
4.82161886869e-05
0.903093904796
0.0109412540471
0.392142372909
0.894812597903
0.341526105516
0.963827845852
0.998571052521
2.64815047949e-09
0.934966692434
0.970615774778
4.70605747325e-09
0.911811637705
0.851115267914
0.00484360514898
0.00189948513207
0.540572652585
0.928222257252
0.968849500892
0.933084045897
0.00995015015923
0.0164266224353
0.979594742216
0.979742360343
0.791105287459
0.965865466285
0.828736801216
5.52562953485e-08
0.070641774834
0.000131190420762
0.998427013092
0.960104639909
0.909330918936
0.912803155453
0.964335277298
5.25568880436e-11
0.943748124431
0.910158018462
0.939163857213
0.000431023326396
0.911834449168
0.929431535616
0.915264765943
0.924239462539
0.84757801678
0.982026235936
0.913431766528
0.99922444528
0.95736281879
0.980662287838
0.999677346637
0.99755831082
0.999997027498
0.955757742139
0.998271488942
0.948046291863
0.724657876012
0.971538674124
0.732074228844
0.931572173817
0.955360951732
0.949673458339
1.01160482512e-11
9.62643685068e-08
3.8726767268e-17
0.996814725465
0.945293613091
2.04412909719e-08
0.00234762771178
0.922698113952
0.999888774368
0.982410374781
0.964178639995
2.91747423496e-10
7.4976092268e-07
2.49236234202e-06
0.956258106649
3.57899869497e-11
0.985110652705
7.90163144004e-07
2.29356847122e-13
0.871624434368
3.66390549713e-11
0.987567723753
7.74119781847e-08
0.985262048259
7.28247194732e-05
0.938434788265
0.927651236009
0.928486714339
0.717981680685
0.97116802686
0.967621524039
0.907037872713
0.998198334001
0.999999516117
0.991441118159
0.901855468841
0.927460128438
0.852917839401
0.00432036585567
0.842072566014
0.985211486422
0.15351728224
0.965468300438
0.994074008679
0.995122576326
0.873188949878
0.937274216274
0.998852280358
0.908586033809
0.928012765772
0.993952482417
0.999071025309
0.943493636643
0.883683141314
0.690875482842
0.982984388687
0.881829796402
0.0116387612658
0.996299071792
0.00307026402809
0.994128077496
0.979955706496
0.741437030775
0.981705807104
0.980360920382
0.947246219869
0.925582668606
0.912271812942
0.824752566411
0.967471629805
0.931438895271
0.874675971407
0.842430133734
0.996874071671
0.999476350572
0.971129599104
0.999615646575
0.608927731816
0.920423921518
0.915341133182
0.999215928064
9.25023681188e-11
0.0767473902132
0.901872598977
2.14888406806e-11
2.22313503528e-06
0.93258998705
0.284736054605
0.874966599015
0.965145908512
0.970205903748
0.00143715182452
0.992737675685
0.948755071079
8.32724329524e-05
0.987727576614
0.984222031573
0.349883118532
0.945327991931
0.956849804379
1.60068383037e-11
5.43225148997e-12
3.53251271799e-05
0.992842850645
3.47806870825e-07
0.999879602242
1.71699420216e-17
0.999457841494
2.51951020935e-12
0.984676914248
0.94229837019
0.999930882964
0.999790374749
0.971678869011
4.92482755134e-08
0.95860532681
0.415728763916
0.00700239294824
2.63307203371e-07
9.2192236959e-06
0.974346274035
0.977597542521
0.975708294919
0.97392846836
0.9951522545
1.88645465851e-08
0.994762821268
0.949636123262
0.765372728198
0.907818686852
0.963080614827
0.587847900822
0.972111617145
0.943546713184
0.872172034127
0.998858081561
0.973329357188
0.86942172087
0.00216880492767
0.000114570930893
0.976799588211
0.943218422683
0.916219727109
0.907552798652
0.938644944468
0.999147556402
0.986219193275
7.80702632116e-06
0.00832611426154
0.975469463825
0.994872962831
0.966387702096
0.923884579188
0.0181951211232
0.991807682066
0.955371866593
0.986648998631
0.0042433628081
0.872148608604
0.0761345575648
0.95126087086
0.353362748497
0.978495937876
0.963330327729
0.96439638784
0.999705459624
0.000129693077501
0.990686398981
5.44074016194e-05
0.911506747583
0.952996863946
2.35945052542e-14
0.947947016719
0.999014489792
0.987587186425
0.993069719585
0.908710314502
0.994786559253
0.994549969404
0.999237333596
0.985974217834
0.990330467335
0.945797508412
0.998335747316
0.996524426288
0.627391021196
0.993794767298
0.923535684052
0.950374611668
3.45231286263e-13
0.929256558638
0.980131917769
0.818421725253
0.605717940366
0.905809421459
0.905192164763
0.941827269327
0.883840378545
0.975345179764
0.830527239255
0.993875663159
0.999812206917
0.993229538177
0.000126358909714
0.00350122074678
0.98295282435
0.997655535463
0.998245777031
0.994789789462
0.863763051098
0.98119258892
1.36304935071e-05
0.946025866627
0.302606500015
0.968035353557
0.892047920843
0.903087333865
0.429099658524
1.00253299966e-13
0.965081468144
0.999916436276
0.87680722345
0.974375585457
5.51916547675e-06
0.993668699211
0.927041202393
2.88842722306e-15
0.993956043071
0.929364062718
0.975564055783
0.996288700382
2.56255588341e-10
0.908365596968
0.000314605191632
0.920439752908
0.974449612825
0.995216562849
0.895531742049
6.86694268757e-11
1.11242816324e-15
0.978051965285
1.73296607125e-15
0.0827364321651
1.9913490704e-14
0.0216118592802
0.94950383387
0.925569608326
0.952617966769
0.935160239909
0.974580910106
0.972360520282
0.945396425344
0.97644772042
0.958246821342
0.999551859428
0.998416309238
0.957732330096
0.954334427724
5.36165529992e-16
0.0661903529653
0.98192139153
0.947698930564
0.986084588359
0.886001664788
0.985385448721
0.881577233587
0.921144055902
0.876006562194
0.998772835229
0.833347774716
0.991517869505
0.92812835108
0.00556537115051
0.917886895362
0.982181015828
0.875064525386
0.999254428931
0.999532310098
0.844233972272
0.916797522389
0.936922423532
0.949395813018
0.907276507027
0.864311696232
0.888457883698
0.994534810735
0.909894749971
0.957870504404
0.995182096783
0.947874148744
0.986605438077
3.5240921337e-15
0.995179647871
0.0240701332664
7.98334403389e-05
0.921696100291
0.977903887184
0.940916813648
0.978459957051
0.981819462506
0.971849303116
0.919213777086
0.996662382366
5.88177294194e-12
0.974903536996
0.835092917164
0.89940761099
0.99805069578
0.687378761411
0.892614007671
0.926250559007
0.999133534862
7.07535631647e-07
0.95611298303
0.944370616023
0.98924459048
0.000414067861801
0.975804502667
0.848016147018
0.958813272132
0.908677244833
0.909259222598
0.952330264211
0.960947652975
0.992149938933
0.985850068873
0.524539014099
0.97503636112
0.198697128368
0.907050972331
0.95125940189
0.996157549697
0.991780347557
0.911645472453
0.998652519942
0.000103191847391
0.598838107462
0.652263435542
0.93759766703
0.930608603723
0.925935749517
0.0071223507756
0.599990046051
0.736297788236
0.954660605554
0.958941071507
0.832418624215
0.992271852762
0.943147336183
6.75390666257e-14
0.999973355716
0.945867757041
0.426873212113
2.30176399461e-05
0.985593974702
0.996336856373
2.42746328453e-05
0.998780834414
0.998048692213
1.35475312917e-06
4.25543016207e-10
0.927789600743
0.98272763461
0.998039858522
1.4947540241e-08
0.998963970567
0.987166384075
0.362818843527
4.55419376308e-05
0.996466217925
5.99534994425e-20
0.996064416403
0.998126870315
0.997857873041
0.563165614581
1.43084609754e-07
2.94372559159e-07
5.26270900556e-05
0.975842389653
0.989179357322
0.6047107935
0.974296910619
0.838868024946
0.919246990109
0.00113813707968
0.942186242822
0.976399367103
0.923210302628
0.975904497896
0.906163206729
0.996625513208
0.920136873314
1.75597120024e-25
0.994589262958
0.999803263736
0.00420307742408
5.49902123331e-05
0.202729901001
0.293828453135
0.971392159103
2.05579497383e-05
0.336242973529
0.00015909628211
0.960107286231
0.989943760234
0.975785376785
0.946143576272
0.917702353761
0.95947366685
0.997864001072
0.946365091226
6.15589713342e-09
0.888336269927
0.946083011876
0.929398477096
0.997048763073
0.976964043638
0.999987966348
0.0996480454333
1.53073605687e-12
0.880464293581
0.0269381425401
0.988699825568
0.202551755627
0.930235642278
0.993722236951
4.81556826741e-06
0.989869167345
0.975476502061
0.945292932932
0.931795939264
0.927708819275
0.873351565515
0.962358038888
0.998928968622
0.998030508861
0.998036237927
0.923920984846
1.0651202103e-05
0.06496316719
0.999600181435
1.77136320623e-11
0.942191844022
0.896692970665
3.63080566435e-06
0.967442293034
0.954596392444
0.892860700534
0.954554065181
0.961738580794
0.160157865736
0.933684644839
0.796066514601
0.938347364075
0.947092674688
0.592385864523
0.906503044326
0.95597418472
0.797205435001
0.973313779695
1.87244005957e-08
0.892500001292
0.967811732783
0.918159728184
0.94118313982
0.977899575016
0.997580245303
0.931796453974
0.892285586622
0.95496478194
0.917836952213
5.09824471687e-16
0.988400363845
0.0924668426918
0.994316045019
2.43888430152e-19
0.0090866185427
3.65229848129e-08
0.963032553082
0.989569715302
0.972041763634
0.869024423073
5.14757836936e-15
0.972241593884
0.0118676895799
0.981469595276
1.30238369485e-05
0.890266947379
3.01306336375e-05
0.0108147493713
0.932832145827
0.959128178566
0.979230170721
0.800772585801
0.973911817575
0.986638934057
0.998905696473
8.00963415984e-08
0.97094016977
0.973930070831
0.938709246918
0.930352889541
0.970650734787
0.137843366249
0.794431608072
0.917776480888
0.92380727538
6.84668223866e-15
0.947349455676
0.00204034968237
0.999908132309
0.994793705662
1.44681292651e-06
0.966529632008
0.970509600535
0.933427109846
0.998916546244
0.999868090713
0.00204701642883
0.945975942026
6.6019012461e-07
0.801098633148
0.984405725506
0.871822738032
0.921465372352
0.945389770085
0.97176290903
0.960863250291
6.65562887824e-06
0.913335109647
0.768757966609
0.241036222192
0.912760121185
0.99171454476
0.978613112962
0.889288613564
1.33873680299e-09
0.825799973361
0.998068466401
0.810866470233
0.970946107069
0.996554911099
0.979734000057
0.962914082182
0.984743460915
0.997356932513
0.909016253198
0.971836256606
0.943133866571
0.998717663929
0.990463359091
0.936708706249
1.22354536471e-17
0.107057296418
0.950424059106
0.941772353806
0.992158669475
0.998949612467
0.992184833742
0.793445699858
0.969607242306
0.995964414564
0.980466778275
0.989924223197
0.978112121381
0.992148998314
0.932142030973
7.45248558004e-07
0.993988085832
0.971492529812
0.897838544186
2.36374164013e-06
0.928584648897
1.45923446079e-08
0.952110229361
0.985650706972
0.55689627008
0.233346959285
0.179307505105
0.143079638616
0.955093767934
0.94828744555
0.883308436172
0.979394550002
1.66521936279e-05
0.990335805152
0.956533329933
0.892709210789
0.864398993457
0.910738224439
0.939666567868
0.699093132428
0.982277588449
0.995468166506
0.914990673603
0.876201797774
0.923733180788
0.996025133935
0.908414448241
2.32872050156e-10
0.940717155724
0.991584855229
0.774311589467
0.0906372786964
0.896763446614
0.90121809514
0.25789181879
0.104021670025
0.924167337708
0.997804367351
0.875562505616
0.726073973892
0.996143676029
0.883379922781
0.884751430884
0.996502915856
0.925152998718
0.823923494962
7.58621876404e-05
2.44057923798e-10
0.994504323649
0.892513247539
3.21717947793e-07
0.939788687637
0.865242883176
0.982165517375
0.99776640851
0.359702956896
0.994158787917
0.974531538989
0.920475026431
0.96796925686
0.995661361771
0.900328619365
0.91303126259
0.684161125822
0.997729069846
0.923081781904
0.884777582529
0.870434890321
0.979510235351
0.0229871597693
0.000524470612336
0.440255599512
0.999916393775
0.997491133471
0.0034014383232
0.999923776155
0.878488965047
0.996562508799
0.954604693037
0.812257327235
0.00352116597839
0.987473307922
1.80288098973e-14
0.986193268789
0.945412256763
4.34653580599e-10
0.795057673349
6.50965367734e-14
0.00107333877625
4.76690933039e-11
0.960361210725
0.000152184674175
3.86324722287e-11
0.997047901243
0.998926639324
0.989447775936
0.977787596643
0.93622179018
2.08954746606e-10
0.000187874838671
0.000806527312157
0.000313303102514
0.99706401101
0.938896941881
0.946197684024
0.0168987184541
7.87266407837e-09
0.963326625674
0.654970475978
0.492592842036
6.23289739464e-14
0.940478577303
0.933708356891
0.916761593725
0.430737756242
0.920727477724
0.957195264702
0.999912686387
0.962783187895
0.283045014658
0.948560953594
0.0308090905734
0.907510979317
0.927368932526
0.97245777717
0.936975795064
0.977922444168
0.996041938879
6.74359734385e-08
0.888837997685
0.887486844112
0.987665038252
0.968329213203
0.948497994584
0.660147520389
0.944705407367
0.995720142065
0.998009427512
0.995795981574
0.950588496239
0.473688626368
0.952718058125
0.999977336557
1.9509437088e-11
0.939599119155
1.1539160368e-15
9.09497859105e-05
0.973723987679
0.845935747767
0.0397250449555
0.959206648196
0.914125316351
0.0340019991576
0.994962491544
0.968075941578
3.10085184373e-07
0.967932369598
0.458333142251
0.955606564236
0.811862855518
0.98003435988
0.765843057716
0.887134540418
0.875466074601
0.905495514985
0.923754447314
0.942901542445
0.880206511052
0.870913424979
0.748938480354
0.93015067554
0.964881255343
0.713084287326
0.900313774598
0.888944715264
0.968623709649
0.973872051959
0.976801831428
0.98796014262
0.918869661704
0.907551824538
0.995331697903
0.0222890851551
0.0039235045417
0.979362225076
0.940310624464
0.956986075793
0.606441181626
0.942100587307
0.898007466676
0.936446417191
0.929400441222
0.925455918143
3.24715831358e-08
0.919883736791
0.979436335849
2.24963022457e-07
0.923681798241
5.40311835817e-05
0.884594315571
0.98803359195
0.760327915018
0.935950253193
0.980951274381
0.936006290848
0.98784101237
0.965758551532
0.879819039639
0.964460000223
0.0275754312759
0.917533608999
0.945762898077
0.00169717505353
0.894371159668
0.00093432884944
0.908608309516
0.946341528516
0.945535838439
0.591600040742
0.92265980288
0.944665556528
0.936341426274
0.893585290863
0.906724461992
1.64270697286e-06
0.908058145317
0.904491454419
0.868091603914
0.902182728795
0.926976125187
0.667004588991
0.895028529446
0.902456394996
0.903297376288
0.885172516297
0.961718040216
0.973012910488
0.965608367526
0.984601175668
3.21700611057e-05
0.923909813644
2.14137985323e-06
0.845761937875
0.669394560892
0.833296322674
0.212412246273
0.70073703765
0.971910047679
0.970876417455
0.882845549186
0.890799254201
0.968244370421
0.994289785578
0.000117602616701
0.999100082636
0.990022148196
0.922869441502
0.696729922332
0.95625496762
0.00383012744362
0.926452476839
0.96774964712
0.918491909066
0.88427288157
0.926729992435
0.894617826436
0.939066845293
0.935258871327
0.903203948322
0.629520827917
0.938620511534
0.909403613794
0.0398236492254
0.910676458416
0.917369629251
0.983190409175
0.966049727041
0.973586552067
0.000190536146991
0.972583677499
0.93076080869
0.893209725486
0.914200540958
0.964166283513
0.890937121355
0.885597813652
0.976361323539
0.983667318966
0.976782268126
0.000939719412096
0.952494776907
0.856707438524
0.226809763523
3.5253171347e-08
0.919661768683
0.0248766988223
0.99216835073
4.50866220718e-05
0.933632375032
0.914951164512
0.940641618648
0.000913476936245
0.963802630261
0.000212502112274
0.0041248659067
0.935925060132
0.349624803491
1.67514839093e-07
0.0526396422234
0.935857406351
0.903317341118
0.89327126351
0.921370470328
0.000165000688949
0.959534544257
0.944305804192
2.65191981611e-09
0.925347151273
0.936138183259
5.33293774503e-07
0.979951508489
0.918846747197
0.900562089687
0.900310743851
0.96163448412
0.90293079818
0.802683688908
0.984112178706
0.888282752341
0.892040174444
0.907613860044
0.00843508994105
0.974428677747
0.984622049345
0.547534856934
3.15907228494e-11
0.982729359715
0.996464755846
0.875598009555
0.896269288806
0.921512467407
0.950276035051
0.988413200156
0.996865386316
0.861732073901
0.914845271068
0.507446462106
0.837723831246
0.926542204739
0.929384921954
0.00541730439857
0.903517463022
0.966146653908
0.918681120241
0.926122727806
0.950428895327
0.904727042961
0.908961577
0.433493583531
0.988405595153
0.977090662107
0.992817186734
0.884954645319
0.891108272573
0.887314305389
0.948567456568
0.984539107498
0.957196505628
0.95000382435
0.806868739873
0.343225977396
0.93381507731
0.961095500933
0.949349973289
0.921524330845
0.717466693149
0.648993785812
0.824032108874
0.680022918025
0.889938026128
0.866661833006
0.91288650522
0.998116692373
0.958545329667
0.971748163562
0.543007888097
0.919028646697
0.943826539357
0.993496628232
0.871971103014
0.000708238271548
0.936373066979
0.9962258836
0.941594037938
0.0106502474591
0.993032249962
7.92579404218e-09
0.96466693031
0.895175026959
0.903110670099
0.907260543702
0.959812078655
0.918952794326
0.0430688195376
0.944320416727
0.882245827704
0.928274834616
0.74228515641
0.912812577284
0.827994578468
0.907386710487
0.960418906788
0.926657893626
0.954640583726
0.900342784726
0.885275104576
0.913401857664
0.975597677157
0.899312082452
0.890835037952
0.916877788214
0.939458653114
0.90425648694
0.954014761781
0.920886650733
0.940908013138
0.6332480981
0.982566420691
0.908961654889
0.00104935182041
0.914440957533
0.877205030288
0.875627162805
0.968027688755
0.944242870171
0.971784929105
0.904377103134
0.912841562224
0.0454993625522
0.978896238742
0.975100417176
0.956873596627
0.987328998264
0.970318541726
0.357100988405
0.956077082692
0.951228810077
0.893782987526
0.946280182418
0.937327842277
0.246734020044
0.913655326482
0.881186620915
0.877311847414
0.938463892647
0.870043408716
0.894145554151
0.911771621433
0.961887088247
0.51183575912
0.933431938131
0.965311167613
0.0233142141311
0.938563171974
0.921786499238
0.942247050007
0.959444270451
0.920854283655
0.991748704185
0.972174349237
0.958128183115
0.838788712353
0.276322862704
0.993721858582
0.964155952149
0.964841493889
0.952230602777
0.930067138426
0.000685900692456
0.942849888544
1.94992593515e-06
0.0532410313701
0.975218635709
0.944373759903
0.941433438118
0.840879596308
0.756167996718
0.000984502104073
0.9646986105
4.56059077632e-05
0.977724648813
0.934465135321
0.985231212433
0.970015789293
3.21026746312e-05
0.00220778838555
0.874518126083
0.900104093296
0.877104992256
0.937287499802
0.912400243616
0.939806213735
0.941907416855
0.595646298853
0.975645561344
0.95919385752
0.925150447887
0.940881597391
0.584787825924
0.922590047494
0.994910834956
0.973441026574
0.938873685266
0.739793416899
0.905314010078
0.912521952188
0.996804801795
0.891620187592
0.935785854712
0.962161650288
0.940647507167
0.00967632103796
0.989790738403
1.3778882341e-05
0.894763651117
0.930016242323
0.588425413487
0.897426884092
0.985918455787
0.991227100755
0.976127141632
0.980708324993
0.691696062731
0.931654661391
0.921696840574
0.99064174913
0.962285583759
0.970780237564
0.235480720674
0.989064546234
2.38576816506e-05
2.27672045741e-05
0.91671051646
0.903431556799
0.991058348575
0.934222164754
0.0608850186837
0.918799618025
0.930159998433
0.764504223441
0.618858285153
0.930541649031
0.804057946679
0.90995141545
0.888607983419
0.8907642843
0.927774895211
0.958269304519
0.969282253002
0.984944597738
0.742639171888
0.012257502945
0.0156583048239
0.891761465655
0.662207494516
0.887362229793
0.924942780626
0.0279092622216
0.934035768577
0.00232887102424
0.056816724124
0.89267662546
0.903946060577
0.990895683164
0.00624954159326
0.910556392558
5.84872347962e-09
0.888726711131
0.950735265531
7.91010728072e-07
0.000104980570341
0.000632472717256
0.975949707245
4.50724223574e-08
0.994328474929
0.995102892991
0.898762215436
0.325349054141
0.00104071027047
0.00026548061496
0.78956883351
0.000761354726197
0.959231712128
0.698384722429
0.906685127688
0.744331675825
0.940342462385
0.894163551933
0.881295157132
0.932585615535
0.91335118822
0.906227776276
0.926912024477
0.921373693298
0.77529943342
0.868926458831
0.949409513907
0.791750764738
0.904139063887
0.106457465254
0.857759301356
0.908765090698
0.982525069015
0.971901958985
0.99102599807
2.42499452422e-07
4.70025131055e-08
0.94478696655
2.62452638782e-07
0.00326189067959
0.00920450169434
0.907058555315
0.953424282784
0.944226429118
0.920254473695
0.936311565747
0.911859661449
0.922729045554
0.642018594191
0.896681303334
0.883005574708
0.957466684098
0.979223122725
0.949360826489
0.986119090412
0.966609498757
0.935168617195
0.965216879076
0.989677727774
0.938726063888
0.739560312319
0.98307332556
0.95190609308
3.92637467986e-08
0.922420981693
0.987121541987
0.772090927519
0.9336179818
0.0714565434857
0.949696243734
0.927277527651
0.93637507786
0.841625827298
0.613749876562
0.134053823169
0.891362588376
0.983928656348
0.932426121016
0.873519139838
3.04043086433e-05
0.0190636718857
0.965805835703
0.995325860496
0.977366712608
0.965250001716
0.934455000671
0.964222688111
0.970686975322
0.981321841904
0.990859187414
1.32576969195e-05
0.888959204324
0.922170214793
0.915444944082
0.918764547185
0.920439492853
0.901681773647
0.889176971329
0.814246477336
0.388250503043
0.839032081135
0.904051830795
0.139432841283
1.82718901071e-13
0.961292785091
0.917011361903
0.917285909109
0.906806427389
0.916568251245
0.859373118755
0.0848140055333
0.434560982442
0.30585843977
3.84930636093e-05
0.909829326598
4.4408839022e-05
0.00479627906527
0.883417603647
0.993858188999
0.974321163455
0.876587666803
1.59537617254e-06
0.900796088992
0.299013944889
0.60652204574
0.1733545822
0.672336065388
2.98873647946e-05
0.406692953579
0.896054576068
0.697849429266
0.772932051783
0.925889612223
0.910336963123
0.982919961221
0.990015393164
0.899258258946
0.0261780680236
0.790161001945
0.797651886191
1.19573672871e-17
0.972875543534
0.279226932758
0.0216799623664
0.891418032515
0.964002212658
0.857372919761
0.939912334191
0.929189589368
0.970572293176
0.95041502497
0.939092986391
0.967304052442
0.934366103341
0.913393212959
0.0116829273178
0.834083083721
0.913968913675
0.900539700158
0.901387006601
0.853433126252
0.977682184113
0.92431730994
0.947584993809
0.90091903258
0.952157187193
1.58618876405e-06
0.981436301776
0.0249534828192
0.950048112646
0.641945912276
0.913879778375
0.919618468154
0.897166911059
0.893769714688
0.464475943928
0.901279996937
0.921670485519
0.910738967422
0.929475678864
0.926028184821
0.942142346828
0.95531893814
0.936673744795
0.908432747513
0.980081554717
0.997012003878
0.628951511963
0.887651049047
0.913530912874
0.954060539522
0.939409056619
0.909341408782
0.951862822476
0.930242302966
0.950622659317
0.947892481534
0.912695327051
0.841978452042
0.985149775137
0.0340118953689
0.971969344294
0.807618607133
0.383546235695
0.851731629836
0.930287128283
0.939630109886
0.901075041113
0.892630283932
0.895705023009
0.916901762889
0.0375782147489
0.974620367959
0.904567110942
0.915559536581
0.961179971394
0.894651319065
1.55027065558e-05
0.945162857012
0.900371213452
0.827107816035
0.902334952389
0.878410613568
0.985084791559
0.0602092702455
0.886417151546
0.905380054439
0.000198497029824
0.945039820658
0.974228857688
0.911706257697
0.969015310012
0.95416239952
0.944552421838
0.941022966521
0.922367535818
0.92432979254
0.922299000502
0.957276771543
0.9100960321
0.896457393761
0.979166162365
0.406134470586
0.895929165248
0.896583674392
0.866950322571
0.256762935122
0.905064307532
0.905587807201
0.986021982001
0.868643495414
0.887201907513
0.88935899599
0.968028762789
0.939170926296
0.890773945839
0.894051103304
0.962301959062
0.476438380676
0.977185163882
0.892733021254
0.531721344189
0.00161834469303
0.97330449555
0.965260859803
0.943322557797
0.976793952139
0.957948445489
0.939605302354
0.896297344648
0.853228324946
0.811731291829
0.916541230078
0.951240698341
0.92471454637
0.892536806601
0.983575644229
0.884203739741
0.967396995473
0.938290734508
0.910090903704
0.755952799657
0.991658905796
0.933752557344
0.750177056758
0.924447785933
6.98939365522e-05
0.82899422693
0.936884013767
0.865653016607
0.0150892997346
0.915650585507
0.842593455316
0.902220198971
0.935152767605
0.722132503007
0.938079450384
0.931758604865
0.735187587544
0.86216676491
0.914587962626
0.910785020623
0.880960005482
0.89984940363
0.899086349445
0.657170741913
0.959198066462
0.88954035056
0.019450760551
0.913536725626
0.912807028837
0.902131946528
0.932880247894
0.88187583154
0.913714873724
0.947328562888
0.985621171865
0.98122906989
0.908397891333
6.0552496469e-06
0.751777957336
0.908553209402
0.900561132022
0.770277821508
0.894451259511
0.907871239717
0.907146179061
0.900440973914
0.951385733793
0.859296518721
0.993078589425
0.90926112968
0.915519650776
0.882227211507
0.93904761873
0.910383592484
0.941248896218
0.987490435455
0.94596071835
0.903193551351
0.921325640843
0.0065064879995
0.901972843186
0.940984136604
0.973593499679
0.776625996728
0.931877859245
0.969374278673
0.956443675118
0.0278773310181
0.930856435246
0.928737089566
0.938003629803
0.922662332823
0.908832821051
0.920791159216
0.953599948871
0.956632631777
0.918224232709
0.938379198702
0.93883522823
0.915440524982
0.905326048599
0.908405344118
0.91943216643
0.911480836977
0.896656483912
0.964417331221
0.977581017672
0.968004400107
0.738667375365
0.967871193194
0.934058631109
0.93801219309
0.651391944187
0.865966088294
0.882594405412
0.924914844301
0.894703564697
0.920214410941
0.963493755287
0.889573136463
0.0012352118359
0.918511235456
0.945407335477
0.875071541091
0.924788964209
0.0473314826186
0.0206388587889
0.55154017319
0.972606595819
0.82653369641
0.931912047646
0.938290592279
0.900631383978
0.919432931844
0.90680909772
0.900946739874
0.983363982957
0.890588916678
0.631690171885
0.773453302772
0.930673743559
0.913023323633
0.898369764518
0.921576315348
0.977896132746
0.980001819982
0.880147576346
0.949888659513
0.933623645812
0.911622674359
0.982961961073
0.9946840252
0.928051008341
0.934940315572
0.961461367334
0.885751660773
0.919617033507
0.914762853397
0.913018513641
0.953402039923
0.233210573091
0.908337600409
0.902718288109
0.912820955198
0.945928405979
0.810093827904
0.937801487787
0.00342108944837
0.664021647569
0.315766445626
0.977889850811
0.737248379583
0.923474431572
0.964716061068
0.0740937357289
0.939899287129
0.985375141997
0.928268739643
0.716697862117
0.981137247657
0.978354349149
0.956104255598
0.90196876313
0.936559008288
0.44019028491
0.637130042457
0.116587977628
6.85014628139e-10
0.926264543468
0.951739787408
0.885224041055
0.890727012756
0.911909745791
0.00675875585108
0.942390257673
0.904453664515
0.912234513738
0.90195802625
0.912686203995
0.956475429863
0.00098639284881
0.927701964959
0.923308885797
0.934339576113
0.908071678566
0.893005576686
0.707776299409
0.895347549753
0.912850801277
0.888465941206
0.882759862741
0.970188396155
0.901407048009
0.970118996268
0.999370306264
0.904839841497
0.0318815150971
0.907480443503
0.686825258785
0.731698011864
0.590620872567
0.989605464707
0.000298476149811
0.948278480675
0.970878854095
0.940353366637
0.977689022298
0.905941321054
0.89543149774
0.9798556404
0.920692366898
0.962493026076
0.93858944762
0.94315869337
0.938766025858
0.881467848622
0.895552761792
0.914842228803
0.923280167619
0.828101182688
1.86178520347e-08
0.973055031044
0.974956428813
0.00252585094456
0.958397190515
0.00775254310449
0.872519375704
0.912888763963
0.871258406109
0.891984980144
0.935189929672
0.896792556683
0.889726187448
0.801889017162
0.912091676221
0.922600258544
0.911430947644
0.905245243251
0.909785441645
0.896113427172
0.917921658931
0.884380095659
0.923397705061
0.936820388925
0.0536147823271
0.937728827128
0.933429574012
0.757020787081
0.962653828524
0.93978547889
0.968751933498
0.80074302973
0.924934081416
0.87764317895
0.371327338716
0.964500424699
0.938180966942
0.994628935219
0.909707990367
0.996174533561
0.927730777599
0.966106496435
0.900976704591
0.734502142435
0.683175440038
0.0218085345878
0.927245761078
0.980233686191
0.954265157319
0.657789110644
0.94975945039
0.914798044427
0.917921670909
0.416886108234
0.900517855507
0.921557830749
0.980901020805
0.9017191737
0.920217782787
0.931201445332
0.92233143074
0.89716970738
0.907628099186
0.912191825212
0.966043681293
0.826041067649
0.931982888004
0.00156909913665
0.91067921544
0.989824272167
0.578534718294
0.947072269157
0.940789487609
0.975001056531
0.955006313975
0.902740575789
0.934763985118
0.910132556778
0.902632839109
0.883878617266
0.911914356624
0.912293621054
0.939756843842
0.923306474579
0.800287031877
0.887508250026
0.953326010072
0.925872468109
0.93216455348
0.897550840291
0.947638183996
0.806851797975
0.936268082964
0.911452247276
0.962859156219
0.994904009037
0.916556051721
3.44800863512e-05
0.987393078283
0.919356342607
0.931739698619
0.920547978381
0.897084007585
0.899573773503
0.939168667625
0.904043828721
0.675266684463
0.994167674146
0.930994596068
0.96247195305
0.944565185108
0.976946335398
0.91023943004
0.924416407439
0.975429356585
0.969961357772
0.987088089369
0.903895942181
0.886265285148
0.980604971945
0.00216783234316
0.803131235754
0.916554626297
0.837821554897
0.830919278942
0.292967719398
0.932472070143
0.910757414208
0.91172779888
0.922892795501
0.911577559535
0.93735930496
0.932304575743
0.875184253359
0.907797238602
0.903918041577
0.862681949167
0.850836266116
0.000574282147819
0.909808573329
0.902897260292
0.888494680302
0.698955691773
0.879159564491
0.901703365191
0.899370011714
0.553199497973
0.893035449975
0.884971598458
0.891413911227
2.32695102485e-08
0.939694862492
0.905323571597
0.906630181743
0.929019687571
0.908398671828
0.831500920027
0.94586477951
0.906361974115
0.907209435525
0.774006679332
0.901640151811
0.889157559163
0.939906744156
0.912771684452
0.907773241592
0.961835396563
0.944760986502
0.827926448935
0.878230794836
0.803027982675
0.90489994331
0.994629051683
0.995918955932
0.969974558384
0.631529381238
0.764331238496
0.914475110572
2.08895809812e-05
0.921588302739
0.913944770074
0.859237658224