9.999999970830335538e-01
1.000000000000000000e+00
9.999999999995139444e-01
8.801181641246466070e-01
8.802503583558668465e-01
8.574010178599524856e-01
9.999999999991253663e-01
9.999999999999988898e-01
1.000000000000000000e+00
1.350890467368060233e-01
9.999999999999995559e-01
1.000000000000000000e+00
1.000000000000000000e+00
9.999990211240060711e-01
1.000000000000000000e+00
9.959453724890944271e-01
5.550033925436080639e-04
9.940662108663629315e-01
9.999999999999984457e-01
5.718818953668513005e-01
9.999999991487764639e-01
6.740271972092100050e-01
1.000000000000000000e+00
9.272382978546332977e-01
1.000000000000000000e+00
5.309632851766121070e-04
1.000000000000000000e+00
8.726850316958683074e-01
6.740289703453988812e-01
8.801179585516967219e-01
1.000000000000000000e+00
4.264352781104737145e-01
1.311658820982315177e-01
1.000000000000000000e+00
9.999999999999311662e-01
6.740288340765300257e-01
1.000000000000000000e+00
1.000000000000000000e+00
1.000000000000000000e+00
9.999999999999993339e-01
1.000000000000000000e+00
9.999999999999744649e-01
6.740288379655150486e-01
6.197270293932382046e-01
9.999999999999995559e-01
6.742672761400430037e-01
9.999999999999333866e-01
9.999997933911137782e-01
6.740288340760763885e-01
1.000000000000000000e+00
1.000000000000000000e+00
1.970576572260927189e-06
1.000000000000000000e+00
1.000000000000000000e+00
9.999999999999997780e-01
6.764477552282545103e-01
6.712917972922807230e-01
6.740951949237957708e-01
1.000000000000000000e+00
9.999999999999997780e-01
1.000000000000000000e+00
6.741671047468714706e-01
5.396592945636141192e-04
6.740288340760763885e-01
