9.999999999999633626e-01
7.002859272112562650e-01
1.000000000000000000e+00
4.894689659616278753e-05
1.000000000000000000e+00
5.241959015576360681e-01
4.931515788193504271e-07
1.000000000000000000e+00
9.311252012412271073e-01
1.000000000000000000e+00
1.000000000000000000e+00
9.677752095897311779e-01
1.000000000000000000e+00
1.000000000000000000e+00
1.000000000000000000e+00
9.998443651839232782e-01
1.000000000000000000e+00
5.578541167461308764e-02
9.629750702855324196e-01
1.000000000000000000e+00
1.000000000000000000e+00
1.000000000000000000e+00
3.050578777512052324e-04
9.848037908123291606e-01
1.000000000000000000e+00
1.000000000000000000e+00
1.000000000000000000e+00
8.624740601315944834e-04
2.407866312428608474e-31
1.000000000000000000e+00
2.148757455244247050e-01
9.811115803637120436e-01
9.999994276775472368e-01
1.000000000000000000e+00
1.788226556508175770e-04
2.001441389090681186e-02
9.924178660598633739e-01
1.000000000000000000e+00
9.374287923765411978e-01
3.610830037136412095e-05
3.552847335294497813e-08
9.965001431701540069e-01
1.000000000000000000e+00
2.275142498818732810e-03
1.000000000000000000e+00
1.000000000000000000e+00
9.967770372027311421e-01
1.000000000000000000e+00
1.000000000000000000e+00
1.000000000000000000e+00
9.959347224260347575e-01
1.000000000000000000e+00
1.000000000000000000e+00
9.900928674547421204e-01
1.000000000000000000e+00
9.999999805620781723e-01
9.675068970908106136e-01
9.999947622421894167e-01
8.642068456511722285e-01
3.149380269762096229e-02
1.000000000000000000e+00
1.000000000000000000e+00
5.442281610766727118e-01
1.000000000000000000e+00
