8.979704744624605883e-01
8.979041367386921824e-01
8.979034925821612889e-01
9.974219219047069096e-01
6.003272580197663067e-19
1.000000000000000000e+00
9.987440407225227634e-01
1.000000000000000000e+00
4.008527656064007627e-01
9.688605209126153195e-01
1.000000000000000000e+00
6.090963755442505567e-01
9.576889449068243243e-01
4.042756611561477142e-01
1.000000000000000000e+00
1.000000000000000000e+00
1.000000000000000000e+00
8.980713946616254439e-01
8.030011108911585538e-01
8.979041367386921824e-01
9.999999999990065724e-01
1.000000000000000000e+00
8.967382444790192864e-01
8.979041047327804836e-01
9.576884908883561698e-01
9.972916849114132898e-01
1.000000000000000000e+00
1.000000000000000000e+00
1.000000000000000000e+00
2.813017733651185484e-28
9.998912140712906682e-01
9.662124798341514831e-01
7.081766091659699169e-01
1.000000000000000000e+00
9.999999767526576155e-01
1.000000000000000000e+00
3.492528242493848079e-01
1.000000000000000000e+00
8.979041367386921824e-01
1.000000000000000000e+00
1.000000000000000000e+00
1.000000000000000000e+00
9.999950767347451919e-01
9.995938127049845967e-01
6.967803580004451429e-03
1.000000000000000000e+00
1.000000000000000000e+00
9.106520725769839952e-01
3.886315525542656246e-01
8.964721160224019547e-01
9.604991173062886745e-01
1.000000000000000000e+00
8.979045366173967757e-01
1.000000000000000000e+00
8.979041367386921824e-01
9.943933763221688427e-01
8.979041367386921824e-01
1.000000000000000000e+00
8.980287122369923214e-01
1.000000000000000000e+00
1.000000000000000000e+00
8.012012589419178488e-01
1.000000000000000000e+00
8.979041367386921824e-01
