9.977381603469762661e-01
1.000000000000000000e+00
1.000000000000000000e+00
9.833022456098805542e-01
1.000000000000000000e+00
1.000000000000000000e+00
1.000000000000000000e+00
9.055972610189924055e-01
9.999992681285821972e-01
1.000000000000000000e+00
1.000000000000000000e+00
9.418342885147739096e-01
1.000000000000000000e+00
8.894400887836686476e-01
1.000000000000000000e+00
9.911242107893939446e-01
1.000000000000000000e+00
9.999999999999911182e-01
1.000000000000000000e+00
8.350938769826500327e-10
1.000000000000000000e+00
1.000000000000000000e+00
7.306576009479458511e-01
1.000000000000000000e+00
1.000000000000000000e+00
1.000000000000000000e+00
1.000000000000000000e+00
9.108736677796028802e-01
1.000000000000000000e+00
7.860251952994451452e-01
1.000000000000000000e+00
1.000000000000000000e+00
9.905002768055974904e-01
8.184665348496908965e-01
1.000000000000000000e+00
1.000000000000000000e+00
1.000000000000000000e+00
9.999999999982966958e-01
9.999999429033087361e-01
9.899486517893510973e-01
8.607475304656339032e-01
9.999999872667476586e-01
8.728453495149016694e-01
9.995796367576558206e-01
9.975801611788828183e-01
9.999073764315018487e-01
9.960625374005660504e-01
1.000000000000000000e+00
1.000000000000000000e+00
1.000000000000000000e+00
9.996742030809780966e-01
1.000000000000000000e+00
8.729562454036793318e-01
9.939837587032691602e-01
9.995347105976586377e-01
9.999591931068178008e-01
9.999999999999908962e-01
7.061368104703804605e-01
1.000000000000000000e+00
1.000000000000000000e+00
1.000000000000000000e+00
1.167284073877918093e-03
1.000000000000000000e+00
1.000000000000000000e+00
