1.000000000000000000e+00
9.409001855011730475e-01
1.000000000000000000e+00
1.000000000000000000e+00
9.249067053912258807e-01
1.050093413963860856e-12
1.000000000000000000e+00
1.000000000000000000e+00
9.999998303188889492e-01
9.999999999996396216e-01
1.000000000000000000e+00
9.581381094839490631e-01
1.000000000000000000e+00
1.000000000000000000e+00
1.000000000000000000e+00
6.864399558606304463e-01
9.036388527483629751e-01
1.000000000000000000e+00
9.999999999756326030e-01
1.000000000000000000e+00
9.512024623845862781e-01
1.000000000000000000e+00
8.314444427287466244e-01
1.000000000000000000e+00
7.548849861075676015e-01
4.498752942218527778e-13
1.000000000000000000e+00
1.000000000000000000e+00
9.581381298353428555e-01
1.000000000000000000e+00
1.000000000000000000e+00
9.581381094839490631e-01
9.036388527483798505e-01
1.000000000000000000e+00
6.781281962865600699e-01
9.999923258801198811e-01
1.000000000000000000e+00
1.000000000000000000e+00
1.000000000000000000e+00
1.000000000000000000e+00
9.999999985387146850e-01
1.000000000000000000e+00
1.000000000000000000e+00
9.999999849521252759e-01
1.000000000000000000e+00
9.997828435501010524e-01
9.988926154140098657e-01
9.418214802942087571e-01
9.999742606270399792e-01
1.000000000000000000e+00
1.000000000000000000e+00
7.517885895101475979e-01
9.999999604884746152e-01
1.000000000000000000e+00
9.581381094839490631e-01
1.000000000000000000e+00
1.000000000000000000e+00
1.000000000000000000e+00
1.000000000000000000e+00
6.808448248254014290e-01
1.000000000000000000e+00
9.046944096348812359e-01
9.068603898690019705e-01
1.000000000000000000e+00
