9.106844950629279234e-01
1.000000000000000000e+00
1.000000000000000000e+00
1.173463948642086523e-02
1.000000000000000000e+00
9.938802406278608448e-01
1.000000000000000000e+00
9.981029928934482820e-01
8.868633261604170759e-01
9.989709500176155998e-01
3.639188852276139299e-05
9.569054642745976613e-01
1.000000000000000000e+00
9.668890296373618964e-01
8.457605200516944421e-01
8.943033627149516995e-01
4.316504390232733801e-01
9.999999998266890788e-01
2.678515443540992731e-05
1.812636744518199977e-04
1.000000000000000000e+00
1.000000000000000000e+00
1.000000000000000000e+00
1.000000000000000000e+00
1.000000000000000000e+00
1.000000000000000000e+00
2.194019486232523242e-01
9.094943586229753407e-01
1.000000000000000000e+00
1.196934182498167114e-10
1.000000000000000000e+00
1.000000000000000000e+00
3.750125182765594589e-01
4.058039404470726382e-04
1.000000000000000000e+00
1.000000000000000000e+00
9.999539011467655225e-01
9.297505286984462103e-01
7.169222833062691702e-01
4.153364377883061889e-15
1.000000000000000000e+00
9.760155086082792364e-01
3.385640373995838374e-22
2.047103137685939156e-01
9.999999999957975838e-01
1.000000000000000000e+00
9.997564061778911881e-01
3.241407561991246911e-04
9.999510809373967080e-01
1.000000000000000000e+00
1.000000000000000000e+00
9.950876849702169347e-01
9.815283783285605468e-01
2.730896577276179872e-10
1.000000000000000000e+00
9.999999661495349024e-01
1.000000000000000000e+00
9.997117685800174236e-01
1.797824981178383283e-03
1.127143210166882533e-03
1.000000000000000000e+00
6.557284257941582185e-03
9.996847463210423168e-01
1.000000000000000000e+00
