9.999999999999991118e-01
9.965686887713480768e-01
9.999997411551796445e-01
3.068140991204756363e-01
5.947207820814933710e-01
7.343994037686586429e-01
1.000000000000000000e+00
9.999999998685316083e-01
3.545963950234293227e-01
9.761613489007876510e-01
1.000000000000000000e+00
5.947207820814939261e-01
7.786084345003294604e-01
1.000000000000000000e+00
1.000000000000000000e+00
1.000000000000000000e+00
5.947207820814933710e-01
1.000000000000000000e+00
1.000000000000000000e+00
5.954891580967734965e-01
1.000000000000000000e+00
1.000000000000000000e+00
1.000000000000000000e+00
5.094833417810258336e-01
8.719077421701492137e-01
1.000000000000000000e+00
9.999477329442079121e-01
1.000000000000000000e+00
1.000000000000000000e+00
1.000000000000000000e+00
1.000000000000000000e+00
1.000000000000000000e+00
1.000000000000000000e+00
1.000000000000000000e+00
5.946557788909956344e-01
6.570660767770161170e-01
9.999999999998936406e-01
1.000000000000000000e+00
5.830605206989897260e-01
1.000000000000000000e+00
1.000000000000000000e+00
9.845277543189507874e-01
5.947210377833097583e-01
9.816640838661391255e-01
9.970772864926954471e-01
8.719077996891185789e-01
5.947207685910355091e-01
1.000000000000000000e+00
7.343994037686586429e-01
2.882839620894833144e-01
6.511349497200039638e-01
1.000000000000000000e+00
1.000000000000000000e+00
1.000000000000000000e+00
9.227291631202818841e-04
5.947207820814933710e-01
9.991345358541235955e-01
9.999999616527120994e-01
1.000000000000000000e+00
9.999998495519049069e-01
1.000000000000000000e+00
1.000000000000000000e+00
7.216451445031767387e-01
9.893832294959737927e-01
