4.172286242336479790e-14
2.530763797692255868e-09
1.000000000000000000e+00
1.000000000000000000e+00
1.379851042801291840e-10
1.000000000000000000e+00
1.000000000000000000e+00
4.784421856970689473e-21
1.000000000000000000e+00
2.477050190449846783e-21
9.999998658645739003e-01
1.000000000000000000e+00
1.000000000000000000e+00
3.868080321857847412e-08
1.000000000000000000e+00
1.000000000000000000e+00
1.000000000000000000e+00
1.000000000000000000e+00
1.000000000000000000e+00
1.000000000000000000e+00
1.000000000000000000e+00
1.000000000000000000e+00
6.840901226949913649e-04
1.000000000000000000e+00
1.000000000000000000e+00
9.999999979014175810e-01
1.000000000000000000e+00
6.258250651871734544e-08
1.000000000000000000e+00
6.877205367106823864e-15
1.000000000000000000e+00
1.000000000000000000e+00
6.101557861902854295e-10
1.000000000000000000e+00
1.000000000000000000e+00
8.682848450137062190e-12
1.000000000000000000e+00
1.000000000000000000e+00
8.660245059547262639e-13
1.000000000000000000e+00
1.000000000000000000e+00
1.000000000000000000e+00
1.000000000000000000e+00
3.911586086368356689e-20
1.000000000000000000e+00
9.557488779136364903e-20
1.000000000000000000e+00
2.514296166924033041e-28
1.000000000000000000e+00
2.555974931292650773e-19
1.000000000000000000e+00
1.000000000000000000e+00
1.000000000000000000e+00
9.999999999999213962e-01
5.573414484085078651e-21
1.000000000000000000e+00
1.000000000000000000e+00
1.000000000000000000e+00
3.491592861066549687e-17
1.000000000000000000e+00
9.999665360933817082e-01
1.000000000000000000e+00
9.998784551158531597e-01
1.648746396589958811e-07
