4.690141269145617620e-21
1.000000000000000000e+00
2.100770170684316010e-21
1.000000000000000000e+00
1.009683831876448092e-36
9.999999999999817923e-01
2.045457842147024665e-24
9.429573393936346748e-34
1.000000000000000000e+00
1.000000000000000000e+00
1.000000000000000000e+00
1.000000000000000000e+00
1.000000000000000000e+00
3.939118935204448829e-36
1.000000000000000000e+00
3.188061657214361571e-39
9.999999991880710315e-01
9.999999998139501578e-01
1.852767921568926001e-40
9.999999999999986677e-01
1.000000000000000000e+00
5.702246450203874382e-40
1.000000000000000000e+00
3.899930802523469785e-50
3.156360820182762806e-50
1.000000000000000000e+00
2.679751961606038553e-48
1.000000000000000000e+00
9.999999999999826805e-01
1.000000000000000000e+00
1.000000000000000000e+00
1.000000000000000000e+00
4.640291022008160701e-43
1.000000000000000000e+00
3.571950813173658271e-49
1.000000000000000000e+00
5.431576002334421996e-50
1.136117761244759009e-45
1.000000000000000000e+00
1.000000000000000000e+00
1.187321177626472394e-45
1.000000000000000000e+00
1.000000000000000000e+00
1.000000000000000000e+00
1.000000000000000000e+00
9.999999999821964636e-01
1.000000000000000000e+00
9.999999999715052379e-01
1.000000000000000000e+00
5.298306726429928300e-13
5.163360610793490725e-48
6.263336484003015193e-50
1.000000000000000000e+00
1.000000000000000000e+00
1.000000000000000000e+00
1.000000000000000000e+00
1.000000000000000000e+00
4.935776440830898943e-36
6.992446407733182573e-48
9.999999999127600070e-01
9.999999994649808599e-01
1.000000000000000000e+00
1.000000000000000000e+00
1.000000000000000000e+00
