9.999999970830335538e-01
1.000000000000000000e+00
9.999999999995139444e-01
8.801181641246466070e-01
8.802503583558668465e-01
8.574010178599524856e-01
9.999999999991253663e-01
9.999999999999988898e-01
1.000000000000000000e+00
1.350890467368060233e-01
9.999999999999995559e-01
1.000000000000000000e+00
1.000000000000000000e+00
9.999990211240060711e-01
1.000000000000000000e+00
9.959453724890944271e-01
5.550033925436080639e-04
9.940662108663629315e-01
9.999999999999984457e-01
5.718818953668513005e-01
9.999999991487764639e-01
6.740271972092100050e-01
1.000000000000000000e+00
9.272382978546332977e-01
1.000000000000000000e+00
5.309632851766121070e-04
1.000000000000000000e+00
8.726850316958683074e-01
6.740289703453988812e-01
8.801179585516967219e-01
1.000000000000000000e+00
4.264352781104737145e-01
1.311658820982315177e-01
1.000000000000000000e+00
9.999999999999311662e-01
6.740288340765300257e-01
1.000000000000000000e+00
1.000000000000000000e+00
1.000000000000000000e+00
9.999999999999993339e-01
1.000000000000000000e+00
9.999999999999744649e-01
6.740288379655150486e-01
6.197270293932382046e-01
9.999999999999995559e-01
6.742672761400430037e-01
9.999999999999333866e-01
9.999997933911137782e-01
6.740288340760763885e-01
1.000000000000000000e+00
1.000000000000000000e+00
1.970576572260927189e-06
1.000000000000000000e+00
1.000000000000000000e+00
9.999999999999997780e-01
6.764477552282545103e-01
6.712917972922807230e-01
6.740951949237957708e-01
1.000000000000000000e+00
9.999999999999997780e-01
1.000000000000000000e+00
6.741671047468714706e-01
5.396592945636141192e-04
6.740288340760763885e-01
9.999999999999633626e-01
7.002859272112562650e-01
1.000000000000000000e+00
4.894689659616278753e-05
1.000000000000000000e+00
5.241959015576360681e-01
4.931515788193504271e-07
1.000000000000000000e+00
9.311252012412271073e-01
1.000000000000000000e+00
1.000000000000000000e+00
9.677752095897311779e-01
1.000000000000000000e+00
1.000000000000000000e+00
1.000000000000000000e+00
9.998443651839232782e-01
1.000000000000000000e+00
5.578541167461308764e-02
9.629750702855324196e-01
1.000000000000000000e+00
1.000000000000000000e+00
1.000000000000000000e+00
3.050578777512052324e-04
9.848037908123291606e-01
1.000000000000000000e+00
1.000000000000000000e+00
1.000000000000000000e+00
8.624740601315944834e-04
2.407866312428608474e-31
1.000000000000000000e+00
2.148757455244247050e-01
9.811115803637120436e-01
9.999994276775472368e-01
1.000000000000000000e+00
1.788226556508175770e-04
2.001441389090681186e-02
9.924178660598633739e-01
1.000000000000000000e+00
9.374287923765411978e-01
3.610830037136412095e-05
3.552847335294497813e-08
9.965001431701540069e-01
1.000000000000000000e+00
2.275142498818732810e-03
1.000000000000000000e+00
1.000000000000000000e+00
9.967770372027311421e-01
1.000000000000000000e+00
1.000000000000000000e+00
1.000000000000000000e+00
9.959347224260347575e-01
1.000000000000000000e+00
1.000000000000000000e+00
9.900928674547421204e-01
1.000000000000000000e+00
9.999999805620781723e-01
9.675068970908106136e-01
9.999947622421894167e-01
8.642068456511722285e-01
3.149380269762096229e-02
1.000000000000000000e+00
1.000000000000000000e+00
5.442281610766727118e-01
1.000000000000000000e+00
8.979704744624605883e-01
8.979041367386921824e-01
8.979034925821612889e-01
9.974219219047069096e-01
6.003272580197663067e-19
1.000000000000000000e+00
9.987440407225227634e-01
1.000000000000000000e+00
4.008527656064007627e-01
9.688605209126153195e-01
1.000000000000000000e+00
6.090963755442505567e-01
9.576889449068243243e-01
4.042756611561477142e-01
1.000000000000000000e+00
1.000000000000000000e+00
1.000000000000000000e+00
8.980713946616254439e-01
8.030011108911585538e-01
8.979041367386921824e-01
9.999999999990065724e-01
1.000000000000000000e+00
8.967382444790192864e-01
8.979041047327804836e-01
9.576884908883561698e-01
9.972916849114132898e-01
1.000000000000000000e+00
1.000000000000000000e+00
1.000000000000000000e+00
2.813017733651185484e-28
9.998912140712906682e-01
9.662124798341514831e-01
7.081766091659699169e-01
1.000000000000000000e+00
9.999999767526576155e-01
1.000000000000000000e+00
3.492528242493848079e-01
1.000000000000000000e+00
8.979041367386921824e-01
1.000000000000000000e+00
1.000000000000000000e+00
1.000000000000000000e+00
9.999950767347451919e-01
9.995938127049845967e-01
6.967803580004451429e-03
1.000000000000000000e+00
1.000000000000000000e+00
9.106520725769839952e-01
3.886315525542656246e-01
8.964721160224019547e-01
9.604991173062886745e-01
1.000000000000000000e+00
8.979045366173967757e-01
1.000000000000000000e+00
8.979041367386921824e-01
9.943933763221688427e-01
8.979041367386921824e-01
1.000000000000000000e+00
8.980287122369923214e-01
1.000000000000000000e+00
1.000000000000000000e+00
8.012012589419178488e-01
1.000000000000000000e+00
8.979041367386921824e-01
9.977381603469762661e-01
1.000000000000000000e+00
1.000000000000000000e+00
9.833022456098805542e-01
1.000000000000000000e+00
1.000000000000000000e+00
1.000000000000000000e+00
9.055972610189924055e-01
9.999992681285821972e-01
1.000000000000000000e+00
1.000000000000000000e+00
9.418342885147739096e-01
1.000000000000000000e+00
8.894400887836686476e-01
1.000000000000000000e+00
9.911242107893939446e-01
1.000000000000000000e+00
9.999999999999911182e-01
1.000000000000000000e+00
8.350938769826500327e-10
1.000000000000000000e+00
1.000000000000000000e+00
7.306576009479458511e-01
1.000000000000000000e+00
1.000000000000000000e+00
1.000000000000000000e+00
1.000000000000000000e+00
9.108736677796028802e-01
1.000000000000000000e+00
7.860251952994451452e-01
1.000000000000000000e+00
1.000000000000000000e+00
9.905002768055974904e-01
8.184665348496908965e-01
1.000000000000000000e+00
1.000000000000000000e+00
1.000000000000000000e+00
9.999999999982966958e-01
9.999999429033087361e-01
9.899486517893510973e-01
8.607475304656339032e-01
9.999999872667476586e-01
8.728453495149016694e-01
9.995796367576558206e-01
9.975801611788828183e-01
9.999073764315018487e-01
9.960625374005660504e-01
1.000000000000000000e+00
1.000000000000000000e+00
1.000000000000000000e+00
9.996742030809780966e-01
1.000000000000000000e+00
8.729562454036793318e-01
9.939837587032691602e-01
9.995347105976586377e-01
9.999591931068178008e-01
9.999999999999908962e-01
7.061368104703804605e-01
1.000000000000000000e+00
1.000000000000000000e+00
1.000000000000000000e+00
1.167284073877918093e-03
1.000000000000000000e+00
1.000000000000000000e+00
1.000000000000000000e+00
9.409001855011730475e-01
1.000000000000000000e+00
1.000000000000000000e+00
9.249067053912258807e-01
1.050093413963860856e-12
1.000000000000000000e+00
1.000000000000000000e+00
9.999998303188889492e-01
9.999999999996396216e-01
1.000000000000000000e+00
9.581381094839490631e-01
1.000000000000000000e+00
1.000000000000000000e+00
1.000000000000000000e+00
6.864399558606304463e-01
9.036388527483629751e-01
1.000000000000000000e+00
9.999999999756326030e-01
1.000000000000000000e+00
9.512024623845862781e-01
1.000000000000000000e+00
8.314444427287466244e-01
1.000000000000000000e+00
7.548849861075676015e-01
4.498752942218527778e-13
1.000000000000000000e+00
1.000000000000000000e+00
9.581381298353428555e-01
1.000000000000000000e+00
1.000000000000000000e+00
9.581381094839490631e-01
9.036388527483798505e-01
1.000000000000000000e+00
6.781281962865600699e-01
9.999923258801198811e-01
1.000000000000000000e+00
1.000000000000000000e+00
1.000000000000000000e+00
1.000000000000000000e+00
9.999999985387146850e-01
1.000000000000000000e+00
1.000000000000000000e+00
9.999999849521252759e-01
1.000000000000000000e+00
9.997828435501010524e-01
9.988926154140098657e-01
9.418214802942087571e-01
9.999742606270399792e-01
1.000000000000000000e+00
1.000000000000000000e+00
7.517885895101475979e-01
9.999999604884746152e-01
1.000000000000000000e+00
9.581381094839490631e-01
1.000000000000000000e+00
1.000000000000000000e+00
1.000000000000000000e+00
1.000000000000000000e+00
6.808448248254014290e-01
1.000000000000000000e+00
9.046944096348812359e-01
9.068603898690019705e-01
1.000000000000000000e+00
9.106844950629279234e-01
1.000000000000000000e+00
1.000000000000000000e+00
1.173463948642086523e-02
1.000000000000000000e+00
9.938802406278608448e-01
1.000000000000000000e+00
9.981029928934482820e-01
8.868633261604170759e-01
9.989709500176155998e-01
3.639188852276139299e-05
9.569054642745976613e-01
1.000000000000000000e+00
9.668890296373618964e-01
8.457605200516944421e-01
8.943033627149516995e-01
4.316504390232733801e-01
9.999999998266890788e-01
2.678515443540992731e-05
1.812636744518199977e-04
1.000000000000000000e+00
1.000000000000000000e+00
1.000000000000000000e+00
1.000000000000000000e+00
1.000000000000000000e+00
1.000000000000000000e+00
2.194019486232523242e-01
9.094943586229753407e-01
1.000000000000000000e+00
1.196934182498167114e-10
1.000000000000000000e+00
1.000000000000000000e+00
3.750125182765594589e-01
4.058039404470726382e-04
1.000000000000000000e+00
1.000000000000000000e+00
9.999539011467655225e-01
9.297505286984462103e-01
7.169222833062691702e-01
4.153364377883061889e-15
1.000000000000000000e+00
9.760155086082792364e-01
3.385640373995838374e-22
2.047103137685939156e-01
9.999999999957975838e-01
1.000000000000000000e+00
9.997564061778911881e-01
3.241407561991246911e-04
9.999510809373967080e-01
1.000000000000000000e+00
1.000000000000000000e+00
9.950876849702169347e-01
9.815283783285605468e-01
2.730896577276179872e-10
1.000000000000000000e+00
9.999999661495349024e-01
1.000000000000000000e+00
9.997117685800174236e-01
1.797824981178383283e-03
1.127143210166882533e-03
1.000000000000000000e+00
6.557284257941582185e-03
9.996847463210423168e-01
1.000000000000000000e+00
9.999999999999991118e-01
9.965686887713480768e-01
9.999997411551796445e-01
3.068140991204756363e-01
5.947207820814933710e-01
7.343994037686586429e-01
1.000000000000000000e+00
9.999999998685316083e-01
3.545963950234293227e-01
9.761613489007876510e-01
1.000000000000000000e+00
5.947207820814939261e-01
7.786084345003294604e-01
1.000000000000000000e+00
1.000000000000000000e+00
1.000000000000000000e+00
5.947207820814933710e-01
1.000000000000000000e+00
1.000000000000000000e+00
5.954891580967734965e-01
1.000000000000000000e+00
1.000000000000000000e+00
1.000000000000000000e+00
5.094833417810258336e-01
8.719077421701492137e-01
1.000000000000000000e+00
9.999477329442079121e-01
1.000000000000000000e+00
1.000000000000000000e+00
1.000000000000000000e+00
1.000000000000000000e+00
1.000000000000000000e+00
1.000000000000000000e+00
1.000000000000000000e+00
5.946557788909956344e-01
6.570660767770161170e-01
9.999999999998936406e-01
1.000000000000000000e+00
5.830605206989897260e-01
1.000000000000000000e+00
1.000000000000000000e+00
9.845277543189507874e-01
5.947210377833097583e-01
9.816640838661391255e-01
9.970772864926954471e-01
8.719077996891185789e-01
5.947207685910355091e-01
1.000000000000000000e+00
7.343994037686586429e-01
2.882839620894833144e-01
6.511349497200039638e-01
1.000000000000000000e+00
1.000000000000000000e+00
1.000000000000000000e+00
9.227291631202818841e-04
5.947207820814933710e-01
9.991345358541235955e-01
9.999999616527120994e-01
1.000000000000000000e+00
9.999998495519049069e-01
1.000000000000000000e+00
1.000000000000000000e+00
7.216451445031767387e-01
9.893832294959737927e-01
4.172286242336479790e-14
2.530763797692255868e-09
1.000000000000000000e+00
1.000000000000000000e+00
1.379851042801291840e-10
1.000000000000000000e+00
1.000000000000000000e+00
4.784421856970689473e-21
1.000000000000000000e+00
2.477050190449846783e-21
9.999998658645739003e-01
1.000000000000000000e+00
1.000000000000000000e+00
3.868080321857847412e-08
1.000000000000000000e+00
1.000000000000000000e+00
1.000000000000000000e+00
1.000000000000000000e+00
1.000000000000000000e+00
1.000000000000000000e+00
1.000000000000000000e+00
1.000000000000000000e+00
6.840901226949913649e-04
1.000000000000000000e+00
1.000000000000000000e+00
9.999999979014175810e-01
1.000000000000000000e+00
6.258250651871734544e-08
1.000000000000000000e+00
6.877205367106823864e-15
1.000000000000000000e+00
1.000000000000000000e+00
6.101557861902854295e-10
1.000000000000000000e+00
1.000000000000000000e+00
8.682848450137062190e-12
1.000000000000000000e+00
1.000000000000000000e+00
8.660245059547262639e-13
1.000000000000000000e+00
1.000000000000000000e+00
1.000000000000000000e+00
1.000000000000000000e+00
3.911586086368356689e-20
1.000000000000000000e+00
9.557488779136364903e-20
1.000000000000000000e+00
2.514296166924033041e-28
1.000000000000000000e+00
2.555974931292650773e-19
1.000000000000000000e+00
1.000000000000000000e+00
1.000000000000000000e+00
9.999999999999213962e-01
5.573414484085078651e-21
1.000000000000000000e+00
1.000000000000000000e+00
1.000000000000000000e+00
3.491592861066549687e-17
1.000000000000000000e+00
9.999665360933817082e-01
1.000000000000000000e+00
9.998784551158531597e-01
1.648746396589958811e-07
4.690141269145617620e-21
1.000000000000000000e+00
2.100770170684316010e-21
1.000000000000000000e+00
1.009683831876448092e-36
9.999999999999817923e-01
2.045457842147024665e-24
9.429573393936346748e-34
1.000000000000000000e+00
1.000000000000000000e+00
1.000000000000000000e+00
1.000000000000000000e+00
1.000000000000000000e+00
3.939118935204448829e-36
1.000000000000000000e+00
3.188061657214361571e-39
9.999999991880710315e-01
9.999999998139501578e-01
1.852767921568926001e-40
9.999999999999986677e-01
1.000000000000000000e+00
5.702246450203874382e-40
1.000000000000000000e+00
3.899930802523469785e-50
3.156360820182762806e-50
1.000000000000000000e+00
2.679751961606038553e-48
1.000000000000000000e+00
9.999999999999826805e-01
1.000000000000000000e+00
1.000000000000000000e+00
1.000000000000000000e+00
4.640291022008160701e-43
1.000000000000000000e+00
3.571950813173658271e-49
1.000000000000000000e+00
5.431576002334421996e-50
1.136117761244759009e-45
1.000000000000000000e+00
1.000000000000000000e+00
1.187321177626472394e-45
1.000000000000000000e+00
1.000000000000000000e+00
1.000000000000000000e+00
1.000000000000000000e+00
9.999999999821964636e-01
1.000000000000000000e+00
9.999999999715052379e-01
1.000000000000000000e+00
5.298306726429928300e-13
5.163360610793490725e-48
6.263336484003015193e-50
1.000000000000000000e+00
1.000000000000000000e+00
1.000000000000000000e+00
1.000000000000000000e+00
1.000000000000000000e+00
4.935776440830898943e-36
6.992446407733182573e-48
9.999999999127600070e-01
9.999999994649808599e-01
1.000000000000000000e+00
1.000000000000000000e+00
1.000000000000000000e+00
1.000000000000000000e+00
1.000000000000000000e+00
1.000000000000000000e+00
1.000000000000000000e+00
1.000000000000000000e+00
1.000000000000000000e+00
1.000000000000000000e+00
1.000000000000000000e+00
9.999999999999711342e-01
1.000000000000000000e+00
1.000000000000000000e+00
9.999999999999984457e-01
1.000000000000000000e+00
9.999999999999995559e-01
1.000000000000000000e+00
1.000000000000000000e+00
1.000000000000000000e+00
9.999999999758202307e-01
9.999999999999273914e-01
1.000000000000000000e+00
1.000000000000000000e+00
1.000000000000000000e+00
1.000000000000000000e+00
1.000000000000000000e+00
1.000000000000000000e+00
1.000000000000000000e+00
9.999989413188415943e-01
1.000000000000000000e+00
1.000000000000000000e+00
9.999999999999997780e-01
1.000000000000000000e+00
1.000000000000000000e+00
1.000000000000000000e+00
1.000000000000000000e+00
1.000000000000000000e+00
1.000000000000000000e+00
1.000000000000000000e+00
1.000000000000000000e+00
1.000000000000000000e+00
1.000000000000000000e+00
1.000000000000000000e+00
1.000000000000000000e+00
9.999999999988409272e-01
9.999999997560591325e-01
1.000000000000000000e+00
1.000000000000000000e+00
9.999999999999995559e-01
1.000000000000000000e+00
1.000000000000000000e+00
1.000000000000000000e+00
1.000000000000000000e+00
9.999999999999993339e-01
1.000000000000000000e+00
1.000000000000000000e+00
1.000000000000000000e+00
9.943603476454422330e-01
1.000000000000000000e+00
1.000000000000000000e+00
1.000000000000000000e+00
1.000000000000000000e+00
9.999757934473539889e-01
1.000000000000000000e+00
9.999999999999669154e-01
1.000000000000000000e+00
