9.774511893439894461e-01
9.766044974370261533e-01
9.814942699548412364e-01
9.765184495943300957e-01
9.771446591043998486e-01
9.702464158068696554e-01
9.715125182892825340e-01
9.772586963095023505e-01
9.657100247585492792e-01
9.617756014806790876e-01
9.812195338420941493e-01
9.845735635506521755e-01
9.719617855716647936e-01
9.790418703301599912e-01
9.792571689513633881e-01
9.631815109663839358e-01
9.663105735380004280e-01
9.362620082223810369e-01
9.816794678833582477e-01
9.587315451011304557e-01
9.721159220527684219e-01
9.848464221532372553e-01
9.852479459561810371e-01
9.708704576504212369e-01
9.691726366302171325e-01
9.639367201488610037e-01
9.812632591056650311e-01
9.731816661727838991e-01
9.563792792382733721e-01
9.720107779873002896e-01
9.762085691034551038e-01
9.678918232969470070e-01
9.615072294085602600e-01
9.825039407000857317e-01
9.730129284461154215e-01
9.549818519573372022e-01
9.822695809296139169e-01
9.832499290675521531e-01
9.844576930872384057e-01
9.840077283188397583e-01
9.850229766252908137e-01
9.812916891716840784e-01
9.810093642781089196e-01
9.714817404010964719e-01
9.821234559136668985e-01
9.624691542993361049e-01
9.814314287369434453e-01
9.765940302249196403e-01
9.743413264338650626e-01
9.745692859135005603e-01
9.683462587266571386e-01
9.713635646079125108e-01
9.553712820610353873e-01
9.592617991291247925e-01
9.814157103981706598e-01
9.694075629950033024e-01
9.681883129433705992e-01
9.618603003222085945e-01
9.749999495432264407e-01
9.797352000634773628e-01
9.818773824655733229e-01
9.654566738307431839e-01
9.606304251674294692e-01
9.766435559692238089e-01
