9.999992822150677307e-01
9.670512099841889198e-01
9.999999749110002334e-01
1.321775840966586251e-15
1.000000000000000000e+00
9.562560301599331014e-01
2.256249656629946762e-15
1.000000000000000000e+00
9.506639848152969030e-01
1.000000000000000000e+00
9.999997149101529370e-01
9.932885315552593131e-01
1.000000000000000000e+00
1.000000000000000000e+00
1.000000000000000000e+00
9.962472834141268274e-01
1.000000000000000000e+00
8.626449810985403754e-01
9.999997144549392925e-01
1.000000000000000000e+00
1.000000000000000000e+00
1.000000000000000000e+00
1.419642301676298448e-09
9.871505685684097697e-01
1.000000000000000000e+00
1.000000000000000000e+00
9.999999596800518420e-01
8.760503213228082453e-01
7.180816699437749203e-31
1.000000000000000000e+00
9.999859096539270853e-01
9.984861921629131221e-01
9.999993543665449680e-01
9.999999999992015276e-01
3.906714603453075862e-01
9.436541737276916697e-01
9.999871436089182719e-01
1.000000000000000000e+00
9.991843926458018332e-01
6.464176213256317389e-13
1.800191691959461087e-32
9.931834634930817307e-01
1.000000000000000000e+00
1.884479293417642187e-17
1.000000000000000000e+00
1.000000000000000000e+00
9.999978069397825742e-01
1.000000000000000000e+00
1.000000000000000000e+00
1.000000000000000000e+00
9.866119511699585898e-01
1.000000000000000000e+00
1.000000000000000000e+00
9.984254545959482252e-01
1.000000000000000000e+00
9.999992398851138553e-01
7.884941131785436763e-01
9.999987139068544639e-01
9.177470978054760309e-01
4.063203557107060611e-03
1.000000000000000000e+00
1.000000000000000000e+00
8.349432649971606502e-01
1.000000000000000000e+00
