1.000000000000000000e+00
1.000000000000000000e+00
9.999999971535893373e-01
1.000000000000000000e+00
1.115111440154264306e-18
1.000000000000000000e+00
1.000000000000000000e+00
1.000000000000000000e+00
9.999999999425916997e-01
1.000000000000000000e+00
1.000000000000000000e+00
9.999991880563288138e-01
1.000000000000000000e+00
9.999999913213019065e-01
1.000000000000000000e+00
1.000000000000000000e+00
1.000000000000000000e+00
1.000000000000000000e+00
1.000000000000000000e+00
1.000000000000000000e+00
1.000000000000000000e+00
1.000000000000000000e+00
1.000000000000000000e+00
9.999999999999991118e-01
1.000000000000000000e+00
1.000000000000000000e+00
1.000000000000000000e+00
1.000000000000000000e+00
1.000000000000000000e+00
4.700473652695052223e-06
1.000000000000000000e+00
1.000000000000000000e+00
1.000000000000000000e+00
1.000000000000000000e+00
1.000000000000000000e+00
1.000000000000000000e+00
1.000000000000000000e+00
1.000000000000000000e+00
9.999999913200307011e-01
1.000000000000000000e+00
1.000000000000000000e+00
1.000000000000000000e+00
1.000000000000000000e+00
1.000000000000000000e+00
1.144298860361441040e-05
1.000000000000000000e+00
1.000000000000000000e+00
1.000000000000000000e+00
9.999998190866982162e-01
1.887754673706033522e-10
1.000000000000000000e+00
1.000000000000000000e+00
1.000000000000000000e+00
1.000000000000000000e+00
1.000000000000000000e+00
1.000000000000000000e+00
1.000000000000000000e+00
1.000000000000000000e+00
1.000000000000000000e+00
1.000000000000000000e+00
1.000000000000000000e+00
1.000000000000000000e+00
1.000000000000000000e+00
9.999999967720125671e-01
