1.000000000000000000e+00
1.000000000000000000e+00
1.000000000000000000e+00
9.999999989966821268e-01
1.000000000000000000e+00
1.000000000000000000e+00
1.000000000000000000e+00
9.753735849635298827e-01
1.000000000000000000e+00
1.000000000000000000e+00
1.000000000000000000e+00
5.101790833479526718e-14
1.000000000000000000e+00
9.972847472651202860e-01
1.000000000000000000e+00
9.999999965828252346e-01
1.000000000000000000e+00
1.000000000000000000e+00
1.000000000000000000e+00
9.999999965138293145e-01
1.000000000000000000e+00
1.000000000000000000e+00
1.362024130104509189e-11
1.000000000000000000e+00
1.000000000000000000e+00
1.000000000000000000e+00
1.000000000000000000e+00
9.999999999999980016e-01
1.000000000000000000e+00
3.669216809766400334e-14
1.000000000000000000e+00
1.000000000000000000e+00
1.000000000000000000e+00
1.000000000000000000e+00
1.000000000000000000e+00
1.000000000000000000e+00
1.000000000000000000e+00
1.000000000000000000e+00
1.000000000000000000e+00
9.997303923183391561e-01
9.999999999972106757e-01
1.000000000000000000e+00
9.902284986068135009e-01
1.000000000000000000e+00
1.000000000000000000e+00
1.000000000000000000e+00
1.000000000000000000e+00
1.000000000000000000e+00
1.000000000000000000e+00
1.000000000000000000e+00
1.000000000000000000e+00
1.000000000000000000e+00
4.525027851969025382e-11
9.999999999999988898e-01
1.000000000000000000e+00
9.999999999998374633e-01
1.000000000000000000e+00
1.000000000000000000e+00
1.000000000000000000e+00
1.000000000000000000e+00
1.000000000000000000e+00
9.999999999999997780e-01
1.000000000000000000e+00
1.000000000000000000e+00
