1.000000000000000000e+00
1.000000000000000000e+00
1.000000000000000000e+00
9.999999999900708314e-01
1.000000000000000000e+00
1.000000000000000000e+00
1.000000000000000000e+00
1.000000000000000000e+00
1.000000000000000000e+00
1.000000000000000000e+00
9.999999999989168664e-01
1.000000000000000000e+00
1.000000000000000000e+00
1.000000000000000000e+00
1.000000000000000000e+00
1.000000000000000000e+00
9.999999999613589097e-01
1.000000000000000000e+00
9.999730173314305137e-01
1.000000000000000000e+00
1.000000000000000000e+00
1.000000000000000000e+00
1.000000000000000000e+00
1.000000000000000000e+00
1.000000000000000000e+00
1.000000000000000000e+00
9.999999998665949352e-01
1.000000000000000000e+00
1.000000000000000000e+00
9.999999911279805476e-01
1.000000000000000000e+00
1.000000000000000000e+00
9.999999994821209270e-01
9.999999996690449588e-01
1.000000000000000000e+00
1.000000000000000000e+00
1.000000000000000000e+00
1.000000000000000000e+00
9.999999911279805476e-01
9.999999994819084304e-01
1.000000000000000000e+00
9.999999999613542467e-01
1.691458276091246070e-03
9.767371650206280176e-01
1.000000000000000000e+00
1.000000000000000000e+00
1.000000000000000000e+00
1.000000000000000000e+00
1.000000000000000000e+00
1.000000000000000000e+00
1.000000000000000000e+00
1.000000000000000000e+00
1.000000000000000000e+00
9.999999911279903175e-01
1.000000000000000000e+00
1.000000000000000000e+00
1.000000000000000000e+00
1.000000000000000000e+00
9.999999977205453749e-01
9.999999999995945466e-01
1.000000000000000000e+00
1.562247428613277450e-02
1.000000000000000000e+00
1.000000000000000000e+00
