1.000000000000000000e+00
1.000000000000000000e+00
1.000000000000000000e+00
9.999999973560564914e-01
9.875920363385163325e-01
1.000000000000000000e+00
1.000000000000000000e+00
1.000000000000000000e+00
9.999999999875865964e-01
1.000000000000000000e+00
1.000000000000000000e+00
1.000000000000000000e+00
1.000000000000000000e+00
1.000000000000000000e+00
1.000000000000000000e+00
1.000000000000000000e+00
4.741694956475050321e-02
1.000000000000000000e+00
1.000000000000000000e+00
1.000000000000000000e+00
1.000000000000000000e+00
1.000000000000000000e+00
1.000000000000000000e+00
9.999999999481057333e-01
1.000000000000000000e+00
1.000000000000000000e+00
1.000000000000000000e+00
1.000000000000000000e+00
1.000000000000000000e+00
1.000000000000000000e+00
1.000000000000000000e+00
1.000000000000000000e+00
1.000000000000000000e+00
1.000000000000000000e+00
1.000000000000000000e+00
1.000000000000000000e+00
1.000000000000000000e+00
1.000000000000000000e+00
1.000000000000000000e+00
1.000000000000000000e+00
1.000000000000000000e+00
9.999999928257983228e-01
1.000000000000000000e+00
9.999999785742970104e-01
1.000000000000000000e+00
1.000000000000000000e+00
9.999999996238391198e-01
1.000000000000000000e+00
1.000000000000000000e+00
1.636985974738751860e-12
9.999999999999895639e-01
1.000000000000000000e+00
1.000000000000000000e+00
1.000000000000000000e+00
9.999682161940376401e-01
1.000000000000000000e+00
1.000000000000000000e+00
1.000000000000000000e+00
1.000000000000000000e+00
1.000000000000000000e+00
1.000000000000000000e+00
1.000000000000000000e+00
1.000000000000000000e+00
1.176968314020089049e-08
