1.199239134888220464e-33
8.917800032069867905e-30
9.006318756106320711e-01
3.214624378975589059e-01
1.961899758051929846e-25
1.000000000000000000e+00
9.904689087690967675e-01
1.050389394339732256e-38
1.000000000000000000e+00
2.029015766932712153e-39
3.974088859998231534e-16
1.000000000000000000e+00
1.000000000000000000e+00
6.949388917471761744e-19
1.000000000000000000e+00
1.000000000000000000e+00
1.401245921064507571e-01
3.061273267574420455e-14
1.000000000000000000e+00
1.000000000000000000e+00
9.999999999979989340e-01
9.999999484014927553e-01
4.175770775899093983e-23
1.541399058442233239e-02
1.000000000000000000e+00
1.803680496525158330e-22
9.999947067828793834e-01
1.505133964505449432e-16
1.191465935482383109e-02
1.986984400047430670e-36
1.000000000000000000e+00
1.000000000000000000e+00
4.885560617444595964e-28
1.191465875364497787e-02
9.791895753342215736e-01
1.213996775314221427e-31
9.686922060527144440e-01
1.000000000000000000e+00
1.769017867101701594e-33
1.000000000000000000e+00
1.000000000000000000e+00
1.000000000000000000e+00
9.999999999997983835e-01
1.284442435231786753e-49
5.101536651118078359e-06
8.133484686073554087e-36
9.999985165312070823e-01
1.561211723038749142e-46
1.000000000000000000e+00
2.198810595833611377e-34
1.000000000000000000e+00
1.000000000000000000e+00
1.000000000000000000e+00
3.553111990024042603e-06
1.392982009390436323e-48
1.000000000000000000e+00
9.791896110394939790e-01
9.999999483664365751e-01
2.577967997928955284e-36
3.592439211209142331e-06
9.923196240197596313e-07
1.000000000000000000e+00
8.223712124977196524e-25
2.316937684433455440e-16
