9.999999999997919442e-01
1.000000000000000000e+00
1.000000000000000000e+00
1.000000000000000000e+00
9.999999999997919442e-01
1.000000000000000000e+00
1.000000000000000000e+00
9.999999999997919442e-01
1.000000000000000000e+00
1.000000000000000000e+00
1.000000000000000000e+00
1.000000000000000000e+00
1.000000000000000000e+00
1.000000000000000000e+00
1.000000000000000000e+00
9.999999999995232702e-01
1.000000000000000000e+00
1.000000000000000000e+00
9.999999999997883915e-01
1.000000000000000000e+00
1.000000000000000000e+00
9.999999999988822275e-01
1.000000000000000000e+00
9.999999972487303435e-01
9.999999972051105690e-01
1.000000000000000000e+00
9.999999995393484831e-01
1.000000000000000000e+00
1.000000000000000000e+00
1.000000000000000000e+00
1.000000000000000000e+00
1.000000000000000000e+00
9.999999999997919442e-01
1.000000000000000000e+00
9.999999972478139654e-01
1.000000000000000000e+00
9.999999577448599464e-01
9.999999999931434846e-01
1.000000000000000000e+00
1.000000000000000000e+00
9.999999999995230482e-01
1.000000000000000000e+00
1.000000000000000000e+00
1.000000000000000000e+00
1.000000000000000000e+00
1.000000000000000000e+00
1.000000000000000000e+00
1.000000000000000000e+00
1.000000000000000000e+00
9.999999999999136246e-01
9.999999999995230482e-01
4.897752490755382104e-01
1.000000000000000000e+00
1.000000000000000000e+00
1.000000000000000000e+00
1.000000000000000000e+00
1.000000000000000000e+00
9.999992286249371753e-01
9.999999972505675405e-01
1.000000000000000000e+00
1.000000000000000000e+00
1.000000000000000000e+00
1.000000000000000000e+00
1.000000000000000000e+00
