9.005815206526306043e-21
1.000000000000000000e+00
1.000000000000000000e+00
2.045641466903403629e-54
1.686683003697649212e-46
3.997600858799651680e-57
8.981187889365113316e-56
2.359128152496433031e-51
4.754939366478575441e-60
7.315045016391614209e-45
1.000000000000000000e+00
3.810852662722856218e-58
1.000000000000000000e+00
3.359469065713661114e-59
1.000000000000000000e+00
1.000000000000000000e+00
1.000000000000000000e+00
1.596722283017409304e-60
6.380754546946135373e-56
9.999997426501353592e-01
1.000000000000000000e+00
1.000000000000000000e+00
1.000000000000000000e+00
1.000000000000000000e+00
1.000000000000000000e+00
9.999999999997848388e-01
8.453317412833725393e-60
1.235845641618162736e-54
1.000000000000000000e+00
4.301098227371988626e-58
1.549737521510840957e-49
1.000000000000000000e+00
2.236206034533273597e-56
1.000000000000000000e+00
1.000000000000000000e+00
1.000000000000000000e+00
1.065423657904510423e-26
1.000000000000000000e+00
1.000000000000000000e+00
1.000000000000000000e+00
9.216120774902666751e-59
1.000000000000000000e+00
9.950100066925967179e-61
1.073876974827655250e-59
9.999999999999973355e-01
1.374944214600132643e-14
8.970759101611712646e-52
1.000000000000000000e+00
1.257372483124655938e-40
1.000000000000000000e+00
1.000000000000000000e+00
1.605272026270439336e-56
9.999999998336530638e-01
1.000000000000000000e+00
1.000000000000000000e+00
3.336005695662171985e-60
1.000000000000000000e+00
1.000000000000000000e+00
5.064963721935859812e-32
1.000000000000000000e+00
3.171893603469391745e-61
9.999999995272434994e-01
6.558328775752540112e-61
9.991618634827700191e-56
4.527455819711932569e-54
