9.774511893439894461e-01
9.766044974370261533e-01
9.814942699548412364e-01
9.765184495943300957e-01
9.771446591043998486e-01
9.702464158068696554e-01
9.715125182892825340e-01
9.772586963095023505e-01
9.657100247585492792e-01
9.617756014806790876e-01
9.812195338420941493e-01
9.845735635506521755e-01
9.719617855716647936e-01
9.790418703301599912e-01
9.792571689513633881e-01
9.631815109663839358e-01
9.663105735380004280e-01
9.362620082223810369e-01
9.816794678833582477e-01
9.587315451011304557e-01
9.721159220527684219e-01
9.848464221532372553e-01
9.852479459561810371e-01
9.708704576504212369e-01
9.691726366302171325e-01
9.639367201488610037e-01
9.812632591056650311e-01
9.731816661727838991e-01
9.563792792382733721e-01
9.720107779873002896e-01
9.762085691034551038e-01
9.678918232969470070e-01
9.615072294085602600e-01
9.825039407000857317e-01
9.730129284461154215e-01
9.549818519573372022e-01
9.822695809296139169e-01
9.832499290675521531e-01
9.844576930872384057e-01
9.840077283188397583e-01
9.850229766252908137e-01
9.812916891716840784e-01
9.810093642781089196e-01
9.714817404010964719e-01
9.821234559136668985e-01
9.624691542993361049e-01
9.814314287369434453e-01
9.765940302249196403e-01
9.743413264338650626e-01
9.745692859135005603e-01
9.683462587266571386e-01
9.713635646079125108e-01
9.553712820610353873e-01
9.592617991291247925e-01
9.814157103981706598e-01
9.694075629950033024e-01
9.681883129433705992e-01
9.618603003222085945e-01
9.749999495432264407e-01
9.797352000634773628e-01
9.818773824655733229e-01
9.654566738307431839e-01
9.606304251674294692e-01
9.766435559692238089e-01
9.999992822150677307e-01
9.670512099841889198e-01
9.999999749110002334e-01
1.321775840966586251e-15
1.000000000000000000e+00
9.562560301599331014e-01
2.256249656629946762e-15
1.000000000000000000e+00
9.506639848152969030e-01
1.000000000000000000e+00
9.999997149101529370e-01
9.932885315552593131e-01
1.000000000000000000e+00
1.000000000000000000e+00
1.000000000000000000e+00
9.962472834141268274e-01
1.000000000000000000e+00
8.626449810985403754e-01
9.999997144549392925e-01
1.000000000000000000e+00
1.000000000000000000e+00
1.000000000000000000e+00
1.419642301676298448e-09
9.871505685684097697e-01
1.000000000000000000e+00
1.000000000000000000e+00
9.999999596800518420e-01
8.760503213228082453e-01
7.180816699437749203e-31
1.000000000000000000e+00
9.999859096539270853e-01
9.984861921629131221e-01
9.999993543665449680e-01
9.999999999992015276e-01
3.906714603453075862e-01
9.436541737276916697e-01
9.999871436089182719e-01
1.000000000000000000e+00
9.991843926458018332e-01
6.464176213256317389e-13
1.800191691959461087e-32
9.931834634930817307e-01
1.000000000000000000e+00
1.884479293417642187e-17
1.000000000000000000e+00
1.000000000000000000e+00
9.999978069397825742e-01
1.000000000000000000e+00
1.000000000000000000e+00
1.000000000000000000e+00
9.866119511699585898e-01
1.000000000000000000e+00
1.000000000000000000e+00
9.984254545959482252e-01
1.000000000000000000e+00
9.999992398851138553e-01
7.884941131785436763e-01
9.999987139068544639e-01
9.177470978054760309e-01
4.063203557107060611e-03
1.000000000000000000e+00
1.000000000000000000e+00
8.349432649971606502e-01
1.000000000000000000e+00
1.000000000000000000e+00
1.000000000000000000e+00
9.999999971535893373e-01
1.000000000000000000e+00
1.115111440154264306e-18
1.000000000000000000e+00
1.000000000000000000e+00
1.000000000000000000e+00
9.999999999425916997e-01
1.000000000000000000e+00
1.000000000000000000e+00
9.999991880563288138e-01
1.000000000000000000e+00
9.999999913213019065e-01
1.000000000000000000e+00
1.000000000000000000e+00
1.000000000000000000e+00
1.000000000000000000e+00
1.000000000000000000e+00
1.000000000000000000e+00
1.000000000000000000e+00
1.000000000000000000e+00
1.000000000000000000e+00
9.999999999999991118e-01
1.000000000000000000e+00
1.000000000000000000e+00
1.000000000000000000e+00
1.000000000000000000e+00
1.000000000000000000e+00
4.700473652695052223e-06
1.000000000000000000e+00
1.000000000000000000e+00
1.000000000000000000e+00
1.000000000000000000e+00
1.000000000000000000e+00
1.000000000000000000e+00
1.000000000000000000e+00
1.000000000000000000e+00
9.999999913200307011e-01
1.000000000000000000e+00
1.000000000000000000e+00
1.000000000000000000e+00
1.000000000000000000e+00
1.000000000000000000e+00
1.144298860361441040e-05
1.000000000000000000e+00
1.000000000000000000e+00
1.000000000000000000e+00
9.999998190866982162e-01
1.887754673706033522e-10
1.000000000000000000e+00
1.000000000000000000e+00
1.000000000000000000e+00
1.000000000000000000e+00
1.000000000000000000e+00
1.000000000000000000e+00
1.000000000000000000e+00
1.000000000000000000e+00
1.000000000000000000e+00
1.000000000000000000e+00
1.000000000000000000e+00
1.000000000000000000e+00
1.000000000000000000e+00
9.999999967720125671e-01
1.000000000000000000e+00
1.000000000000000000e+00
1.000000000000000000e+00
9.999999989966821268e-01
1.000000000000000000e+00
1.000000000000000000e+00
1.000000000000000000e+00
9.753735849635298827e-01
1.000000000000000000e+00
1.000000000000000000e+00
1.000000000000000000e+00
5.101790833479526718e-14
1.000000000000000000e+00
9.972847472651202860e-01
1.000000000000000000e+00
9.999999965828252346e-01
1.000000000000000000e+00
1.000000000000000000e+00
1.000000000000000000e+00
9.999999965138293145e-01
1.000000000000000000e+00
1.000000000000000000e+00
1.362024130104509189e-11
1.000000000000000000e+00
1.000000000000000000e+00
1.000000000000000000e+00
1.000000000000000000e+00
9.999999999999980016e-01
1.000000000000000000e+00
3.669216809766400334e-14
1.000000000000000000e+00
1.000000000000000000e+00
1.000000000000000000e+00
1.000000000000000000e+00
1.000000000000000000e+00
1.000000000000000000e+00
1.000000000000000000e+00
1.000000000000000000e+00
1.000000000000000000e+00
9.997303923183391561e-01
9.999999999972106757e-01
1.000000000000000000e+00
9.902284986068135009e-01
1.000000000000000000e+00
1.000000000000000000e+00
1.000000000000000000e+00
1.000000000000000000e+00
1.000000000000000000e+00
1.000000000000000000e+00
1.000000000000000000e+00
1.000000000000000000e+00
1.000000000000000000e+00
4.525027851969025382e-11
9.999999999999988898e-01
1.000000000000000000e+00
9.999999999998374633e-01
1.000000000000000000e+00
1.000000000000000000e+00
1.000000000000000000e+00
1.000000000000000000e+00
1.000000000000000000e+00
9.999999999999997780e-01
1.000000000000000000e+00
1.000000000000000000e+00
1.000000000000000000e+00
1.000000000000000000e+00
1.000000000000000000e+00
1.000000000000000000e+00
1.000000000000000000e+00
2.894704014915852134e-11
1.000000000000000000e+00
1.000000000000000000e+00
1.000000000000000000e+00
1.000000000000000000e+00
1.000000000000000000e+00
1.000000000000000000e+00
1.000000000000000000e+00
1.000000000000000000e+00
1.000000000000000000e+00
1.000000000000000000e+00
1.000000000000000000e+00
1.000000000000000000e+00
1.000000000000000000e+00
1.000000000000000000e+00
3.539421933090953329e-06
1.000000000000000000e+00
1.000000000000000000e+00
1.000000000000000000e+00
2.418574176380027928e-04
2.133077395803201653e-07
1.000000000000000000e+00
1.000000000000000000e+00
1.000000000000000000e+00
1.000000000000000000e+00
1.000000000000000000e+00
1.000000000000000000e+00
1.000000000000000000e+00
1.000000000000000000e+00
1.003211346052815204e-09
1.000000000000000000e+00
1.000000000000000000e+00
1.000000000000000000e+00
1.000000000000000000e+00
1.000000000000000000e+00
1.000000000000000000e+00
1.000000000000000000e+00
1.000000000000000000e+00
1.000000000000000000e+00
1.000000000000000000e+00
1.000000000000000000e+00
3.539421933090953329e-06
1.000000000000000000e+00
1.000000000000000000e+00
1.000000000000000000e+00
1.000000000000000000e+00
1.000000000000000000e+00
1.000000000000000000e+00
1.000000000000000000e+00
1.000000000000000000e+00
1.000000000000000000e+00
1.000000000000000000e+00
1.000000000000000000e+00
1.000000000000000000e+00
1.670373993192513645e-04
1.000000000000000000e+00
1.000000000000000000e+00
3.980593816125374464e-04
1.000000000000000000e+00
1.000000000000000000e+00
1.000000000000000000e+00
1.000000000000000000e+00
9.999999999900708314e-01
1.000000000000000000e+00
1.000000000000000000e+00
1.000000000000000000e+00
1.000000000000000000e+00
1.000000000000000000e+00
1.000000000000000000e+00
9.999999999989168664e-01
1.000000000000000000e+00
1.000000000000000000e+00
1.000000000000000000e+00
1.000000000000000000e+00
1.000000000000000000e+00
9.999999999613589097e-01
1.000000000000000000e+00
9.999730173314305137e-01
1.000000000000000000e+00
1.000000000000000000e+00
1.000000000000000000e+00
1.000000000000000000e+00
1.000000000000000000e+00
1.000000000000000000e+00
1.000000000000000000e+00
9.999999998665949352e-01
1.000000000000000000e+00
1.000000000000000000e+00
9.999999911279805476e-01
1.000000000000000000e+00
1.000000000000000000e+00
9.999999994821209270e-01
9.999999996690449588e-01
1.000000000000000000e+00
1.000000000000000000e+00
1.000000000000000000e+00
1.000000000000000000e+00
9.999999911279805476e-01
9.999999994819084304e-01
1.000000000000000000e+00
9.999999999613542467e-01
1.691458276091246070e-03
9.767371650206280176e-01
1.000000000000000000e+00
1.000000000000000000e+00
1.000000000000000000e+00
1.000000000000000000e+00
1.000000000000000000e+00
1.000000000000000000e+00
1.000000000000000000e+00
1.000000000000000000e+00
1.000000000000000000e+00
9.999999911279903175e-01
1.000000000000000000e+00
1.000000000000000000e+00
1.000000000000000000e+00
1.000000000000000000e+00
9.999999977205453749e-01
9.999999999995945466e-01
1.000000000000000000e+00
1.562247428613277450e-02
1.000000000000000000e+00
1.000000000000000000e+00
1.000000000000000000e+00
1.000000000000000000e+00
1.000000000000000000e+00
9.999999973560564914e-01
9.875920363385163325e-01
1.000000000000000000e+00
1.000000000000000000e+00
1.000000000000000000e+00
9.999999999875865964e-01
1.000000000000000000e+00
1.000000000000000000e+00
1.000000000000000000e+00
1.000000000000000000e+00
1.000000000000000000e+00
1.000000000000000000e+00
1.000000000000000000e+00
4.741694956475050321e-02
1.000000000000000000e+00
1.000000000000000000e+00
1.000000000000000000e+00
1.000000000000000000e+00
1.000000000000000000e+00
1.000000000000000000e+00
9.999999999481057333e-01
1.000000000000000000e+00
1.000000000000000000e+00
1.000000000000000000e+00
1.000000000000000000e+00
1.000000000000000000e+00
1.000000000000000000e+00
1.000000000000000000e+00
1.000000000000000000e+00
1.000000000000000000e+00
1.000000000000000000e+00
1.000000000000000000e+00
1.000000000000000000e+00
1.000000000000000000e+00
1.000000000000000000e+00
1.000000000000000000e+00
1.000000000000000000e+00
1.000000000000000000e+00
9.999999928257983228e-01
1.000000000000000000e+00
9.999999785742970104e-01
1.000000000000000000e+00
1.000000000000000000e+00
9.999999996238391198e-01
1.000000000000000000e+00
1.000000000000000000e+00
1.636985974738751860e-12
9.999999999999895639e-01
1.000000000000000000e+00
1.000000000000000000e+00
1.000000000000000000e+00
9.999682161940376401e-01
1.000000000000000000e+00
1.000000000000000000e+00
1.000000000000000000e+00
1.000000000000000000e+00
1.000000000000000000e+00
1.000000000000000000e+00
1.000000000000000000e+00
1.000000000000000000e+00
1.176968314020089049e-08
1.199239134888220464e-33
8.917800032069867905e-30
9.006318756106320711e-01
3.214624378975589059e-01
1.961899758051929846e-25
1.000000000000000000e+00
9.904689087690967675e-01
1.050389394339732256e-38
1.000000000000000000e+00
2.029015766932712153e-39
3.974088859998231534e-16
1.000000000000000000e+00
1.000000000000000000e+00
6.949388917471761744e-19
1.000000000000000000e+00
1.000000000000000000e+00
1.401245921064507571e-01
3.061273267574420455e-14
1.000000000000000000e+00
1.000000000000000000e+00
9.999999999979989340e-01
9.999999484014927553e-01
4.175770775899093983e-23
1.541399058442233239e-02
1.000000000000000000e+00
1.803680496525158330e-22
9.999947067828793834e-01
1.505133964505449432e-16
1.191465935482383109e-02
1.986984400047430670e-36
1.000000000000000000e+00
1.000000000000000000e+00
4.885560617444595964e-28
1.191465875364497787e-02
9.791895753342215736e-01
1.213996775314221427e-31
9.686922060527144440e-01
1.000000000000000000e+00
1.769017867101701594e-33
1.000000000000000000e+00
1.000000000000000000e+00
1.000000000000000000e+00
9.999999999997983835e-01
1.284442435231786753e-49
5.101536651118078359e-06
8.133484686073554087e-36
9.999985165312070823e-01
1.561211723038749142e-46
1.000000000000000000e+00
2.198810595833611377e-34
1.000000000000000000e+00
1.000000000000000000e+00
1.000000000000000000e+00
3.553111990024042603e-06
1.392982009390436323e-48
1.000000000000000000e+00
9.791896110394939790e-01
9.999999483664365751e-01
2.577967997928955284e-36
3.592439211209142331e-06
9.923196240197596313e-07
1.000000000000000000e+00
8.223712124977196524e-25
2.316937684433455440e-16
9.999999999997919442e-01
1.000000000000000000e+00
1.000000000000000000e+00
1.000000000000000000e+00
9.999999999997919442e-01
1.000000000000000000e+00
1.000000000000000000e+00
9.999999999997919442e-01
1.000000000000000000e+00
1.000000000000000000e+00
1.000000000000000000e+00
1.000000000000000000e+00
1.000000000000000000e+00
1.000000000000000000e+00
1.000000000000000000e+00
9.999999999995232702e-01
1.000000000000000000e+00
1.000000000000000000e+00
9.999999999997883915e-01
1.000000000000000000e+00
1.000000000000000000e+00
9.999999999988822275e-01
1.000000000000000000e+00
9.999999972487303435e-01
9.999999972051105690e-01
1.000000000000000000e+00
9.999999995393484831e-01
1.000000000000000000e+00
1.000000000000000000e+00
1.000000000000000000e+00
1.000000000000000000e+00
1.000000000000000000e+00
9.999999999997919442e-01
1.000000000000000000e+00
9.999999972478139654e-01
1.000000000000000000e+00
9.999999577448599464e-01
9.999999999931434846e-01
1.000000000000000000e+00
1.000000000000000000e+00
9.999999999995230482e-01
1.000000000000000000e+00
1.000000000000000000e+00
1.000000000000000000e+00
1.000000000000000000e+00
1.000000000000000000e+00
1.000000000000000000e+00
1.000000000000000000e+00
1.000000000000000000e+00
9.999999999999136246e-01
9.999999999995230482e-01
4.897752490755382104e-01
1.000000000000000000e+00
1.000000000000000000e+00
1.000000000000000000e+00
1.000000000000000000e+00
1.000000000000000000e+00
9.999992286249371753e-01
9.999999972505675405e-01
1.000000000000000000e+00
1.000000000000000000e+00
1.000000000000000000e+00
1.000000000000000000e+00
1.000000000000000000e+00
9.005815206526306043e-21
1.000000000000000000e+00
1.000000000000000000e+00
2.045641466903403629e-54
1.686683003697649212e-46
3.997600858799651680e-57
8.981187889365113316e-56
2.359128152496433031e-51
4.754939366478575441e-60
7.315045016391614209e-45
1.000000000000000000e+00
3.810852662722856218e-58
1.000000000000000000e+00
3.359469065713661114e-59
1.000000000000000000e+00
1.000000000000000000e+00
1.000000000000000000e+00
1.596722283017409304e-60
6.380754546946135373e-56
9.999997426501353592e-01
1.000000000000000000e+00
1.000000000000000000e+00
1.000000000000000000e+00
1.000000000000000000e+00
1.000000000000000000e+00
9.999999999997848388e-01
8.453317412833725393e-60
1.235845641618162736e-54
1.000000000000000000e+00
4.301098227371988626e-58
1.549737521510840957e-49
1.000000000000000000e+00
2.236206034533273597e-56
1.000000000000000000e+00
1.000000000000000000e+00
1.000000000000000000e+00
1.065423657904510423e-26
1.000000000000000000e+00
1.000000000000000000e+00
1.000000000000000000e+00
9.216120774902666751e-59
1.000000000000000000e+00
9.950100066925967179e-61
1.073876974827655250e-59
9.999999999999973355e-01
1.374944214600132643e-14
8.970759101611712646e-52
1.000000000000000000e+00
1.257372483124655938e-40
1.000000000000000000e+00
1.000000000000000000e+00
1.605272026270439336e-56
9.999999998336530638e-01
1.000000000000000000e+00
1.000000000000000000e+00
3.336005695662171985e-60
1.000000000000000000e+00
1.000000000000000000e+00
5.064963721935859812e-32
1.000000000000000000e+00
3.171893603469391745e-61
9.999999995272434994e-01
6.558328775752540112e-61
9.991618634827700191e-56
4.527455819711932569e-54
