9.917067855122078113e-01
9.978035848439239519e-01
9.965041748465808258e-01
8.263842094353227585e-01
9.818808843808535247e-01
9.826863267979066840e-01
9.909962004653718459e-01
9.964686010723196041e-01
9.980005004727993123e-01
6.394254529236003152e-05
9.977674391591639935e-01
9.969951108286392305e-01
9.977674391591639935e-01
9.857070021430689444e-01
9.982705864576099097e-01
9.818924512341045130e-01
5.659921662142868525e-05
9.766244285087714028e-01
9.960958620472599723e-01
8.171780004044098406e-03
9.809585512302362309e-01
5.286833301198076152e-01
9.982705858521772058e-01
9.730261240972992720e-01
9.977570090757144072e-01
2.348653440752050632e-05
9.977674431113090492e-01
9.309088663283405785e-01
9.334843804113686083e-01
9.277873126850811891e-01
9.977676468419913736e-01
6.755198351235676135e-01
5.419834678899447533e-02
9.975967265011170815e-01
9.945644484799112117e-01
6.646367375958031065e-01
9.984693573658846022e-01
9.989206572845854559e-01
9.974332891497385001e-01
9.977674391591639935e-01
9.977674391591639935e-01
9.977666708412992191e-01
5.221156171110864497e-01
8.580859139927322909e-03
9.981012182550007550e-01
1.261313970968966358e-01
9.906866946647001626e-01
9.918918667120053545e-01
9.497240340994517194e-01
9.975967269810155358e-01
9.977558258285208481e-01
8.989007968548684156e-06
9.982672693103403772e-01
9.977674391591639935e-01
9.989133192303479847e-01
5.893962249167542522e-01
4.575585108268257845e-05
9.247667829333869882e-01
9.977674391591639935e-01
9.983753530019621181e-01
9.984428436635562898e-01
9.595765986153719229e-01
4.535831841273183835e-05
8.840752603411825561e-01
