9.913806803862810213e-01
9.398964880914896236e-01
9.943944195471670078e-01
2.755493419741811647e-04
9.907075107786152968e-01
4.529465236400767592e-01
5.707152581585329420e-06
9.929202077092713630e-01
4.518633157890724998e-03
9.904090731052637153e-01
9.922915208465173942e-01
9.651747072996796906e-01
9.927636346319979044e-01
9.925132176912169202e-01
9.929580723289106459e-01
9.694266543142509018e-01
9.954205748982309920e-01
1.011678365652442040e-04
9.928658709681901229e-01
9.926238089030464673e-01
9.930833632407657374e-01
9.937391099401543526e-01
1.729549571770827568e-05
9.718981271218012363e-01
9.937936936353636286e-01
9.929328608563859904e-01
9.879166228059644839e-01
1.057333614266521554e-04
2.144489714688769380e-05
9.940950141737513457e-01
9.695389101672826637e-01
6.574292601079566589e-01
9.742632327808212755e-01
9.900959468213290648e-01
2.426824454041273116e-01
8.727812061176308533e-03
9.580868017135145687e-01
9.915943851200876846e-01
9.758079613035947064e-01
5.112660125592392597e-05
1.091074342193132231e-05
9.834094858604103262e-01
9.931673177490947246e-01
2.871542514509312690e-03
9.921961771278530184e-01
9.924184215453448754e-01
9.884686841807744928e-01
9.937412485039464061e-01
9.899765959472022203e-01
9.936325176777520696e-01
8.780199909133731273e-01
9.927499468986817899e-01
9.932056913846545321e-01
9.775610044807417909e-01
9.912957029825307798e-01
9.912506943170581453e-01
9.612050796639798333e-01
9.886155726179792769e-01
9.675061285478797624e-01
8.730200855378471569e-01
9.956396653401713426e-01
9.928693091230174073e-01
7.442615825447725930e-01
9.912211463299710479e-01
