6.404824909409433387e-01
6.394411742447375646e-01
6.345034164847145330e-01
6.490775833122220950e-01
6.459772016542111306e-01
6.502845229383567016e-01
6.494129086217489411e-01
6.390112035132167190e-01
6.388138441742425844e-01
6.503589722150505681e-01
6.641021389114026841e-01
6.406912518425850189e-01
6.392005761819539167e-01
6.359191281883634916e-01
6.342205653809500632e-01
6.486335364067574716e-01
6.553088937971309758e-01
6.443994403435102658e-01
6.620135098326246359e-01
6.374122811558171620e-01
6.398647682201917819e-01
6.435621701991131038e-01
6.677838145349309640e-01
6.510766168172680279e-01
6.286855153362961302e-01
6.496209230565684889e-01
6.204514742754427825e-01
6.318096678975236857e-01
6.483651751043932876e-01
6.469561430738077767e-01
6.636816150269289061e-01
6.496390076517944978e-01
6.521522828448681475e-01
6.617088896284903932e-01
6.491785493674694374e-01
6.460343564169094277e-01
6.549950465388307830e-01
6.499428142409964249e-01
6.309426154935070530e-01
6.150163828077610528e-01
6.569177294215783336e-01
6.382618852930913578e-01
6.372067196616951756e-01
6.158013041821828182e-01
6.493337315429120737e-01
6.467635384931303966e-01
6.523523852821030422e-01
6.245114380081969729e-01
6.469877245084049155e-01
6.382496754068238687e-01
6.296762255185874846e-01
6.708042676493466416e-01
6.538141327076540943e-01
6.314305892377189977e-01
6.405246974002184457e-01
6.569780728931821079e-01
6.513614572846531114e-01
6.292638120517102251e-01
6.466240380853932601e-01
6.344300686134082268e-01
6.494610042011474960e-01
6.504619073251619588e-01
6.189453380685723261e-01
6.327364703779499999e-01
