6.591265967577315532e-01
6.371098889777693230e-01
6.415146055281620852e-01
6.547143953630970570e-01
6.504073888440735640e-01
6.541798467235518943e-01
6.659477518942092944e-01
6.603582522676884059e-01
6.682054821210988704e-01
6.484954330102078446e-01
6.503621915580539703e-01
6.524245848694786298e-01
6.615221654440203158e-01
6.408249209331587926e-01
6.644546270271698418e-01
6.622433860531891092e-01
6.638403464061528592e-01
6.691591691117355634e-01
6.763565655017509393e-01
6.609872765989867061e-01
6.449552377654960145e-01
6.660731171874572087e-01
6.593710267655829016e-01
6.386548137185524832e-01
6.449407935405471193e-01
6.423601277361848938e-01
6.431406829556778337e-01
6.454252886806347567e-01
6.485394470699975544e-01
6.301261001297236986e-01
6.480636614126595862e-01
6.536967068994652408e-01
6.454664961012911428e-01
6.465834340139540171e-01
6.637681816465723639e-01
6.340849396058456655e-01
6.485245244019770539e-01
6.620615381229237872e-01
6.375312789706256700e-01
6.611312948767255060e-01
6.641166700125917810e-01
6.582414057364225357e-01
6.684146300300932708e-01
6.576641970087089284e-01
6.611646940554665175e-01
6.700346689403655631e-01
6.623937752491320108e-01
5.952589132688235196e-01
6.657980298107448736e-01
6.646284720558808257e-01
6.573197440229212596e-01
6.338772837156272377e-01
6.615279246328640284e-01
6.540210393357061003e-01
6.254924453891078651e-01
6.408461563481833156e-01
6.511407791021867064e-01
6.320167712003271765e-01
6.430816972742918747e-01
6.369261858528235676e-01
6.499202112615580784e-01
6.420923230143332772e-01
6.571505208474176518e-01
6.539139038661718750e-01
