9.992989123764047799e-01
1.878482968154560580e-05
9.978750080416173285e-01
9.992490289183426633e-01
9.709498635040114678e-01
2.506752417814610700e-07
9.982224183992548516e-01
9.993207191633510789e-01
9.952227446982099268e-01
9.971563880383931266e-01
9.992297736749696790e-01
9.911154777633865987e-01
9.993648810801000204e-01
9.990666461891305472e-01
9.995144441452834538e-01
9.902302560270204775e-04
9.505041302616765719e-01
9.985291801571181125e-01
9.963191433617939463e-01
9.991865858121240507e-01
9.165493604986011400e-01
9.996079199552795336e-01
5.482220879995102500e-04
9.994115429521157612e-01
9.342229600873513777e-04
5.246799329616481272e-07
9.970766992112591875e-01
9.987694688214979744e-01
5.722685081588052558e-01
9.988337188777599573e-01
9.976865397961909299e-01
9.934570904703293737e-01
9.872188654590013934e-01
9.943342387153502049e-01
8.297119540340954356e-06
9.951297202528400776e-01
9.985768669669180531e-01
9.979904767531437848e-01
9.989156424594773931e-01
9.993434453459093536e-01
9.973634191774065627e-01
9.989186787612480689e-01
9.985291737038805016e-01
9.941254525910475648e-01
9.988031362080121989e-01
9.737293700589001455e-01
9.732126014194183439e-01
4.905794626016993787e-01
9.952091968831979774e-01
9.988064283502725571e-01
9.994439614070080857e-01
6.674902006394743958e-01
9.951297978193656135e-01
9.974900320758555150e-01
9.007952196408299805e-01
9.993593320876454911e-01
9.984390512563441344e-01
9.978789324747661116e-01
9.971803972901069901e-01
6.473062617912303757e-06
9.987734672249924950e-01
9.763250732923937081e-01
4.287365183090476317e-01
9.992514127050945438e-01
