9.169451914414082916e-01
9.999998795135361940e-01
9.999999786069262431e-01
3.446590090953441377e-01
9.999998421059349551e-01
9.353643420209403203e-01
9.999998795226355819e-01
9.412981242508794422e-01
3.626957384894869407e-01
9.566262820724837912e-01
3.470077481930840535e-01
9.239984259839540970e-01
9.999999791427123252e-01
3.822924863740896906e-01
9.129660995731228024e-01
9.149422167590128829e-01
3.627597262958018320e-01
9.405314267799966821e-01
3.649173751708811309e-01
3.342058587485360333e-01
9.999999366196457018e-01
9.999564705482569815e-01
9.404777364061372991e-01
9.999999232589583675e-01
9.998875873036109363e-01
9.999997591132289143e-01
3.742584542634213585e-01
9.245982791918326837e-01
9.999649053521740827e-01
3.411307417427160704e-01
9.999999151657784635e-01
9.943574639992306397e-01
3.626957328710939121e-01
3.726050686545869794e-01
9.999998837369006299e-01
9.999998800858880266e-01
9.402929051904554969e-01
3.774837097804299990e-01
3.752092969225562791e-01
2.347390020544088407e-01
9.999999910104341305e-01
9.161414311228670559e-01
2.419018028020803457e-01
9.404783362476069053e-01
9.685079447627479299e-01
9.385807295664634342e-01
9.267293633638706840e-01
3.760769495345516744e-01
9.344862338786220635e-01
9.999999200745113281e-01
9.999998421019046235e-01
9.219478475672994167e-01
9.233460254788395938e-01
1.317240076978268559e-01
9.999326343378206472e-01
9.404777364061372991e-01
9.999999918496432771e-01
9.210676263914739925e-01
3.656871070653265887e-01
3.678838996953470164e-01
9.999998227622831637e-01
3.108007489693851988e-01
9.412981242508785540e-01
9.999999740879155219e-01
