6.651583778676170011e-01
6.590705909957164099e-01
6.499444755523937634e-01
6.791177558938398251e-01
6.618163615028110902e-01
6.583043381380273562e-01
6.656751677023790004e-01
6.418560998100478754e-01
6.466093377357693406e-01
6.684531980692475228e-01
6.495852290595581779e-01
6.431710091067176505e-01
6.505245055806198051e-01
6.673319441252535400e-01
6.461096412867467498e-01
6.561537839193728461e-01
6.528643606816189049e-01
6.493278352799738418e-01
6.604604572583882005e-01
6.454002445189011006e-01
6.610968367291844006e-01
6.179109331713701359e-01
6.377094347748515357e-01
6.306667392372846681e-01
6.648958171271672768e-01
6.708101096901835092e-01
6.415450051033875223e-01
6.414060516811442847e-01
6.328802423042229064e-01
6.533420441917071608e-01
6.392470586519291009e-01
6.812247095493204618e-01
6.529350456037618100e-01
6.587144551954794425e-01
6.458247800686059970e-01
6.582335059657626886e-01
6.298618920233498564e-01
6.751084473146414799e-01
6.473954339979171024e-01
6.656338766867920809e-01
6.485611419163644920e-01
6.771982089041133079e-01
6.454958039869654884e-01
6.735928282703702585e-01
6.424718623415466290e-01
6.603929831254876648e-01
6.419997459554541708e-01
6.786577381013332300e-01
6.639271729016068546e-01
6.344773025934574706e-01
6.520240761831561649e-01
6.455702097335548340e-01
6.486803456471714746e-01
6.531703290582926424e-01
6.506473234440952602e-01
6.525870482937529138e-01
6.688593171825053529e-01
6.558491873024283603e-01
6.513723189465312480e-01
6.239433089435567625e-01
6.690079672485039763e-01
6.771334273089876232e-01
6.505786119767585918e-01
6.608436470785516992e-01
