6.366300757826066636e-01
6.682079340511689614e-01
6.561125843661909096e-01
6.692174920047716524e-01
6.554606252115349196e-01
6.730810521266563651e-01
6.500831100789288275e-01
6.352792852304461890e-01
6.726860267780556679e-01
6.473379723574123057e-01
6.617667931998545416e-01
6.582970989830393416e-01
6.414752509159221683e-01
6.625856338907337717e-01
6.718887670039949134e-01
6.576426893862539202e-01
6.436564274898748383e-01
6.748216261441818409e-01
6.610946263296786363e-01
6.626474541758295977e-01
6.679422000821079175e-01
6.622303061987697692e-01
6.463138874508578269e-01
6.615918146521868604e-01
6.611454974033654786e-01
6.622327508384896477e-01
6.696996955568597087e-01
6.709248258584959990e-01
6.708504776401577052e-01
6.501159904767611630e-01
6.587543326351542605e-01
6.403214874548890378e-01
6.533923946153169515e-01
6.451417903451184266e-01
6.637781790635985946e-01
6.350628142118887043e-01
6.575059668612500685e-01
6.435622590638869767e-01
6.587385867847934673e-01
6.689732296163756198e-01
6.515794827859254790e-01
6.500031804143107106e-01
6.558880989565473163e-01
6.513654689232726280e-01
6.548519530789884691e-01
6.609108163356639531e-01
6.699614319425978293e-01
6.441858638339126308e-01
6.645518409738281340e-01
6.373836806036746738e-01
6.614188141844837832e-01
6.617705205039267069e-01
6.525846462399237380e-01
6.615916170557873954e-01
6.376886737716247477e-01
6.645177719737560551e-01
6.625018752069151695e-01
6.559367080619418200e-01
6.411558007536141135e-01
6.555058098675331513e-01
6.651137879265299757e-01
6.470003816125795559e-01
6.567207998095749844e-01
6.635629771204326621e-01
