8.212984523250450586e-01
7.882307207882415234e-01
8.107836093337318362e-01
7.890330728863726995e-01
8.026658067514141903e-01
8.195035088464001083e-01
8.185391826041098495e-01
8.139085683287838879e-01
7.831186433831670568e-01
7.959461365280879885e-01
7.929434833644838365e-01
7.814935219445398040e-01
7.218751558754606945e-01
7.452459985586190605e-01
7.775067734843987832e-01
7.824814652758729228e-01
8.093025073032517058e-01
7.898250584742729785e-01
7.749268808433676936e-01
7.863702840418254070e-01
7.741759396219966005e-01
7.921261541852553378e-01
7.754288490200087480e-01
8.217213031310480753e-01
7.832886821909404995e-01
7.764380881905356135e-01
8.095065553767811783e-01
7.642247662907537542e-01
7.992909126115995688e-01
7.842823194873378423e-01
7.462498508089379090e-01
7.620285795043894028e-01
7.894782102939079671e-01
7.958471583091988322e-01
8.038961997079657751e-01
7.673670123819593680e-01
7.805391452577227218e-01
8.020991065392381048e-01
8.275643329568999063e-01
7.549437760046672219e-01
7.794807295781335243e-01
7.864447225693753651e-01
8.228480769317882970e-01
7.822163498083990474e-01
8.045919149481983723e-01
8.061284338202744371e-01
8.030320891485928092e-01
8.099591802566046272e-01
8.043828974037338098e-01
8.023089079995859851e-01
8.121092615925579183e-01
8.071871176832725592e-01
7.634261349073775405e-01
8.040124334788447680e-01
7.882393241543343976e-01
7.570717826659286720e-01
7.693483644192921078e-01
7.597252465641776142e-01
8.001911880095968765e-01
8.008277030694745946e-01
7.828365386494605671e-01
7.690412622735131043e-01
7.568703805871188628e-01
7.875146746091582495e-01
