7.360577257949146857e-01
7.155384661097164978e-01
7.167426054390038104e-01
7.152049801388689065e-01
7.178139307674094027e-01
7.280001114318704891e-01
7.222257119927315561e-01
7.331736057751990776e-01
7.241993491753592194e-01
7.333185381642355338e-01
7.056877931739093945e-01
7.526539875278839276e-01
6.991291342640388873e-01
7.140923019893151702e-01
7.294816304007347707e-01
7.224585809794838998e-01
7.361605075120198904e-01
7.133126902571388372e-01
7.057951431893013661e-01
7.364852048039653987e-01
7.007331216734065116e-01
7.404284610666388433e-01
7.155362787251667855e-01
7.217387969673277892e-01
7.022153611770630688e-01
7.384868358071289274e-01
7.144360450563537190e-01
7.208484707628293187e-01
7.333930219256777905e-01
7.204364178616559089e-01
7.128197970276043405e-01
7.331625591092099103e-01
7.405632216306718973e-01
7.100900949185798838e-01
7.079099910057272682e-01
7.143024067162329072e-01
7.240553261213118486e-01
7.199503270918643505e-01
7.152194058688722267e-01
7.174336645711948401e-01
7.284183864818849496e-01
7.046879968304003983e-01
7.120172848207537708e-01
7.126049599741637319e-01
7.336332976997107513e-01
7.109069656857630592e-01
7.103156650528589244e-01
7.277907648470750557e-01
7.374005010620434675e-01
7.314889572508173066e-01
7.354772222568840556e-01
7.367852025494140422e-01
7.186976731991018275e-01
7.350912213184784827e-01
7.187302830020646516e-01
7.086264178830876670e-01
7.129903913332060750e-01
7.441858363724743741e-01
7.223115978733863907e-01
7.352846053171547824e-01
7.132711190386913369e-01
7.433734902783157850e-01
7.199403262306655060e-01
7.155266478829626076e-01
7.385568024030303436e-01
