9.917067855122078113e-01
9.978035848439239519e-01
9.965041748465808258e-01
8.263842094353227585e-01
9.818808843808535247e-01
9.826863267979066840e-01
9.909962004653718459e-01
9.964686010723196041e-01
9.980005004727993123e-01
6.394254529236003152e-05
9.977674391591639935e-01
9.969951108286392305e-01
9.977674391591639935e-01
9.857070021430689444e-01
9.982705864576099097e-01
9.818924512341045130e-01
5.659921662142868525e-05
9.766244285087714028e-01
9.960958620472599723e-01
8.171780004044098406e-03
9.809585512302362309e-01
5.286833301198076152e-01
9.982705858521772058e-01
9.730261240972992720e-01
9.977570090757144072e-01
2.348653440752050632e-05
9.977674431113090492e-01
9.309088663283405785e-01
9.334843804113686083e-01
9.277873126850811891e-01
9.977676468419913736e-01
6.755198351235676135e-01
5.419834678899447533e-02
9.975967265011170815e-01
9.945644484799112117e-01
6.646367375958031065e-01
9.984693573658846022e-01
9.989206572845854559e-01
9.974332891497385001e-01
9.977674391591639935e-01
9.977674391591639935e-01
9.977666708412992191e-01
5.221156171110864497e-01
8.580859139927322909e-03
9.981012182550007550e-01
1.261313970968966358e-01
9.906866946647001626e-01
9.918918667120053545e-01
9.497240340994517194e-01
9.975967269810155358e-01
9.977558258285208481e-01
8.989007968548684156e-06
9.982672693103403772e-01
9.977674391591639935e-01
9.989133192303479847e-01
5.893962249167542522e-01
4.575585108268257845e-05
9.247667829333869882e-01
9.977674391591639935e-01
9.983753530019621181e-01
9.984428436635562898e-01
9.595765986153719229e-01
4.535831841273183835e-05
8.840752603411825561e-01
9.913806803862810213e-01
9.398964880914896236e-01
9.943944195471670078e-01
2.755493419741811647e-04
9.907075107786152968e-01
4.529465236400767592e-01
5.707152581585329420e-06
9.929202077092713630e-01
4.518633157890724998e-03
9.904090731052637153e-01
9.922915208465173942e-01
9.651747072996796906e-01
9.927636346319979044e-01
9.925132176912169202e-01
9.929580723289106459e-01
9.694266543142509018e-01
9.954205748982309920e-01
1.011678365652442040e-04
9.928658709681901229e-01
9.926238089030464673e-01
9.930833632407657374e-01
9.937391099401543526e-01
1.729549571770827568e-05
9.718981271218012363e-01
9.937936936353636286e-01
9.929328608563859904e-01
9.879166228059644839e-01
1.057333614266521554e-04
2.144489714688769380e-05
9.940950141737513457e-01
9.695389101672826637e-01
6.574292601079566589e-01
9.742632327808212755e-01
9.900959468213290648e-01
2.426824454041273116e-01
8.727812061176308533e-03
9.580868017135145687e-01
9.915943851200876846e-01
9.758079613035947064e-01
5.112660125592392597e-05
1.091074342193132231e-05
9.834094858604103262e-01
9.931673177490947246e-01
2.871542514509312690e-03
9.921961771278530184e-01
9.924184215453448754e-01
9.884686841807744928e-01
9.937412485039464061e-01
9.899765959472022203e-01
9.936325176777520696e-01
8.780199909133731273e-01
9.927499468986817899e-01
9.932056913846545321e-01
9.775610044807417909e-01
9.912957029825307798e-01
9.912506943170581453e-01
9.612050796639798333e-01
9.886155726179792769e-01
9.675061285478797624e-01
8.730200855378471569e-01
9.956396653401713426e-01
9.928693091230174073e-01
7.442615825447725930e-01
9.912211463299710479e-01
6.404824909409433387e-01
6.394411742447375646e-01
6.345034164847145330e-01
6.490775833122220950e-01
6.459772016542111306e-01
6.502845229383567016e-01
6.494129086217489411e-01
6.390112035132167190e-01
6.388138441742425844e-01
6.503589722150505681e-01
6.641021389114026841e-01
6.406912518425850189e-01
6.392005761819539167e-01
6.359191281883634916e-01
6.342205653809500632e-01
6.486335364067574716e-01
6.553088937971309758e-01
6.443994403435102658e-01
6.620135098326246359e-01
6.374122811558171620e-01
6.398647682201917819e-01
6.435621701991131038e-01
6.677838145349309640e-01
6.510766168172680279e-01
6.286855153362961302e-01
6.496209230565684889e-01
6.204514742754427825e-01
6.318096678975236857e-01
6.483651751043932876e-01
6.469561430738077767e-01
6.636816150269289061e-01
6.496390076517944978e-01
6.521522828448681475e-01
6.617088896284903932e-01
6.491785493674694374e-01
6.460343564169094277e-01
6.549950465388307830e-01
6.499428142409964249e-01
6.309426154935070530e-01
6.150163828077610528e-01
6.569177294215783336e-01
6.382618852930913578e-01
6.372067196616951756e-01
6.158013041821828182e-01
6.493337315429120737e-01
6.467635384931303966e-01
6.523523852821030422e-01
6.245114380081969729e-01
6.469877245084049155e-01
6.382496754068238687e-01
6.296762255185874846e-01
6.708042676493466416e-01
6.538141327076540943e-01
6.314305892377189977e-01
6.405246974002184457e-01
6.569780728931821079e-01
6.513614572846531114e-01
6.292638120517102251e-01
6.466240380853932601e-01
6.344300686134082268e-01
6.494610042011474960e-01
6.504619073251619588e-01
6.189453380685723261e-01
6.327364703779499999e-01
6.591265967577315532e-01
6.371098889777693230e-01
6.415146055281620852e-01
6.547143953630970570e-01
6.504073888440735640e-01
6.541798467235518943e-01
6.659477518942092944e-01
6.603582522676884059e-01
6.682054821210988704e-01
6.484954330102078446e-01
6.503621915580539703e-01
6.524245848694786298e-01
6.615221654440203158e-01
6.408249209331587926e-01
6.644546270271698418e-01
6.622433860531891092e-01
6.638403464061528592e-01
6.691591691117355634e-01
6.763565655017509393e-01
6.609872765989867061e-01
6.449552377654960145e-01
6.660731171874572087e-01
6.593710267655829016e-01
6.386548137185524832e-01
6.449407935405471193e-01
6.423601277361848938e-01
6.431406829556778337e-01
6.454252886806347567e-01
6.485394470699975544e-01
6.301261001297236986e-01
6.480636614126595862e-01
6.536967068994652408e-01
6.454664961012911428e-01
6.465834340139540171e-01
6.637681816465723639e-01
6.340849396058456655e-01
6.485245244019770539e-01
6.620615381229237872e-01
6.375312789706256700e-01
6.611312948767255060e-01
6.641166700125917810e-01
6.582414057364225357e-01
6.684146300300932708e-01
6.576641970087089284e-01
6.611646940554665175e-01
6.700346689403655631e-01
6.623937752491320108e-01
5.952589132688235196e-01
6.657980298107448736e-01
6.646284720558808257e-01
6.573197440229212596e-01
6.338772837156272377e-01
6.615279246328640284e-01
6.540210393357061003e-01
6.254924453891078651e-01
6.408461563481833156e-01
6.511407791021867064e-01
6.320167712003271765e-01
6.430816972742918747e-01
6.369261858528235676e-01
6.499202112615580784e-01
6.420923230143332772e-01
6.571505208474176518e-01
6.539139038661718750e-01
9.992989123764047799e-01
1.878482968154560580e-05
9.978750080416173285e-01
9.992490289183426633e-01
9.709498635040114678e-01
2.506752417814610700e-07
9.982224183992548516e-01
9.993207191633510789e-01
9.952227446982099268e-01
9.971563880383931266e-01
9.992297736749696790e-01
9.911154777633865987e-01
9.993648810801000204e-01
9.990666461891305472e-01
9.995144441452834538e-01
9.902302560270204775e-04
9.505041302616765719e-01
9.985291801571181125e-01
9.963191433617939463e-01
9.991865858121240507e-01
9.165493604986011400e-01
9.996079199552795336e-01
5.482220879995102500e-04
9.994115429521157612e-01
9.342229600873513777e-04
5.246799329616481272e-07
9.970766992112591875e-01
9.987694688214979744e-01
5.722685081588052558e-01
9.988337188777599573e-01
9.976865397961909299e-01
9.934570904703293737e-01
9.872188654590013934e-01
9.943342387153502049e-01
8.297119540340954356e-06
9.951297202528400776e-01
9.985768669669180531e-01
9.979904767531437848e-01
9.989156424594773931e-01
9.993434453459093536e-01
9.973634191774065627e-01
9.989186787612480689e-01
9.985291737038805016e-01
9.941254525910475648e-01
9.988031362080121989e-01
9.737293700589001455e-01
9.732126014194183439e-01
4.905794626016993787e-01
9.952091968831979774e-01
9.988064283502725571e-01
9.994439614070080857e-01
6.674902006394743958e-01
9.951297978193656135e-01
9.974900320758555150e-01
9.007952196408299805e-01
9.993593320876454911e-01
9.984390512563441344e-01
9.978789324747661116e-01
9.971803972901069901e-01
6.473062617912303757e-06
9.987734672249924950e-01
9.763250732923937081e-01
4.287365183090476317e-01
9.992514127050945438e-01
9.169451914414082916e-01
9.999998795135361940e-01
9.999999786069262431e-01
3.446590090953441377e-01
9.999998421059349551e-01
9.353643420209403203e-01
9.999998795226355819e-01
9.412981242508794422e-01
3.626957384894869407e-01
9.566262820724837912e-01
3.470077481930840535e-01
9.239984259839540970e-01
9.999999791427123252e-01
3.822924863740896906e-01
9.129660995731228024e-01
9.149422167590128829e-01
3.627597262958018320e-01
9.405314267799966821e-01
3.649173751708811309e-01
3.342058587485360333e-01
9.999999366196457018e-01
9.999564705482569815e-01
9.404777364061372991e-01
9.999999232589583675e-01
9.998875873036109363e-01
9.999997591132289143e-01
3.742584542634213585e-01
9.245982791918326837e-01
9.999649053521740827e-01
3.411307417427160704e-01
9.999999151657784635e-01
9.943574639992306397e-01
3.626957328710939121e-01
3.726050686545869794e-01
9.999998837369006299e-01
9.999998800858880266e-01
9.402929051904554969e-01
3.774837097804299990e-01
3.752092969225562791e-01
2.347390020544088407e-01
9.999999910104341305e-01
9.161414311228670559e-01
2.419018028020803457e-01
9.404783362476069053e-01
9.685079447627479299e-01
9.385807295664634342e-01
9.267293633638706840e-01
3.760769495345516744e-01
9.344862338786220635e-01
9.999999200745113281e-01
9.999998421019046235e-01
9.219478475672994167e-01
9.233460254788395938e-01
1.317240076978268559e-01
9.999326343378206472e-01
9.404777364061372991e-01
9.999999918496432771e-01
9.210676263914739925e-01
3.656871070653265887e-01
3.678838996953470164e-01
9.999998227622831637e-01
3.108007489693851988e-01
9.412981242508785540e-01
9.999999740879155219e-01
6.651583778676170011e-01
6.590705909957164099e-01
6.499444755523937634e-01
6.791177558938398251e-01
6.618163615028110902e-01
6.583043381380273562e-01
6.656751677023790004e-01
6.418560998100478754e-01
6.466093377357693406e-01
6.684531980692475228e-01
6.495852290595581779e-01
6.431710091067176505e-01
6.505245055806198051e-01
6.673319441252535400e-01
6.461096412867467498e-01
6.561537839193728461e-01
6.528643606816189049e-01
6.493278352799738418e-01
6.604604572583882005e-01
6.454002445189011006e-01
6.610968367291844006e-01
6.179109331713701359e-01
6.377094347748515357e-01
6.306667392372846681e-01
6.648958171271672768e-01
6.708101096901835092e-01
6.415450051033875223e-01
6.414060516811442847e-01
6.328802423042229064e-01
6.533420441917071608e-01
6.392470586519291009e-01
6.812247095493204618e-01
6.529350456037618100e-01
6.587144551954794425e-01
6.458247800686059970e-01
6.582335059657626886e-01
6.298618920233498564e-01
6.751084473146414799e-01
6.473954339979171024e-01
6.656338766867920809e-01
6.485611419163644920e-01
6.771982089041133079e-01
6.454958039869654884e-01
6.735928282703702585e-01
6.424718623415466290e-01
6.603929831254876648e-01
6.419997459554541708e-01
6.786577381013332300e-01
6.639271729016068546e-01
6.344773025934574706e-01
6.520240761831561649e-01
6.455702097335548340e-01
6.486803456471714746e-01
6.531703290582926424e-01
6.506473234440952602e-01
6.525870482937529138e-01
6.688593171825053529e-01
6.558491873024283603e-01
6.513723189465312480e-01
6.239433089435567625e-01
6.690079672485039763e-01
6.771334273089876232e-01
6.505786119767585918e-01
6.608436470785516992e-01
6.366300757826066636e-01
6.682079340511689614e-01
6.561125843661909096e-01
6.692174920047716524e-01
6.554606252115349196e-01
6.730810521266563651e-01
6.500831100789288275e-01
6.352792852304461890e-01
6.726860267780556679e-01
6.473379723574123057e-01
6.617667931998545416e-01
6.582970989830393416e-01
6.414752509159221683e-01
6.625856338907337717e-01
6.718887670039949134e-01
6.576426893862539202e-01
6.436564274898748383e-01
6.748216261441818409e-01
6.610946263296786363e-01
6.626474541758295977e-01
6.679422000821079175e-01
6.622303061987697692e-01
6.463138874508578269e-01
6.615918146521868604e-01
6.611454974033654786e-01
6.622327508384896477e-01
6.696996955568597087e-01
6.709248258584959990e-01
6.708504776401577052e-01
6.501159904767611630e-01
6.587543326351542605e-01
6.403214874548890378e-01
6.533923946153169515e-01
6.451417903451184266e-01
6.637781790635985946e-01
6.350628142118887043e-01
6.575059668612500685e-01
6.435622590638869767e-01
6.587385867847934673e-01
6.689732296163756198e-01
6.515794827859254790e-01
6.500031804143107106e-01
6.558880989565473163e-01
6.513654689232726280e-01
6.548519530789884691e-01
6.609108163356639531e-01
6.699614319425978293e-01
6.441858638339126308e-01
6.645518409738281340e-01
6.373836806036746738e-01
6.614188141844837832e-01
6.617705205039267069e-01
6.525846462399237380e-01
6.615916170557873954e-01
6.376886737716247477e-01
6.645177719737560551e-01
6.625018752069151695e-01
6.559367080619418200e-01
6.411558007536141135e-01
6.555058098675331513e-01
6.651137879265299757e-01
6.470003816125795559e-01
6.567207998095749844e-01
6.635629771204326621e-01
8.212984523250450586e-01
7.882307207882415234e-01
8.107836093337318362e-01
7.890330728863726995e-01
8.026658067514141903e-01
8.195035088464001083e-01
8.185391826041098495e-01
8.139085683287838879e-01
7.831186433831670568e-01
7.959461365280879885e-01
7.929434833644838365e-01
7.814935219445398040e-01
7.218751558754606945e-01
7.452459985586190605e-01
7.775067734843987832e-01
7.824814652758729228e-01
8.093025073032517058e-01
7.898250584742729785e-01
7.749268808433676936e-01
7.863702840418254070e-01
7.741759396219966005e-01
7.921261541852553378e-01
7.754288490200087480e-01
8.217213031310480753e-01
7.832886821909404995e-01
7.764380881905356135e-01
8.095065553767811783e-01
7.642247662907537542e-01
7.992909126115995688e-01
7.842823194873378423e-01
7.462498508089379090e-01
7.620285795043894028e-01
7.894782102939079671e-01
7.958471583091988322e-01
8.038961997079657751e-01
7.673670123819593680e-01
7.805391452577227218e-01
8.020991065392381048e-01
8.275643329568999063e-01
7.549437760046672219e-01
7.794807295781335243e-01
7.864447225693753651e-01
8.228480769317882970e-01
7.822163498083990474e-01
8.045919149481983723e-01
8.061284338202744371e-01
8.030320891485928092e-01
8.099591802566046272e-01
8.043828974037338098e-01
8.023089079995859851e-01
8.121092615925579183e-01
8.071871176832725592e-01
7.634261349073775405e-01
8.040124334788447680e-01
7.882393241543343976e-01
7.570717826659286720e-01
7.693483644192921078e-01
7.597252465641776142e-01
8.001911880095968765e-01
8.008277030694745946e-01
7.828365386494605671e-01
7.690412622735131043e-01
7.568703805871188628e-01
7.875146746091582495e-01
7.360577257949146857e-01
7.155384661097164978e-01
7.167426054390038104e-01
7.152049801388689065e-01
7.178139307674094027e-01
7.280001114318704891e-01
7.222257119927315561e-01
7.331736057751990776e-01
7.241993491753592194e-01
7.333185381642355338e-01
7.056877931739093945e-01
7.526539875278839276e-01
6.991291342640388873e-01
7.140923019893151702e-01
7.294816304007347707e-01
7.224585809794838998e-01
7.361605075120198904e-01
7.133126902571388372e-01
7.057951431893013661e-01
7.364852048039653987e-01
7.007331216734065116e-01
7.404284610666388433e-01
7.155362787251667855e-01
7.217387969673277892e-01
7.022153611770630688e-01
7.384868358071289274e-01
7.144360450563537190e-01
7.208484707628293187e-01
7.333930219256777905e-01
7.204364178616559089e-01
7.128197970276043405e-01
7.331625591092099103e-01
7.405632216306718973e-01
7.100900949185798838e-01
7.079099910057272682e-01
7.143024067162329072e-01
7.240553261213118486e-01
7.199503270918643505e-01
7.152194058688722267e-01
7.174336645711948401e-01
7.284183864818849496e-01
7.046879968304003983e-01
7.120172848207537708e-01
7.126049599741637319e-01
7.336332976997107513e-01
7.109069656857630592e-01
7.103156650528589244e-01
7.277907648470750557e-01
7.374005010620434675e-01
7.314889572508173066e-01
7.354772222568840556e-01
7.367852025494140422e-01
7.186976731991018275e-01
7.350912213184784827e-01
7.187302830020646516e-01
7.086264178830876670e-01
7.129903913332060750e-01
7.441858363724743741e-01
7.223115978733863907e-01
7.352846053171547824e-01
7.132711190386913369e-01
7.433734902783157850e-01
7.199403262306655060e-01
7.155266478829626076e-01
7.385568024030303436e-01
