5.621765008533328167e-01
5.621765008533328167e-01
5.621765008533328167e-01
9.999999999923003813e-01
5.621765008533328167e-01
5.621765008533328167e-01
5.621765008533328167e-01
5.621765008533328167e-01
5.621765008533328167e-01
5.621765008533328167e-01
9.999999999923003813e-01
5.621765008533328167e-01
5.621765008533328167e-01
9.999999999923003813e-01
5.621765008533328167e-01
5.621765008533328167e-01
9.999999929538709864e-01
5.621765008533328167e-01
5.621765008533328167e-01
9.999999999923003813e-01
5.621765008533328167e-01
5.621765008533328167e-01
5.621765008533328167e-01
5.621765008533328167e-01
5.621765008533328167e-01
5.621765008533328167e-01
5.621765008533328167e-01
5.621765008533328167e-01
5.621765008533328167e-01
9.999999999923003813e-01
5.621765008533328167e-01
5.621765008533328167e-01
5.621765008533328167e-01
5.621765008533328167e-01
5.621765008533328167e-01
5.621765008533328167e-01
5.621765008533328167e-01
5.621765008533328167e-01
9.999999999923003813e-01
5.621765008533328167e-01
5.621765008533328167e-01
5.621765008533328167e-01
9.999999999923003813e-01
5.621765008533328167e-01
5.621765008533328167e-01
5.621765008533328167e-01
5.621765008533328167e-01
8.549389226392565266e-01
5.621765008533328167e-01
5.621765008533328167e-01
5.621765008533328167e-01
5.621765008533328167e-01
5.621765008533328167e-01
5.621765008533328167e-01
5.621765008533328167e-01
5.621765008533328167e-01
5.621765008533328167e-01
5.621765008533328167e-01
5.621765008533328167e-01
5.621765008533328167e-01
5.621765008533328167e-01
9.999999999923003813e-01
5.621765008533328167e-01
5.621765008533328167e-01
