5.621765007841653672e-01
9.999999999932207562e-01
5.621765007841653672e-01
5.621765007841653672e-01
5.621765007841653672e-01
5.621765007841653672e-01
9.999999999932207562e-01
5.621765007841653672e-01
5.621765007841653672e-01
5.621765007841653672e-01
5.621765007841653672e-01
9.999999999932207562e-01
5.621765007841653672e-01
5.621765007841653672e-01
5.621765007841653672e-01
5.621765007841653672e-01
5.621765007841653672e-01
5.621765007841653672e-01
5.621765007841653672e-01
5.621765007841653672e-01
5.621765007841653672e-01
5.621765007841653672e-01
5.621765007841653672e-01
9.999999999932207562e-01
5.621765007841653672e-01
5.621765007841653672e-01
9.685399512158804347e-01
5.621765007841653672e-01
5.621765007841653672e-01
5.621765007841653672e-01
9.999999999932207562e-01
5.621765007841653672e-01
5.621765007841653672e-01
9.999999999932207562e-01
5.621765007841653672e-01
5.621765007841653672e-01
5.621765007841653672e-01
5.621765007841653672e-01
5.621765007841653672e-01
5.621765007841653672e-01
5.621765007841653672e-01
9.999999999932207562e-01
5.621765007841653672e-01
9.999999999932207562e-01
5.621765007841653672e-01
9.999999999932207562e-01
5.621765007841653672e-01
5.621765007841653672e-01
5.621765007841653672e-01
9.999999999932207562e-01
9.999999999932207562e-01
5.621765007841653672e-01
5.621765007841653672e-01
5.621765007841653672e-01
5.621765007841653672e-01
9.999999999932207562e-01
5.621765007841653672e-01
5.621765007841653672e-01
5.621765007841653672e-01
5.621765007841653672e-01
5.621765007841653672e-01
5.621765007841653672e-01
5.621765007841653672e-01
5.621765007841653672e-01
