5.621765008027731492e-01
5.621765008027731492e-01
5.621765008027731492e-01
9.999999999928050887e-01
5.621765008027731492e-01
5.621765008027731492e-01
5.621765008027731492e-01
5.621765008027731492e-01
5.621765008027731492e-01
5.621765008027731492e-01
5.621765008027731492e-01
5.621765008027731492e-01
5.621765008027731492e-01
5.621765008027731492e-01
5.621765008027731492e-01
5.621765008027731492e-01
6.235294869913963201e-01
5.621765008027731492e-01
5.621765008027731492e-01
9.999999999928050887e-01
5.621765008027731492e-01
5.621765008027731492e-01
5.621765008027731492e-01
5.621765008027731492e-01
5.621765008027731492e-01
5.621765008027731492e-01
5.621765008027731492e-01
9.784411392416356712e-01
5.621765008027731492e-01
9.974583692525897938e-01
5.621765008027731492e-01
5.621765008027731492e-01
9.999999999928050887e-01
5.621765008027731492e-01
5.621765008027731492e-01
5.621765008027731492e-01
5.621765008027731492e-01
9.999999999928050887e-01
9.999999999928050887e-01
5.621765008027731492e-01
5.621765008027731492e-01
5.621765008027731492e-01
9.999999999928050887e-01
5.621765008027731492e-01
5.621765008027731492e-01
5.621765008027731492e-01
5.621765008027731492e-01
5.621765008027731492e-01
5.621765008027731492e-01
9.999999999928050887e-01
5.621765008027731492e-01
5.621765008027731492e-01
5.621765008027731492e-01
5.621765008027731492e-01
9.999999999928050887e-01
5.621765008027731492e-01
9.999999999928050887e-01
5.621765008027731492e-01
5.621765008027731492e-01
5.621765008027731492e-01
9.999999999928050887e-01
5.621765008027731492e-01
5.621765008027731492e-01
9.999999999928050887e-01
