9.999999999970135001e-01
5.621765004380838704e-01
5.621765004380838704e-01
9.999999999970135001e-01
5.621765004380838704e-01
5.621765004380838704e-01
5.621765004380838704e-01
9.999999999970135001e-01
5.621765004380838704e-01
5.621765004380838704e-01
5.621765004380838704e-01
9.999999999970135001e-01
5.621765004380838704e-01
5.621765004380838704e-01
5.621765004380838704e-01
5.621765004380838704e-01
9.999999999970135001e-01
9.999999999970135001e-01
9.999999999970135001e-01
5.621765004380838704e-01
5.621765004380838704e-01
5.621765004380838704e-01
9.999999999970135001e-01
5.621765004380838704e-01
9.999999999970135001e-01
5.621765004380838704e-01
5.621765004380838704e-01
9.999999999970135001e-01
5.621765004380838704e-01
9.999999999970135001e-01
5.621765004380838704e-01
5.621765004380838704e-01
5.621765004380838704e-01
5.621765004380838704e-01
5.621765004380838704e-01
5.621765004380838704e-01
5.621765004380838704e-01
7.868206480701235295e-01
5.621765004380838704e-01
5.621765004380838704e-01
5.621765004380838704e-01
9.999999999970135001e-01
9.999999999970135001e-01
5.621765004380838704e-01
5.621765004380838704e-01
9.999999999970135001e-01
5.621765004380838704e-01
5.621765004380838704e-01
5.621765004380838704e-01
5.621765004380838704e-01
5.621765004380838704e-01
5.621765004380838704e-01
5.621765004380838704e-01
5.621765004380838704e-01
9.999999999970135001e-01
9.999999999970135001e-01
5.621765004380838704e-01
5.621765004380838704e-01
5.621765004380838704e-01
5.621765004380838704e-01
5.621765004380838704e-01
5.621765004380838704e-01
5.621765004380838704e-01
5.621765004380838704e-01
