5.621765008076109460e-01
5.621765008076109460e-01
5.621765008076109460e-01
5.621765008076109460e-01
5.621765008076109460e-01
5.621765008076109460e-01
9.999999999926927341e-01
5.621765008076109460e-01
5.621765008076109460e-01
9.999999999926927341e-01
5.621765008076109460e-01
9.999999999926927341e-01
5.621765008076109460e-01
5.621765008076109460e-01
5.621765008076109460e-01
5.621765008076109460e-01
9.999999999926927341e-01
5.621765008076109460e-01
5.621765008076109460e-01
5.621765008076109460e-01
9.999999999926927341e-01
5.621765008076109460e-01
5.621765008076109460e-01
8.555766310745629433e-01
5.621765008076109460e-01
5.621765008076109460e-01
5.621765008076109460e-01
5.621765008076109460e-01
5.621765008076109460e-01
5.621765008076109460e-01
9.999999999797333228e-01
9.999999999926927341e-01
5.621765008076109460e-01
9.999999999926927341e-01
5.621765008076109460e-01
9.999999999926927341e-01
5.621765008076109460e-01
5.621765008076109460e-01
5.621765008076109460e-01
5.621765008076109460e-01
9.999999999926927341e-01
5.621765008076109460e-01
9.999999999926927341e-01
5.621765008076109460e-01
5.621765008076109460e-01
5.621765008076109460e-01
9.999999999926927341e-01
5.621765008076109460e-01
5.621765008076109460e-01
5.621765008076109460e-01
5.621765008076109460e-01
5.621765008076109460e-01
5.621765008076109460e-01
5.621765008076109460e-01
9.999999999926927341e-01
5.621765008076109460e-01
9.999999999926927341e-01
5.621765008076109460e-01
9.999999999926927341e-01
5.621765008076109460e-01
5.621765008076109460e-01
8.212603770384978574e-01
9.999999999926927341e-01
5.621765008076109460e-01
