9.999864214556524189e-01
5.621765007991710306e-01
5.621765007991710306e-01
5.621765007991710306e-01
5.621765007991710306e-01
5.621765007991710306e-01
9.999999999932549510e-01
9.999999966802997076e-01
9.999999755481260300e-01
5.621765007991710306e-01
5.621765007991710306e-01
5.621765007991710306e-01
5.621765007991710306e-01
7.489420393223599204e-01
5.621765007991710306e-01
5.621765007991710306e-01
5.621765007991710306e-01
5.621765007991710306e-01
5.621765007991710306e-01
5.621765007991710306e-01
5.621765007991710306e-01
5.621765007991710306e-01
5.621765007991710306e-01
5.621765007991710306e-01
9.996273823345598331e-01
5.621765007991710306e-01
5.621765007991710306e-01
5.621765007991710306e-01
5.621765007991710306e-01
5.621765007991710306e-01
5.621765007991710306e-01
9.999999999932549510e-01
9.999999999932549510e-01
5.621765007991710306e-01
5.621765007991710306e-01
5.621765007991710306e-01
9.999999999932549510e-01
9.999999999932549510e-01
9.999999999932549510e-01
5.621765007991710306e-01
5.621765007991710306e-01
9.999999999932549510e-01
9.999999999932549510e-01
5.621765007991710306e-01
5.621765007991710306e-01
5.621765007991710306e-01
9.999999999932549510e-01
5.621765007991710306e-01
5.621765007991710306e-01
9.999999999932549510e-01
9.999999999932549510e-01
5.621765007991710306e-01
5.621765007991710306e-01
5.621765007991710306e-01
5.621765007991710306e-01
9.999999999932549510e-01
5.621765007991710306e-01
9.999999998886064390e-01
5.621765007991710306e-01
5.621765007991710306e-01
9.999999999932549510e-01
5.621765007991710306e-01
9.999999999932549510e-01
5.621765007991710306e-01
