9.999999999923856464e-01
9.999999999923856464e-01
5.621765008094874450e-01
6.806370178840637220e-01
9.999999999923856464e-01
5.621765008094874450e-01
5.621765008094874450e-01
5.621765008094874450e-01
5.621765008094874450e-01
9.999999999923856464e-01
5.621765008094874450e-01
5.621765008094874450e-01
9.999999999923856464e-01
5.621765008094874450e-01
5.621765008094874450e-01
5.621765008094874450e-01
9.999999999923856464e-01
5.621765008094874450e-01
5.621765008094874450e-01
5.621765008094874450e-01
5.621765008094874450e-01
5.621765008094874450e-01
5.621765008094874450e-01
5.621765008094874450e-01
9.999999999923856464e-01
5.621765008094874450e-01
5.621765008094874450e-01
5.621765008094874450e-01
5.621765008094874450e-01
5.621765008094874450e-01
5.621765008094874450e-01
5.621765008094874450e-01
5.621765008094874450e-01
9.999999999923856464e-01
5.621765008094874450e-01
5.621765008094874450e-01
5.621765008094874450e-01
9.999999999923856464e-01
5.621765008094874450e-01
5.621765008094874450e-01
5.621765008094874450e-01
9.999999999923856464e-01
9.999999999923856464e-01
9.999999999923856464e-01
5.621765008094874450e-01
9.999999999923856464e-01
5.621765008094874450e-01
5.621765008094874450e-01
9.999999999923856464e-01
5.621765008094874450e-01
9.999999999923856464e-01
5.621765008094874450e-01
9.999999999873763201e-01
5.621765008094874450e-01
5.621765008094874450e-01
9.999999999923856464e-01
5.621765008094874450e-01
5.621765008094874450e-01
5.621765008094874450e-01
5.621765008094874450e-01
9.999999999923856464e-01
5.621765008094874450e-01
5.621765008094874450e-01
9.999999999923856464e-01
