5.621765008619504789e-01
5.621765008619504789e-01
5.621765008619504789e-01
9.999999999903148584e-01
5.621765008619504789e-01
5.621765008619504789e-01
9.999999999903148584e-01
5.621765008619504789e-01
5.621765008619504789e-01
5.621765008619504789e-01
9.999999999903148584e-01
9.999999999903148584e-01
5.621765008619504789e-01
5.621765008619504789e-01
5.621765008619504789e-01
5.621765008619504789e-01
9.999999999903148584e-01
5.621765008619504789e-01
9.999999999903148584e-01
5.621765008619504789e-01
5.621765008619504789e-01
5.621765008619504789e-01
5.621765008619504789e-01
5.621765008619504789e-01
5.621765008619504789e-01
9.999999999903148584e-01
5.621765008619504789e-01
5.621765008619504789e-01
9.999999999903148584e-01
9.999999999903148584e-01
5.621765008619504789e-01
5.621765008619504789e-01
5.621765008619504789e-01
5.621765008619504789e-01
5.621765008619504789e-01
5.621765008619504789e-01
9.999999999903148584e-01
5.621765008619504789e-01
5.621765008619504789e-01
5.621765008619504789e-01
5.621765008619504789e-01
9.999999998469277784e-01
5.621765008619504789e-01
5.621765008619504789e-01
9.999999999903148584e-01
9.999999999903148584e-01
5.621765008619504789e-01
9.999997724792757392e-01
5.621765008619504789e-01
9.999999999839654929e-01
5.621765008619504789e-01
5.621765008619504789e-01
5.621765008619504789e-01
5.621765008619504789e-01
5.621765008619504789e-01
5.621765008619504789e-01
9.774588937891911522e-01
9.999999999903148584e-01
5.621765008619504789e-01
9.999999999903148584e-01
5.621765008619504789e-01
5.621765008619504789e-01
9.999999999903148584e-01
5.621765008619504789e-01
