5.621765008343487802e-01
9.999999999926907357e-01
9.999999999926907357e-01
9.999999999926907357e-01
9.999999999926907357e-01
5.621765008343487802e-01
5.621765008343487802e-01
9.999999999926907357e-01
5.621765008343487802e-01
9.999999999926907357e-01
5.621765008343487802e-01
5.621765008343487802e-01
5.621765008343487802e-01
5.621765008343487802e-01
5.621765008343487802e-01
5.621765008343487802e-01
9.999999999926907357e-01
9.974819622776720518e-01
5.621765008343487802e-01
5.621765008343487802e-01
5.621765008343487802e-01
5.621765008343487802e-01
9.999999999926907357e-01
5.621765008343487802e-01
5.621765008343487802e-01
5.621765008343487802e-01
5.621765008343487802e-01
5.621765008343487802e-01
5.621765008343487802e-01
5.621765008343487802e-01
5.621765008343487802e-01
5.621765008343487802e-01
5.621765008343487802e-01
5.621765008343487802e-01
9.999999999926907357e-01
9.996166227261878978e-01
5.621765008343487802e-01
5.621765008343487802e-01
5.621765008343487802e-01
9.999987174801940881e-01
5.621765008343487802e-01
5.621765008343487802e-01
5.621765008343487802e-01
9.999999999926907357e-01
5.621765008343487802e-01
5.621765008343487802e-01
5.621765008343487802e-01
9.999999999926907357e-01
5.621765008343487802e-01
5.621765008343487802e-01
5.621765008343487802e-01
5.621765008343487802e-01
5.621765008343487802e-01
5.621765008343487802e-01
5.621765008343487802e-01
5.621765008343487802e-01
5.621765008343487802e-01
5.621765008343487802e-01
5.621765008343487802e-01
5.621765008343487802e-01
9.999999999926907357e-01
5.621765008343487802e-01
5.621765008343487802e-01
5.621765008343487802e-01
