9.999999999926589833e-01
5.621765008358881044e-01
5.621765008358881044e-01
9.999999999926589833e-01
5.621765008358881044e-01
5.621765008358881044e-01
5.621765008358881044e-01
9.999999999926589833e-01
5.621765008358881044e-01
5.621765008358881044e-01
5.621765008358881044e-01
5.621765008358881044e-01
5.621765008358881044e-01
5.621765008358881044e-01
5.621765008358881044e-01
5.621765008358881044e-01
5.621765008358881044e-01
9.999999999926589833e-01
5.621765008358881044e-01
5.621765008358881044e-01
5.621765008358881044e-01
5.621765008358881044e-01
5.621765008358881044e-01
9.999999999926589833e-01
5.621765008358881044e-01
5.621765008358881044e-01
5.621765008358881044e-01
9.423712550363447793e-01
5.621765008358881044e-01
5.621765008358881044e-01
5.621765008358881044e-01
5.621765008358881044e-01
9.999999999926589833e-01
5.621765008358881044e-01
5.621765008358881044e-01
5.621765008358881044e-01
5.621765008358881044e-01
9.999999999926589833e-01
5.621765008358881044e-01
5.621765008358881044e-01
9.999999999926589833e-01
5.621765008358881044e-01
5.621765008358881044e-01
5.621765008358881044e-01
9.645150946694035499e-01
5.621765008358881044e-01
5.621765008358881044e-01
5.621765008358881044e-01
5.621765008358881044e-01
9.999999999926589833e-01
5.621765008358881044e-01
5.621765008358881044e-01
5.621765008358881044e-01
5.621765008358881044e-01
5.621765008358881044e-01
5.621765008358881044e-01
5.621765008358881044e-01
5.621765008358881044e-01
5.621765008358881044e-01
5.621765008358881044e-01
5.621765008358881044e-01
5.621765008358881044e-01
5.621765008358881044e-01
5.621765008358881044e-01
9.999999999926589833e-01
