5.621765008533328167e-01
5.621765008533328167e-01
5.621765008533328167e-01
9.999999999923003813e-01
5.621765008533328167e-01
5.621765008533328167e-01
5.621765008533328167e-01
5.621765008533328167e-01
5.621765008533328167e-01
5.621765008533328167e-01
9.999999999923003813e-01
5.621765008533328167e-01
5.621765008533328167e-01
9.999999999923003813e-01
5.621765008533328167e-01
5.621765008533328167e-01
9.999999929538709864e-01
5.621765008533328167e-01
5.621765008533328167e-01
9.999999999923003813e-01
5.621765008533328167e-01
5.621765008533328167e-01
5.621765008533328167e-01
5.621765008533328167e-01
5.621765008533328167e-01
5.621765008533328167e-01
5.621765008533328167e-01
5.621765008533328167e-01
5.621765008533328167e-01
9.999999999923003813e-01
5.621765008533328167e-01
5.621765008533328167e-01
5.621765008533328167e-01
5.621765008533328167e-01
5.621765008533328167e-01
5.621765008533328167e-01
5.621765008533328167e-01
5.621765008533328167e-01
9.999999999923003813e-01
5.621765008533328167e-01
5.621765008533328167e-01
5.621765008533328167e-01
9.999999999923003813e-01
5.621765008533328167e-01
5.621765008533328167e-01
5.621765008533328167e-01
5.621765008533328167e-01
8.549389226392565266e-01
5.621765008533328167e-01
5.621765008533328167e-01
5.621765008533328167e-01
5.621765008533328167e-01
5.621765008533328167e-01
5.621765008533328167e-01
5.621765008533328167e-01
5.621765008533328167e-01
5.621765008533328167e-01
5.621765008533328167e-01
5.621765008533328167e-01
5.621765008533328167e-01
5.621765008533328167e-01
9.999999999923003813e-01
5.621765008533328167e-01
5.621765008533328167e-01
5.621765007841653672e-01
9.999999999932207562e-01
5.621765007841653672e-01
5.621765007841653672e-01
5.621765007841653672e-01
5.621765007841653672e-01
9.999999999932207562e-01
5.621765007841653672e-01
5.621765007841653672e-01
5.621765007841653672e-01
5.621765007841653672e-01
9.999999999932207562e-01
5.621765007841653672e-01
5.621765007841653672e-01
5.621765007841653672e-01
5.621765007841653672e-01
5.621765007841653672e-01
5.621765007841653672e-01
5.621765007841653672e-01
5.621765007841653672e-01
5.621765007841653672e-01
5.621765007841653672e-01
5.621765007841653672e-01
9.999999999932207562e-01
5.621765007841653672e-01
5.621765007841653672e-01
9.685399512158804347e-01
5.621765007841653672e-01
5.621765007841653672e-01
5.621765007841653672e-01
9.999999999932207562e-01
5.621765007841653672e-01
5.621765007841653672e-01
9.999999999932207562e-01
5.621765007841653672e-01
5.621765007841653672e-01
5.621765007841653672e-01
5.621765007841653672e-01
5.621765007841653672e-01
5.621765007841653672e-01
5.621765007841653672e-01
9.999999999932207562e-01
5.621765007841653672e-01
9.999999999932207562e-01
5.621765007841653672e-01
9.999999999932207562e-01
5.621765007841653672e-01
5.621765007841653672e-01
5.621765007841653672e-01
9.999999999932207562e-01
9.999999999932207562e-01
5.621765007841653672e-01
5.621765007841653672e-01
5.621765007841653672e-01
5.621765007841653672e-01
9.999999999932207562e-01
5.621765007841653672e-01
5.621765007841653672e-01
5.621765007841653672e-01
5.621765007841653672e-01
5.621765007841653672e-01
5.621765007841653672e-01
5.621765007841653672e-01
5.621765007841653672e-01
5.621765008027731492e-01
5.621765008027731492e-01
5.621765008027731492e-01
9.999999999928050887e-01
5.621765008027731492e-01
5.621765008027731492e-01
5.621765008027731492e-01
5.621765008027731492e-01
5.621765008027731492e-01
5.621765008027731492e-01
5.621765008027731492e-01
5.621765008027731492e-01
5.621765008027731492e-01
5.621765008027731492e-01
5.621765008027731492e-01
5.621765008027731492e-01
6.235294869913963201e-01
5.621765008027731492e-01
5.621765008027731492e-01
9.999999999928050887e-01
5.621765008027731492e-01
5.621765008027731492e-01
5.621765008027731492e-01
5.621765008027731492e-01
5.621765008027731492e-01
5.621765008027731492e-01
5.621765008027731492e-01
9.784411392416356712e-01
5.621765008027731492e-01
9.974583692525897938e-01
5.621765008027731492e-01
5.621765008027731492e-01
9.999999999928050887e-01
5.621765008027731492e-01
5.621765008027731492e-01
5.621765008027731492e-01
5.621765008027731492e-01
9.999999999928050887e-01
9.999999999928050887e-01
5.621765008027731492e-01
5.621765008027731492e-01
5.621765008027731492e-01
9.999999999928050887e-01
5.621765008027731492e-01
5.621765008027731492e-01
5.621765008027731492e-01
5.621765008027731492e-01
5.621765008027731492e-01
5.621765008027731492e-01
9.999999999928050887e-01
5.621765008027731492e-01
5.621765008027731492e-01
5.621765008027731492e-01
5.621765008027731492e-01
9.999999999928050887e-01
5.621765008027731492e-01
9.999999999928050887e-01
5.621765008027731492e-01
5.621765008027731492e-01
5.621765008027731492e-01
9.999999999928050887e-01
5.621765008027731492e-01
5.621765008027731492e-01
9.999999999928050887e-01
9.999999999970135001e-01
5.621765004380838704e-01
5.621765004380838704e-01
9.999999999970135001e-01
5.621765004380838704e-01
5.621765004380838704e-01
5.621765004380838704e-01
9.999999999970135001e-01
5.621765004380838704e-01
5.621765004380838704e-01
5.621765004380838704e-01
9.999999999970135001e-01
5.621765004380838704e-01
5.621765004380838704e-01
5.621765004380838704e-01
5.621765004380838704e-01
9.999999999970135001e-01
9.999999999970135001e-01
9.999999999970135001e-01
5.621765004380838704e-01
5.621765004380838704e-01
5.621765004380838704e-01
9.999999999970135001e-01
5.621765004380838704e-01
9.999999999970135001e-01
5.621765004380838704e-01
5.621765004380838704e-01
9.999999999970135001e-01
5.621765004380838704e-01
9.999999999970135001e-01
5.621765004380838704e-01
5.621765004380838704e-01
5.621765004380838704e-01
5.621765004380838704e-01
5.621765004380838704e-01
5.621765004380838704e-01
5.621765004380838704e-01
7.868206480701235295e-01
5.621765004380838704e-01
5.621765004380838704e-01
5.621765004380838704e-01
9.999999999970135001e-01
9.999999999970135001e-01
5.621765004380838704e-01
5.621765004380838704e-01
9.999999999970135001e-01
5.621765004380838704e-01
5.621765004380838704e-01
5.621765004380838704e-01
5.621765004380838704e-01
5.621765004380838704e-01
5.621765004380838704e-01
5.621765004380838704e-01
5.621765004380838704e-01
9.999999999970135001e-01
9.999999999970135001e-01
5.621765004380838704e-01
5.621765004380838704e-01
5.621765004380838704e-01
5.621765004380838704e-01
5.621765004380838704e-01
5.621765004380838704e-01
5.621765004380838704e-01
5.621765004380838704e-01
5.621765008076109460e-01
5.621765008076109460e-01
5.621765008076109460e-01
5.621765008076109460e-01
5.621765008076109460e-01
5.621765008076109460e-01
9.999999999926927341e-01
5.621765008076109460e-01
5.621765008076109460e-01
9.999999999926927341e-01
5.621765008076109460e-01
9.999999999926927341e-01
5.621765008076109460e-01
5.621765008076109460e-01
5.621765008076109460e-01
5.621765008076109460e-01
9.999999999926927341e-01
5.621765008076109460e-01
5.621765008076109460e-01
5.621765008076109460e-01
9.999999999926927341e-01
5.621765008076109460e-01
5.621765008076109460e-01
8.555766310745629433e-01
5.621765008076109460e-01
5.621765008076109460e-01
5.621765008076109460e-01
5.621765008076109460e-01
5.621765008076109460e-01
5.621765008076109460e-01
9.999999999797333228e-01
9.999999999926927341e-01
5.621765008076109460e-01
9.999999999926927341e-01
5.621765008076109460e-01
9.999999999926927341e-01
5.621765008076109460e-01
5.621765008076109460e-01
5.621765008076109460e-01
5.621765008076109460e-01
9.999999999926927341e-01
5.621765008076109460e-01
9.999999999926927341e-01
5.621765008076109460e-01
5.621765008076109460e-01
5.621765008076109460e-01
9.999999999926927341e-01
5.621765008076109460e-01
5.621765008076109460e-01
5.621765008076109460e-01
5.621765008076109460e-01
5.621765008076109460e-01
5.621765008076109460e-01
5.621765008076109460e-01
9.999999999926927341e-01
5.621765008076109460e-01
9.999999999926927341e-01
5.621765008076109460e-01
9.999999999926927341e-01
5.621765008076109460e-01
5.621765008076109460e-01
8.212603770384978574e-01
9.999999999926927341e-01
5.621765008076109460e-01
9.999864214556524189e-01
5.621765007991710306e-01
5.621765007991710306e-01
5.621765007991710306e-01
5.621765007991710306e-01
5.621765007991710306e-01
9.999999999932549510e-01
9.999999966802997076e-01
9.999999755481260300e-01
5.621765007991710306e-01
5.621765007991710306e-01
5.621765007991710306e-01
5.621765007991710306e-01
7.489420393223599204e-01
5.621765007991710306e-01
5.621765007991710306e-01
5.621765007991710306e-01
5.621765007991710306e-01
5.621765007991710306e-01
5.621765007991710306e-01
5.621765007991710306e-01
5.621765007991710306e-01
5.621765007991710306e-01
5.621765007991710306e-01
9.996273823345598331e-01
5.621765007991710306e-01
5.621765007991710306e-01
5.621765007991710306e-01
5.621765007991710306e-01
5.621765007991710306e-01
5.621765007991710306e-01
9.999999999932549510e-01
9.999999999932549510e-01
5.621765007991710306e-01
5.621765007991710306e-01
5.621765007991710306e-01
9.999999999932549510e-01
9.999999999932549510e-01
9.999999999932549510e-01
5.621765007991710306e-01
5.621765007991710306e-01
9.999999999932549510e-01
9.999999999932549510e-01
5.621765007991710306e-01
5.621765007991710306e-01
5.621765007991710306e-01
9.999999999932549510e-01
5.621765007991710306e-01
5.621765007991710306e-01
9.999999999932549510e-01
9.999999999932549510e-01
5.621765007991710306e-01
5.621765007991710306e-01
5.621765007991710306e-01
5.621765007991710306e-01
9.999999999932549510e-01
5.621765007991710306e-01
9.999999998886064390e-01
5.621765007991710306e-01
5.621765007991710306e-01
9.999999999932549510e-01
5.621765007991710306e-01
9.999999999932549510e-01
5.621765007991710306e-01
9.999999999923856464e-01
9.999999999923856464e-01
5.621765008094874450e-01
6.806370178840637220e-01
9.999999999923856464e-01
5.621765008094874450e-01
5.621765008094874450e-01
5.621765008094874450e-01
5.621765008094874450e-01
9.999999999923856464e-01
5.621765008094874450e-01
5.621765008094874450e-01
9.999999999923856464e-01
5.621765008094874450e-01
5.621765008094874450e-01
5.621765008094874450e-01
9.999999999923856464e-01
5.621765008094874450e-01
5.621765008094874450e-01
5.621765008094874450e-01
5.621765008094874450e-01
5.621765008094874450e-01
5.621765008094874450e-01
5.621765008094874450e-01
9.999999999923856464e-01
5.621765008094874450e-01
5.621765008094874450e-01
5.621765008094874450e-01
5.621765008094874450e-01
5.621765008094874450e-01
5.621765008094874450e-01
5.621765008094874450e-01
5.621765008094874450e-01
9.999999999923856464e-01
5.621765008094874450e-01
5.621765008094874450e-01
5.621765008094874450e-01
9.999999999923856464e-01
5.621765008094874450e-01
5.621765008094874450e-01
5.621765008094874450e-01
9.999999999923856464e-01
9.999999999923856464e-01
9.999999999923856464e-01
5.621765008094874450e-01
9.999999999923856464e-01
5.621765008094874450e-01
5.621765008094874450e-01
9.999999999923856464e-01
5.621765008094874450e-01
9.999999999923856464e-01
5.621765008094874450e-01
9.999999999873763201e-01
5.621765008094874450e-01
5.621765008094874450e-01
9.999999999923856464e-01
5.621765008094874450e-01
5.621765008094874450e-01
5.621765008094874450e-01
5.621765008094874450e-01
9.999999999923856464e-01
5.621765008094874450e-01
5.621765008094874450e-01
9.999999999923856464e-01
5.621765008619504789e-01
5.621765008619504789e-01
5.621765008619504789e-01
9.999999999903148584e-01
5.621765008619504789e-01
5.621765008619504789e-01
9.999999999903148584e-01
5.621765008619504789e-01
5.621765008619504789e-01
5.621765008619504789e-01
9.999999999903148584e-01
9.999999999903148584e-01
5.621765008619504789e-01
5.621765008619504789e-01
5.621765008619504789e-01
5.621765008619504789e-01
9.999999999903148584e-01
5.621765008619504789e-01
9.999999999903148584e-01
5.621765008619504789e-01
5.621765008619504789e-01
5.621765008619504789e-01
5.621765008619504789e-01
5.621765008619504789e-01
5.621765008619504789e-01
9.999999999903148584e-01
5.621765008619504789e-01
5.621765008619504789e-01
9.999999999903148584e-01
9.999999999903148584e-01
5.621765008619504789e-01
5.621765008619504789e-01
5.621765008619504789e-01
5.621765008619504789e-01
5.621765008619504789e-01
5.621765008619504789e-01
9.999999999903148584e-01
5.621765008619504789e-01
5.621765008619504789e-01
5.621765008619504789e-01
5.621765008619504789e-01
9.999999998469277784e-01
5.621765008619504789e-01
5.621765008619504789e-01
9.999999999903148584e-01
9.999999999903148584e-01
5.621765008619504789e-01
9.999997724792757392e-01
5.621765008619504789e-01
9.999999999839654929e-01
5.621765008619504789e-01
5.621765008619504789e-01
5.621765008619504789e-01
5.621765008619504789e-01
5.621765008619504789e-01
5.621765008619504789e-01
9.774588937891911522e-01
9.999999999903148584e-01
5.621765008619504789e-01
9.999999999903148584e-01
5.621765008619504789e-01
5.621765008619504789e-01
9.999999999903148584e-01
5.621765008619504789e-01
5.621765008343487802e-01
9.999999999926907357e-01
9.999999999926907357e-01
9.999999999926907357e-01
9.999999999926907357e-01
5.621765008343487802e-01
5.621765008343487802e-01
9.999999999926907357e-01
5.621765008343487802e-01
9.999999999926907357e-01
5.621765008343487802e-01
5.621765008343487802e-01
5.621765008343487802e-01
5.621765008343487802e-01
5.621765008343487802e-01
5.621765008343487802e-01
9.999999999926907357e-01
9.974819622776720518e-01
5.621765008343487802e-01
5.621765008343487802e-01
5.621765008343487802e-01
5.621765008343487802e-01
9.999999999926907357e-01
5.621765008343487802e-01
5.621765008343487802e-01
5.621765008343487802e-01
5.621765008343487802e-01
5.621765008343487802e-01
5.621765008343487802e-01
5.621765008343487802e-01
5.621765008343487802e-01
5.621765008343487802e-01
5.621765008343487802e-01
5.621765008343487802e-01
9.999999999926907357e-01
9.996166227261878978e-01
5.621765008343487802e-01
5.621765008343487802e-01
5.621765008343487802e-01
9.999987174801940881e-01
5.621765008343487802e-01
5.621765008343487802e-01
5.621765008343487802e-01
9.999999999926907357e-01
5.621765008343487802e-01
5.621765008343487802e-01
5.621765008343487802e-01
9.999999999926907357e-01
5.621765008343487802e-01
5.621765008343487802e-01
5.621765008343487802e-01
5.621765008343487802e-01
5.621765008343487802e-01
5.621765008343487802e-01
5.621765008343487802e-01
5.621765008343487802e-01
5.621765008343487802e-01
5.621765008343487802e-01
5.621765008343487802e-01
5.621765008343487802e-01
9.999999999926907357e-01
5.621765008343487802e-01
5.621765008343487802e-01
5.621765008343487802e-01
9.999999999926589833e-01
5.621765008358881044e-01
5.621765008358881044e-01
9.999999999926589833e-01
5.621765008358881044e-01
5.621765008358881044e-01
5.621765008358881044e-01
9.999999999926589833e-01
5.621765008358881044e-01
5.621765008358881044e-01
5.621765008358881044e-01
5.621765008358881044e-01
5.621765008358881044e-01
5.621765008358881044e-01
5.621765008358881044e-01
5.621765008358881044e-01
5.621765008358881044e-01
9.999999999926589833e-01
5.621765008358881044e-01
5.621765008358881044e-01
5.621765008358881044e-01
5.621765008358881044e-01
5.621765008358881044e-01
9.999999999926589833e-01
5.621765008358881044e-01
5.621765008358881044e-01
5.621765008358881044e-01
9.423712550363447793e-01
5.621765008358881044e-01
5.621765008358881044e-01
5.621765008358881044e-01
5.621765008358881044e-01
9.999999999926589833e-01
5.621765008358881044e-01
5.621765008358881044e-01
5.621765008358881044e-01
5.621765008358881044e-01
9.999999999926589833e-01
5.621765008358881044e-01
5.621765008358881044e-01
9.999999999926589833e-01
5.621765008358881044e-01
5.621765008358881044e-01
5.621765008358881044e-01
9.645150946694035499e-01
5.621765008358881044e-01
5.621765008358881044e-01
5.621765008358881044e-01
5.621765008358881044e-01
9.999999999926589833e-01
5.621765008358881044e-01
5.621765008358881044e-01
5.621765008358881044e-01
5.621765008358881044e-01
5.621765008358881044e-01
5.621765008358881044e-01
5.621765008358881044e-01
5.621765008358881044e-01
5.621765008358881044e-01
5.621765008358881044e-01
5.621765008358881044e-01
5.621765008358881044e-01
5.621765008358881044e-01
5.621765008358881044e-01
9.999999999926589833e-01
