1.000000000000000000e+00
9.999999998548392277e-01
2.852334777462092038e-36
4.118133124024289899e-24
1.000000000000000000e+00
9.072768077036245895e-46
1.000000000000000000e+00
9.999999931322913760e-01
1.000000000000000000e+00
1.000000000000000000e+00
1.000000000000000000e+00
4.724199501550400889e-37
1.000000000000000000e+00
1.000000000000000000e+00
9.999999999956232788e-01
1.521363557325873874e-45
5.213182455170091365e-41
5.289670315838177782e-32
1.000000000000000000e+00
1.137496270128578229e-42
1.967589967380915451e-37
1.000000000000000000e+00
9.999999999999751310e-01
2.001155535962608261e-44
2.956048399356632309e-10
3.884679824580363661e-45
1.000000000000000000e+00
1.279595164178359174e-46
1.000000000000000000e+00
9.999999955351757119e-01
9.999999999997888356e-01
9.999998363777197197e-01
2.215400131058337050e-43
2.447999444183828482e-26
1.000000000000000000e+00
9.982520603759845734e-01
4.258091227935687132e-28
1.000000000000000000e+00
9.266306525084521128e-01
1.000000000000000000e+00
9.963224994061731158e-41
1.000000000000000000e+00
4.337184572048777366e-45
3.888668996709415178e-41
7.677293881941976004e-38
6.029266777553203889e-39
3.772561156687402658e-45
1.000000000000000000e+00
1.000000000000000000e+00
5.753682245443169611e-22
1.265254998935620901e-36
1.107970126789478905e-43
5.879271054152054993e-30
4.182829959538303572e-47
3.846841547575471622e-34
1.000000000000000000e+00
5.082960899062881703e-45
4.042325410797937906e-33
3.698592699412717859e-13
4.549997669062388894e-01
1.000000000000000000e+00
3.153155938072572283e-06
5.275377912076383110e-48
1.000000000000000000e+00
