1.816775439690033756e-24
1.000000000000000000e+00
1.535375459194603434e-49
3.818637249284284476e-38
1.102513197555049438e-52
9.999999999999995559e-01
1.000000000000000000e+00
7.565099877832155494e-50
3.910735804631223515e-45
1.000000000000000000e+00
1.221898542300565872e-47
1.521009915519297840e-52
1.000000000000000000e+00
6.231679433675979873e-44
1.000000000000000000e+00
1.000000000000000000e+00
9.628322607171593344e-50
6.410145920149142534e-46
1.000000000000000000e+00
8.331621726222382095e-44
1.000000000000000000e+00
1.266986364598644241e-49
2.296869990475617994e-44
6.761639639250314986e-36
1.242995348032709935e-47
9.999999999999988898e-01
1.000000000000000000e+00
9.035653360224970526e-48
1.000000000000000000e+00
1.000000000000000000e+00
6.293547467645227761e-50
1.000000000000000000e+00
5.802042048947714023e-39
2.415404824492053823e-46
1.019118292439543609e-50
3.558845127115037654e-46
1.000000000000000000e+00
1.000000000000000000e+00
1.464197256715071181e-44
8.819839194236842784e-44
9.999999999999980016e-01
1.000000000000000000e+00
1.859844807511472975e-48
6.984718318077888433e-45
1.000000000000000000e+00
8.973495969785763939e-49
1.000000000000000000e+00
9.999999999929380934e-01
1.000000000000000000e+00
1.834160239094218205e-46
1.403909717087429267e-17
3.187416300677100087e-41
1.000000000000000000e+00
7.091704502559714069e-48
4.711721423449010048e-38
1.037617957989049873e-46
1.771452350322078164e-41
1.000000000000000000e+00
1.345230506693540948e-47
1.000000000000000000e+00
1.000000000000000000e+00
9.999999999991104893e-01
1.258067830500274512e-44
1.000000000000000000e+00
