1.000000000000000000e+00
9.105451620375143770e-47
5.743572628603987760e-44
4.052312205585494437e-43
1.514957876155975529e-48
1.000000000000000000e+00
1.000000000000000000e+00
1.000000000000000000e+00
1.000000000000000000e+00
1.000000000000000000e+00
1.000000000000000000e+00
7.885402036558988163e-47
1.000000000000000000e+00
5.257162091749235736e-35
3.652082136034834422e-47
9.999987394785130324e-01
1.000000000000000000e+00
2.677541119331862343e-41
1.235551740061743145e-29
1.280215956721992294e-36
2.107414837819358299e-44
6.398785588572114423e-48
8.775245393891309324e-39
2.726483573668085261e-48
5.724388740983843360e-33
8.978831043854426723e-47
1.000000000000000000e+00
6.187516902782908905e-46
1.000000000000000000e+00
1.000000000000000000e+00
1.000000000000000000e+00
1.000000000000000000e+00
1.000000000000000000e+00
1.000000000000000000e+00
1.000000000000000000e+00
7.434115927424290874e-31
1.515222797376594128e-48
1.000000000000000000e+00
1.892013842221434746e-33
1.000000000000000000e+00
8.654278942648519494e-41
1.000000000000000000e+00
2.051195163732909385e-35
2.145603867400741920e-48
1.000000000000000000e+00
8.334996222442012743e-38
1.230258256615450026e-45
1.000000000000000000e+00
9.404899041145761588e-43
2.576084690874318151e-47
2.356973339596575837e-46
9.053134253321874499e-41
1.000000000000000000e+00
1.000000000000000000e+00
3.196873545165488959e-49
1.744401035011639313e-41
3.089489581089177146e-31
1.000000000000000000e+00
1.000000000000000000e+00
1.431039231944103350e-46
1.000000000000000000e+00
1.000000000000000000e+00
1.074769056685164305e-28
6.080176278254946408e-40
