1.000000000000000000e+00
1.778963959138219077e-35
1.000000000000000000e+00
8.884120753838600613e-36
1.000000000000000000e+00
2.468348851103908747e-38
1.026924431990612890e-40
8.128151547847559573e-45
1.000000000000000000e+00
5.587163951059219598e-44
6.781762809852532964e-31
1.676809053890034776e-46
1.224483412418904872e-43
8.734575572574485120e-17
9.999999997806496843e-01
1.019156595803513600e-44
1.539040079810459136e-35
9.999999988802281692e-01
9.999999999999980016e-01
1.000000000000000000e+00
7.648669514523533156e-40
1.000000000000000000e+00
1.000000000000000000e+00
1.000000000000000000e+00
1.000000000000000000e+00
7.968544146138702380e-45
1.521852944357365389e-42
9.999999999998803180e-01
8.255867625955518780e-29
2.911030285279649541e-36
9.999999999999231726e-01
1.048419040070951027e-45
3.340056355450275247e-16
4.923844279298488855e-37
1.000000000000000000e+00
2.995101466458808219e-43
1.000000000000000000e+00
1.000000000000000000e+00
9.999998410790539305e-01
1.000000000000000000e+00
2.624364312550641837e-34
6.371816618811435308e-45
1.978792432744515322e-45
9.999999999999888978e-01
1.000000000000000000e+00
9.999999999963471442e-01
1.809126395150205839e-45
1.000000000000000000e+00
8.245410089055733980e-45
1.000000000000000000e+00
3.473939044628176572e-23
1.000000000000000000e+00
1.010028983376362869e-45
1.000000000000000000e+00
1.846417219182069220e-40
9.999999999999991118e-01
2.280035633161185985e-44
1.057571107265497999e-16
2.613547659550999677e-42
9.999999999987041477e-01
1.000000000000000000e+00
3.275839859264103235e-44
1.000000000000000000e+00
1.000000000000000000e+00
