3.858089752287989189e-44
1.000000000000000000e+00
3.469868684918671400e-49
8.050892630180180438e-48
9.869410400262715877e-01
1.000000000000000000e+00
8.524537618333570504e-50
5.862503522321511485e-51
2.520979179833431373e-16
1.000000000000000000e+00
1.318623306361687184e-49
9.999999999960023089e-01
1.000000000000000000e+00
1.000000000000000000e+00
1.000000000000000000e+00
9.038180383313596530e-48
8.771116972714320776e-45
1.015505733873737525e-49
9.266259335863353378e-49
1.000000000000000000e+00
1.000000000000000000e+00
1.000000000000000000e+00
1.000000000000000000e+00
1.000000000000000000e+00
1.000000000000000000e+00
3.759566204270904099e-50
1.000000000000000000e+00
1.491693929460896310e-35
9.999999984137264430e-01
1.000000000000000000e+00
4.443306674865406639e-50
6.362209272459368060e-47
6.812830516925584651e-49
1.000000000000000000e+00
9.372984786435457100e-38
1.000000000000000000e+00
1.827149741928565802e-24
9.999999866085451661e-01
1.000000000000000000e+00
1.000000000000000000e+00
9.807813087836117397e-37
1.000000000000000000e+00
1.000000000000000000e+00
1.000000000000000000e+00
1.902564219517146483e-47
1.930053368083596013e-47
1.000000000000000000e+00
8.996144022091473105e-44
9.312439995102841278e-49
7.446678318670698066e-46
1.000000000000000000e+00
1.335534952831905719e-49
3.427763953373532704e-46
1.165331753306756297e-50
9.999999999999835687e-01
1.000000000000000000e+00
1.000000000000000000e+00
1.000000000000000000e+00
1.000000000000000000e+00
1.000000000000000000e+00
9.537849755336766916e-47
1.000000000000000000e+00
2.298349913481239105e-46
2.837067800811243016e-11
3.179200379767546295e-47
