1.000000000000000000e+00
7.811206860569971597e-46
1.184611942700576548e-35
5.740262323132174148e-44
2.746657332785653336e-48
8.307317741701792183e-35
1.490701037376420001e-43
1.000000000000000000e+00
5.863043197302159461e-47
1.000000000000000000e+00
9.973991943865985199e-01
8.126344132505250839e-34
1.000000000000000000e+00
1.760615351035248279e-46
1.922241688364631123e-25
1.000000000000000000e+00
3.841669980025750503e-46
5.521465265926445257e-05
2.062567811159401874e-46
1.000000000000000000e+00
1.000000000000000000e+00
5.362983424630243424e-35
2.316430781651390225e-37
7.399479801164046924e-24
1.312063064596347450e-41
9.236459807106172171e-43
5.222433798024486392e-11
9.994931203828577582e-01
9.551309885879307904e-32
9.999999999753643731e-01
6.809300509796014271e-41
2.024049137036214350e-48
1.000000000000000000e+00
1.000000000000000000e+00
1.000000000000000000e+00
1.000000000000000000e+00
1.000000000000000000e+00
1.000000000000000000e+00
2.684228621458574348e-45
2.243855730462636795e-44
4.604073945406188523e-47
3.430975349423538728e-39
5.538238290918773982e-14
4.017701337559301894e-32
1.000000000000000000e+00
6.656725343286924879e-41
3.768566530010803525e-47
9.639008516243671651e-48
9.720890506020254686e-44
1.000000000000000000e+00
1.000000000000000000e+00
3.013589852791207026e-46
1.000000000000000000e+00
3.060526956820743341e-03
1.000000000000000000e+00
1.000000000000000000e+00
6.205217104843865799e-43
6.015430994251965732e-47
1.000000000000000000e+00
1.000000000000000000e+00
5.312780112720682848e-44
1.000000000000000000e+00
1.000000000000000000e+00
5.223930130356439761e-37
