2.938361958114745121e-46
1.846485511731020490e-41
1.000000000000000000e+00
1.000000000000000000e+00
1.000000000000000000e+00
1.229582449802130355e-46
1.000000000000000000e+00
2.543865943726890383e-47
1.000000000000000000e+00
8.564758583688933943e-46
2.375144567349127612e-41
2.096234912103232987e-42
1.000000000000000000e+00
1.000000000000000000e+00
1.000000000000000000e+00
1.000000000000000000e+00
8.702412129719653274e-42
1.000000000000000000e+00
1.000000000000000000e+00
1.000000000000000000e+00
3.603666639432670162e-33
1.716821840779439696e-48
1.000000000000000000e+00
8.375015547249263093e-45
1.000000000000000000e+00
1.000000000000000000e+00
9.999999999978812504e-01
1.000000000000000000e+00
3.048619065930496925e-48
1.000000000000000000e+00
9.999990812726547995e-01
1.617771400737566544e-44
1.000000000000000000e+00
1.000000000000000000e+00
3.375493792774972837e-46
1.000000000000000000e+00
1.000000000000000000e+00
1.823990396636547427e-48
2.926830580063025841e-43
1.000000000000000000e+00
1.411080597354244754e-48
1.825155445033299560e-47
2.056015739244066596e-30
5.817615892666582270e-44
5.963556867348915190e-38
1.000000000000000000e+00
3.559262612900963937e-43
1.000000000000000000e+00
2.787509525874539031e-45
4.085627209575609054e-46
1.797987252760553884e-33
1.439061100284896193e-08
1.187624127861076294e-48
1.000000000000000000e+00
6.126737798041163371e-38
4.499716156057842030e-32
6.346783111746821522e-41
1.000000000000000000e+00
1.000000000000000000e+00
1.000000000000000000e+00
2.006700922790957630e-46
1.509553121793124524e-47
1.000000000000000000e+00
7.655994567472390954e-49
