4.916789655441527709e-44
1.000000000000000000e+00
1.000000000000000000e+00
1.000000000000000000e+00
1.000000000000000000e+00
3.423611931535877941e-47
2.695512347626318361e-07
6.327987751634346378e-50
1.475267400423106818e-47
9.999997761734656931e-01
1.000000000000000000e+00
1.000000000000000000e+00
3.052521568945937158e-44
1.000000000000000000e+00
5.348912776384756736e-39
1.000000000000000000e+00
1.000000000000000000e+00
1.000000000000000000e+00
1.000000000000000000e+00
1.000000000000000000e+00
1.128969164007464600e-43
1.491824283573318738e-47
1.000000000000000000e+00
1.000000000000000000e+00
1.000000000000000000e+00
7.581877733623758698e-48
2.985835937514223940e-42
1.000000000000000000e+00
1.000000000000000000e+00
1.000000000000000000e+00
1.000000000000000000e+00
6.471365592871670602e-51
1.604459278415151584e-41
1.000000000000000000e+00
3.952232406866693837e-31
1.000000000000000000e+00
1.000000000000000000e+00
3.012569354548229623e-47
4.998723442411422786e-38
1.419380394357413870e-45
1.809190226476149265e-48
7.630369538818914860e-47
2.309868580143704734e-47
4.762735872814098874e-34
1.908470403941479118e-49
1.000000000000000000e+00
1.000000000000000000e+00
1.000000000000000000e+00
3.586110312141630824e-49
1.786612672683330093e-44
5.761674770014229047e-47
2.314083949470111339e-39
1.000000000000000000e+00
1.000000000000000000e+00
1.028963597560929827e-46
7.633525017917407183e-42
3.982555819351458587e-43
9.999999999999984457e-01
1.668572300545761719e-47
5.832384975924106124e-20
1.697312501670622052e-30
5.844029590155629551e-43
4.336913992477499727e-49
8.936564001308563721e-45
