1.483188199860657903e-33
8.586078674281190233e-35
9.999925201373398576e-01
9.999999999999835687e-01
9.999999999999977796e-01
9.999988069314066363e-01
9.999999947834028458e-01
9.999999999999982236e-01
6.526883248069929033e-01
9.999999967520649680e-01
1.338479686934271430e-36
7.761772610091200401e-35
8.680650446043354053e-28
5.589425930844467334e-06
1.933359098767873985e-37
9.999905875488680485e-01
3.017496491669230055e-08
7.815701144171354824e-32
9.999999999999127365e-01
7.176709040882656273e-38
4.399047288769568024e-36
1.000000000000000000e+00
3.717877770297632343e-35
6.653081849756424804e-01
2.752923231550648475e-35
5.371046613185062803e-37
9.556124097819231888e-01
3.784646926915474774e-02
1.489199000534620992e-33
9.999999999999320544e-01
1.000000000000000000e+00
1.000000000000000000e+00
9.999999999999997780e-01
4.675557016958338457e-16
1.156855909586175738e-06
1.777219529419166071e-33
9.999999999984789945e-01
3.041501446967305583e-33
9.999999985955849713e-01
1.000000000000000000e+00
4.553672423084671338e-05
9.999995798875063180e-01
1.000000000000000000e+00
9.999999999992448263e-01
9.999999999999997780e-01
4.668169183024539571e-32
1.000000000000000000e+00
1.052281011484578621e-34
7.725656400993068193e-28
9.999984163773539825e-01
9.999999999998914202e-01
3.262929376353038145e-27
1.000000000000000000e+00
9.999999995026118693e-01
9.999999999999951150e-01
5.618977394619092707e-34
9.984784292616609713e-01
3.098496063782783577e-32
5.531961076000016156e-05
2.511738325385392441e-36
9.999983417094541194e-01
1.134988398034561371e-34
9.999999859699983951e-01
4.868096332802112599e-18
