1.000000000000000000e+00
1.000000000000000000e+00
9.999991966929249188e-01
1.063204444599833965e-14
9.984301836668663669e-41
3.761824379994276122e-38
1.893410775534621230e-42
9.999999999999997780e-01
3.115817691775658505e-42
9.771823290589757744e-41
9.999999999999984457e-01
8.721544660182933839e-01
1.000000000000000000e+00
2.060844796551392216e-39
1.000000000000000000e+00
1.016884565659577692e-43
4.545286139472841487e-42
9.999999999999016342e-01
1.028524804121135252e-42
4.785250017069466195e-43
2.601000688162430063e-36
9.999999999930149208e-01
9.787667164774257938e-42
1.000000000000000000e+00
3.427113520723852891e-01
1.000000000000000000e+00
9.999999997182509315e-01
2.756541305236070784e-42
3.447627640123565801e-38
3.138563789040249378e-41
1.613159922273556092e-42
1.000000000000000000e+00
1.000000000000000000e+00
7.333160664018440070e-39
1.000000000000000000e+00
1.236214268910992745e-38
1.547408012525784671e-39
1.000000000000000000e+00
1.000000000000000000e+00
1.000000000000000000e+00
8.018489414435099663e-44
1.000000000000000000e+00
9.876377026092714712e-41
5.182069823748395450e-42
9.999999999901454384e-01
1.000000000000000000e+00
9.999999999999984457e-01
6.252443056511965955e-42
1.365346451941253998e-40
1.359694375281330161e-36
1.000000000000000000e+00
1.365952758517108110e-42
3.313556456081463952e-39
1.205842945551534870e-39
7.791778976151593027e-37
2.778142424267773629e-03
5.094308168436211274e-43
6.235810321495920394e-41
1.996401503677803187e-38
1.000000000000000000e+00
1.000000000000000000e+00
1.000000000000000000e+00
1.000000000000000000e+00
9.999999999990467625e-01
2.220101300334733454e-28
