1.000000000000000000e+00
9.999999998548392277e-01
2.852334777462092038e-36
4.118133124024289899e-24
1.000000000000000000e+00
9.072768077036245895e-46
1.000000000000000000e+00
9.999999931322913760e-01
1.000000000000000000e+00
1.000000000000000000e+00
1.000000000000000000e+00
4.724199501550400889e-37
1.000000000000000000e+00
1.000000000000000000e+00
9.999999999956232788e-01
1.521363557325873874e-45
5.213182455170091365e-41
5.289670315838177782e-32
1.000000000000000000e+00
1.137496270128578229e-42
1.967589967380915451e-37
1.000000000000000000e+00
9.999999999999751310e-01
2.001155535962608261e-44
2.956048399356632309e-10
3.884679824580363661e-45
1.000000000000000000e+00
1.279595164178359174e-46
1.000000000000000000e+00
9.999999955351757119e-01
9.999999999997888356e-01
9.999998363777197197e-01
2.215400131058337050e-43
2.447999444183828482e-26
1.000000000000000000e+00
9.982520603759845734e-01
4.258091227935687132e-28
1.000000000000000000e+00
9.266306525084521128e-01
1.000000000000000000e+00
9.963224994061731158e-41
1.000000000000000000e+00
4.337184572048777366e-45
3.888668996709415178e-41
7.677293881941976004e-38
6.029266777553203889e-39
3.772561156687402658e-45
1.000000000000000000e+00
1.000000000000000000e+00
5.753682245443169611e-22
1.265254998935620901e-36
1.107970126789478905e-43
5.879271054152054993e-30
4.182829959538303572e-47
3.846841547575471622e-34
1.000000000000000000e+00
5.082960899062881703e-45
4.042325410797937906e-33
3.698592699412717859e-13
4.549997669062388894e-01
1.000000000000000000e+00
3.153155938072572283e-06
5.275377912076383110e-48
1.000000000000000000e+00
1.816775439690033756e-24
1.000000000000000000e+00
1.535375459194603434e-49
3.818637249284284476e-38
1.102513197555049438e-52
9.999999999999995559e-01
1.000000000000000000e+00
7.565099877832155494e-50
3.910735804631223515e-45
1.000000000000000000e+00
1.221898542300565872e-47
1.521009915519297840e-52
1.000000000000000000e+00
6.231679433675979873e-44
1.000000000000000000e+00
1.000000000000000000e+00
9.628322607171593344e-50
6.410145920149142534e-46
1.000000000000000000e+00
8.331621726222382095e-44
1.000000000000000000e+00
1.266986364598644241e-49
2.296869990475617994e-44
6.761639639250314986e-36
1.242995348032709935e-47
9.999999999999988898e-01
1.000000000000000000e+00
9.035653360224970526e-48
1.000000000000000000e+00
1.000000000000000000e+00
6.293547467645227761e-50
1.000000000000000000e+00
5.802042048947714023e-39
2.415404824492053823e-46
1.019118292439543609e-50
3.558845127115037654e-46
1.000000000000000000e+00
1.000000000000000000e+00
1.464197256715071181e-44
8.819839194236842784e-44
9.999999999999980016e-01
1.000000000000000000e+00
1.859844807511472975e-48
6.984718318077888433e-45
1.000000000000000000e+00
8.973495969785763939e-49
1.000000000000000000e+00
9.999999999929380934e-01
1.000000000000000000e+00
1.834160239094218205e-46
1.403909717087429267e-17
3.187416300677100087e-41
1.000000000000000000e+00
7.091704502559714069e-48
4.711721423449010048e-38
1.037617957989049873e-46
1.771452350322078164e-41
1.000000000000000000e+00
1.345230506693540948e-47
1.000000000000000000e+00
1.000000000000000000e+00
9.999999999991104893e-01
1.258067830500274512e-44
1.000000000000000000e+00
1.000000000000000000e+00
9.105451620375143770e-47
5.743572628603987760e-44
4.052312205585494437e-43
1.514957876155975529e-48
1.000000000000000000e+00
1.000000000000000000e+00
1.000000000000000000e+00
1.000000000000000000e+00
1.000000000000000000e+00
1.000000000000000000e+00
7.885402036558988163e-47
1.000000000000000000e+00
5.257162091749235736e-35
3.652082136034834422e-47
9.999987394785130324e-01
1.000000000000000000e+00
2.677541119331862343e-41
1.235551740061743145e-29
1.280215956721992294e-36
2.107414837819358299e-44
6.398785588572114423e-48
8.775245393891309324e-39
2.726483573668085261e-48
5.724388740983843360e-33
8.978831043854426723e-47
1.000000000000000000e+00
6.187516902782908905e-46
1.000000000000000000e+00
1.000000000000000000e+00
1.000000000000000000e+00
1.000000000000000000e+00
1.000000000000000000e+00
1.000000000000000000e+00
1.000000000000000000e+00
7.434115927424290874e-31
1.515222797376594128e-48
1.000000000000000000e+00
1.892013842221434746e-33
1.000000000000000000e+00
8.654278942648519494e-41
1.000000000000000000e+00
2.051195163732909385e-35
2.145603867400741920e-48
1.000000000000000000e+00
8.334996222442012743e-38
1.230258256615450026e-45
1.000000000000000000e+00
9.404899041145761588e-43
2.576084690874318151e-47
2.356973339596575837e-46
9.053134253321874499e-41
1.000000000000000000e+00
1.000000000000000000e+00
3.196873545165488959e-49
1.744401035011639313e-41
3.089489581089177146e-31
1.000000000000000000e+00
1.000000000000000000e+00
1.431039231944103350e-46
1.000000000000000000e+00
1.000000000000000000e+00
1.074769056685164305e-28
6.080176278254946408e-40
1.000000000000000000e+00
1.778963959138219077e-35
1.000000000000000000e+00
8.884120753838600613e-36
1.000000000000000000e+00
2.468348851103908747e-38
1.026924431990612890e-40
8.128151547847559573e-45
1.000000000000000000e+00
5.587163951059219598e-44
6.781762809852532964e-31
1.676809053890034776e-46
1.224483412418904872e-43
8.734575572574485120e-17
9.999999997806496843e-01
1.019156595803513600e-44
1.539040079810459136e-35
9.999999988802281692e-01
9.999999999999980016e-01
1.000000000000000000e+00
7.648669514523533156e-40
1.000000000000000000e+00
1.000000000000000000e+00
1.000000000000000000e+00
1.000000000000000000e+00
7.968544146138702380e-45
1.521852944357365389e-42
9.999999999998803180e-01
8.255867625955518780e-29
2.911030285279649541e-36
9.999999999999231726e-01
1.048419040070951027e-45
3.340056355450275247e-16
4.923844279298488855e-37
1.000000000000000000e+00
2.995101466458808219e-43
1.000000000000000000e+00
1.000000000000000000e+00
9.999998410790539305e-01
1.000000000000000000e+00
2.624364312550641837e-34
6.371816618811435308e-45
1.978792432744515322e-45
9.999999999999888978e-01
1.000000000000000000e+00
9.999999999963471442e-01
1.809126395150205839e-45
1.000000000000000000e+00
8.245410089055733980e-45
1.000000000000000000e+00
3.473939044628176572e-23
1.000000000000000000e+00
1.010028983376362869e-45
1.000000000000000000e+00
1.846417219182069220e-40
9.999999999999991118e-01
2.280035633161185985e-44
1.057571107265497999e-16
2.613547659550999677e-42
9.999999999987041477e-01
1.000000000000000000e+00
3.275839859264103235e-44
1.000000000000000000e+00
1.000000000000000000e+00
3.858089752287989189e-44
1.000000000000000000e+00
3.469868684918671400e-49
8.050892630180180438e-48
9.869410400262715877e-01
1.000000000000000000e+00
8.524537618333570504e-50
5.862503522321511485e-51
2.520979179833431373e-16
1.000000000000000000e+00
1.318623306361687184e-49
9.999999999960023089e-01
1.000000000000000000e+00
1.000000000000000000e+00
1.000000000000000000e+00
9.038180383313596530e-48
8.771116972714320776e-45
1.015505733873737525e-49
9.266259335863353378e-49
1.000000000000000000e+00
1.000000000000000000e+00
1.000000000000000000e+00
1.000000000000000000e+00
1.000000000000000000e+00
1.000000000000000000e+00
3.759566204270904099e-50
1.000000000000000000e+00
1.491693929460896310e-35
9.999999984137264430e-01
1.000000000000000000e+00
4.443306674865406639e-50
6.362209272459368060e-47
6.812830516925584651e-49
1.000000000000000000e+00
9.372984786435457100e-38
1.000000000000000000e+00
1.827149741928565802e-24
9.999999866085451661e-01
1.000000000000000000e+00
1.000000000000000000e+00
9.807813087836117397e-37
1.000000000000000000e+00
1.000000000000000000e+00
1.000000000000000000e+00
1.902564219517146483e-47
1.930053368083596013e-47
1.000000000000000000e+00
8.996144022091473105e-44
9.312439995102841278e-49
7.446678318670698066e-46
1.000000000000000000e+00
1.335534952831905719e-49
3.427763953373532704e-46
1.165331753306756297e-50
9.999999999999835687e-01
1.000000000000000000e+00
1.000000000000000000e+00
1.000000000000000000e+00
1.000000000000000000e+00
1.000000000000000000e+00
9.537849755336766916e-47
1.000000000000000000e+00
2.298349913481239105e-46
2.837067800811243016e-11
3.179200379767546295e-47
1.000000000000000000e+00
7.811206860569971597e-46
1.184611942700576548e-35
5.740262323132174148e-44
2.746657332785653336e-48
8.307317741701792183e-35
1.490701037376420001e-43
1.000000000000000000e+00
5.863043197302159461e-47
1.000000000000000000e+00
9.973991943865985199e-01
8.126344132505250839e-34
1.000000000000000000e+00
1.760615351035248279e-46
1.922241688364631123e-25
1.000000000000000000e+00
3.841669980025750503e-46
5.521465265926445257e-05
2.062567811159401874e-46
1.000000000000000000e+00
1.000000000000000000e+00
5.362983424630243424e-35
2.316430781651390225e-37
7.399479801164046924e-24
1.312063064596347450e-41
9.236459807106172171e-43
5.222433798024486392e-11
9.994931203828577582e-01
9.551309885879307904e-32
9.999999999753643731e-01
6.809300509796014271e-41
2.024049137036214350e-48
1.000000000000000000e+00
1.000000000000000000e+00
1.000000000000000000e+00
1.000000000000000000e+00
1.000000000000000000e+00
1.000000000000000000e+00
2.684228621458574348e-45
2.243855730462636795e-44
4.604073945406188523e-47
3.430975349423538728e-39
5.538238290918773982e-14
4.017701337559301894e-32
1.000000000000000000e+00
6.656725343286924879e-41
3.768566530010803525e-47
9.639008516243671651e-48
9.720890506020254686e-44
1.000000000000000000e+00
1.000000000000000000e+00
3.013589852791207026e-46
1.000000000000000000e+00
3.060526956820743341e-03
1.000000000000000000e+00
1.000000000000000000e+00
6.205217104843865799e-43
6.015430994251965732e-47
1.000000000000000000e+00
1.000000000000000000e+00
5.312780112720682848e-44
1.000000000000000000e+00
1.000000000000000000e+00
5.223930130356439761e-37
2.938361958114745121e-46
1.846485511731020490e-41
1.000000000000000000e+00
1.000000000000000000e+00
1.000000000000000000e+00
1.229582449802130355e-46
1.000000000000000000e+00
2.543865943726890383e-47
1.000000000000000000e+00
8.564758583688933943e-46
2.375144567349127612e-41
2.096234912103232987e-42
1.000000000000000000e+00
1.000000000000000000e+00
1.000000000000000000e+00
1.000000000000000000e+00
8.702412129719653274e-42
1.000000000000000000e+00
1.000000000000000000e+00
1.000000000000000000e+00
3.603666639432670162e-33
1.716821840779439696e-48
1.000000000000000000e+00
8.375015547249263093e-45
1.000000000000000000e+00
1.000000000000000000e+00
9.999999999978812504e-01
1.000000000000000000e+00
3.048619065930496925e-48
1.000000000000000000e+00
9.999990812726547995e-01
1.617771400737566544e-44
1.000000000000000000e+00
1.000000000000000000e+00
3.375493792774972837e-46
1.000000000000000000e+00
1.000000000000000000e+00
1.823990396636547427e-48
2.926830580063025841e-43
1.000000000000000000e+00
1.411080597354244754e-48
1.825155445033299560e-47
2.056015739244066596e-30
5.817615892666582270e-44
5.963556867348915190e-38
1.000000000000000000e+00
3.559262612900963937e-43
1.000000000000000000e+00
2.787509525874539031e-45
4.085627209575609054e-46
1.797987252760553884e-33
1.439061100284896193e-08
1.187624127861076294e-48
1.000000000000000000e+00
6.126737798041163371e-38
4.499716156057842030e-32
6.346783111746821522e-41
1.000000000000000000e+00
1.000000000000000000e+00
1.000000000000000000e+00
2.006700922790957630e-46
1.509553121793124524e-47
1.000000000000000000e+00
7.655994567472390954e-49
4.916789655441527709e-44
1.000000000000000000e+00
1.000000000000000000e+00
1.000000000000000000e+00
1.000000000000000000e+00
3.423611931535877941e-47
2.695512347626318361e-07
6.327987751634346378e-50
1.475267400423106818e-47
9.999997761734656931e-01
1.000000000000000000e+00
1.000000000000000000e+00
3.052521568945937158e-44
1.000000000000000000e+00
5.348912776384756736e-39
1.000000000000000000e+00
1.000000000000000000e+00
1.000000000000000000e+00
1.000000000000000000e+00
1.000000000000000000e+00
1.128969164007464600e-43
1.491824283573318738e-47
1.000000000000000000e+00
1.000000000000000000e+00
1.000000000000000000e+00
7.581877733623758698e-48
2.985835937514223940e-42
1.000000000000000000e+00
1.000000000000000000e+00
1.000000000000000000e+00
1.000000000000000000e+00
6.471365592871670602e-51
1.604459278415151584e-41
1.000000000000000000e+00
3.952232406866693837e-31
1.000000000000000000e+00
1.000000000000000000e+00
3.012569354548229623e-47
4.998723442411422786e-38
1.419380394357413870e-45
1.809190226476149265e-48
7.630369538818914860e-47
2.309868580143704734e-47
4.762735872814098874e-34
1.908470403941479118e-49
1.000000000000000000e+00
1.000000000000000000e+00
1.000000000000000000e+00
3.586110312141630824e-49
1.786612672683330093e-44
5.761674770014229047e-47
2.314083949470111339e-39
1.000000000000000000e+00
1.000000000000000000e+00
1.028963597560929827e-46
7.633525017917407183e-42
3.982555819351458587e-43
9.999999999999984457e-01
1.668572300545761719e-47
5.832384975924106124e-20
1.697312501670622052e-30
5.844029590155629551e-43
4.336913992477499727e-49
8.936564001308563721e-45
1.483188199860657903e-33
8.586078674281190233e-35
9.999925201373398576e-01
9.999999999999835687e-01
9.999999999999977796e-01
9.999988069314066363e-01
9.999999947834028458e-01
9.999999999999982236e-01
6.526883248069929033e-01
9.999999967520649680e-01
1.338479686934271430e-36
7.761772610091200401e-35
8.680650446043354053e-28
5.589425930844467334e-06
1.933359098767873985e-37
9.999905875488680485e-01
3.017496491669230055e-08
7.815701144171354824e-32
9.999999999999127365e-01
7.176709040882656273e-38
4.399047288769568024e-36
1.000000000000000000e+00
3.717877770297632343e-35
6.653081849756424804e-01
2.752923231550648475e-35
5.371046613185062803e-37
9.556124097819231888e-01
3.784646926915474774e-02
1.489199000534620992e-33
9.999999999999320544e-01
1.000000000000000000e+00
1.000000000000000000e+00
9.999999999999997780e-01
4.675557016958338457e-16
1.156855909586175738e-06
1.777219529419166071e-33
9.999999999984789945e-01
3.041501446967305583e-33
9.999999985955849713e-01
1.000000000000000000e+00
4.553672423084671338e-05
9.999995798875063180e-01
1.000000000000000000e+00
9.999999999992448263e-01
9.999999999999997780e-01
4.668169183024539571e-32
1.000000000000000000e+00
1.052281011484578621e-34
7.725656400993068193e-28
9.999984163773539825e-01
9.999999999998914202e-01
3.262929376353038145e-27
1.000000000000000000e+00
9.999999995026118693e-01
9.999999999999951150e-01
5.618977394619092707e-34
9.984784292616609713e-01
3.098496063782783577e-32
5.531961076000016156e-05
2.511738325385392441e-36
9.999983417094541194e-01
1.134988398034561371e-34
9.999999859699983951e-01
4.868096332802112599e-18
1.000000000000000000e+00
1.000000000000000000e+00
9.999991966929249188e-01
1.063204444599833965e-14
9.984301836668663669e-41
3.761824379994276122e-38
1.893410775534621230e-42
9.999999999999997780e-01
3.115817691775658505e-42
9.771823290589757744e-41
9.999999999999984457e-01
8.721544660182933839e-01
1.000000000000000000e+00
2.060844796551392216e-39
1.000000000000000000e+00
1.016884565659577692e-43
4.545286139472841487e-42
9.999999999999016342e-01
1.028524804121135252e-42
4.785250017069466195e-43
2.601000688162430063e-36
9.999999999930149208e-01
9.787667164774257938e-42
1.000000000000000000e+00
3.427113520723852891e-01
1.000000000000000000e+00
9.999999997182509315e-01
2.756541305236070784e-42
3.447627640123565801e-38
3.138563789040249378e-41
1.613159922273556092e-42
1.000000000000000000e+00
1.000000000000000000e+00
7.333160664018440070e-39
1.000000000000000000e+00
1.236214268910992745e-38
1.547408012525784671e-39
1.000000000000000000e+00
1.000000000000000000e+00
1.000000000000000000e+00
8.018489414435099663e-44
1.000000000000000000e+00
9.876377026092714712e-41
5.182069823748395450e-42
9.999999999901454384e-01
1.000000000000000000e+00
9.999999999999984457e-01
6.252443056511965955e-42
1.365346451941253998e-40
1.359694375281330161e-36
1.000000000000000000e+00
1.365952758517108110e-42
3.313556456081463952e-39
1.205842945551534870e-39
7.791778976151593027e-37
2.778142424267773629e-03
5.094308168436211274e-43
6.235810321495920394e-41
1.996401503677803187e-38
1.000000000000000000e+00
1.000000000000000000e+00
1.000000000000000000e+00
1.000000000000000000e+00
9.999999999990467625e-01
2.220101300334733454e-28
