1.036091069380289990e-45
9.155491509700307544e-46
1.000000000000000000e+00
2.444739319991312801e-45
9.193640484075172918e-46
2.509003955650001012e-45
9.238332330124238918e-46
1.000000000000000000e+00
9.155430571874501288e-46
1.000000000000000000e+00
8.239377027550501824e-41
1.000000000000000000e+00
1.378833549924716649e-45
1.033994379441672184e-45
9.298314622960637575e-46
1.781782534263863100e-45
9.641498426267192580e-46
1.366804537872758781e-45
2.016075386010190559e-45
9.173983842121874549e-46
9.247607787733468467e-46
1.006616848014515783e-45
9.207769831075674411e-46
1.777175450298746764e-45
1.159407816311255153e-45
1.642584424322979752e-45
4.187338968725197648e-37
9.155432740807516442e-46
7.949819066915793407e-45
9.220568137609219810e-46
1.784170518069047400e-45
1.463545209037115511e-45
9.164588618196737502e-46
2.913244712252850210e-45
1.040984972764048901e-45
9.434054553498696750e-46
1.557829668003336391e-45
1.784158911749461133e-45
9.230468769420262322e-46
