6.242996088136852103e-46
4.600752262486949846e-14
6.227007035561874458e-46
6.226976070600551574e-46
6.228128467756459932e-46
6.283743708822771661e-46
6.054870207281087824e-02
6.227631919738359180e-46
6.356042194848265183e-46
6.227348547865838587e-46
1.000000000000000000e+00
1.000000000000000000e+00
1.000000000000000000e+00
6.227024443751926458e-46
1.000000000000000000e+00
1.000000000000000000e+00
1.171117263061679849e-45
6.227034411819785998e-46
6.406685018007956803e-46
7.689874079922095860e-46
6.619634142340375370e-46
7.186340825850411635e-46
1.130497578021098940e-45
6.228221203964380268e-46
6.240843083909293102e-46
1.267411603671497225e-45
9.612932002305971662e-46
1.000000000000000000e+00
6.301150318732360439e-46
1.978092521943757200e-45
1.000000000000000000e+00
6.227107000132776178e-46
4.917368655791826359e-20
6.241672928420350417e-46
1.000000000000000000e+00
6.226976472740847094e-46
6.218693214652416575e-46
6.240086965065105464e-46
8.192887456638645192e-46
1.083555993110840983e-45
