7.171175933216856452e-48
8.432226562005721555e-48
6.926044614320456252e-47
1.854163916996175749e-47
8.403349014783034431e-48
1.000000000000000000e+00
8.854391752285519723e-48
9.512468121493213077e-48
8.400400134929689362e-48
9.697821548379597178e-48
9.645319480144681911e-48
8.399780734750200801e-48
2.642543958285078997e-46
1.000000000000000000e+00
9.526403500659337059e-48
8.467228488300382780e-48
9.450527485450315572e-48
8.462996516017222056e-48
1.000000000000000000e+00
1.000000000000000000e+00
6.368328528038370178e-48
8.400501465396516779e-48
1.000000000000000000e+00
8.628179006140088648e-46
7.250128907186535849e-48
1.000000000000000000e+00
7.219080367935080575e-48
9.102683356645184366e-48
6.445325856580585812e-48
8.390973091441810418e-48
8.398123664836076134e-48
7.612490774273190887e-48
8.400190706841185606e-48
8.579037117888516089e-48
8.262591078885814244e-48
2.295417031640041930e-47
9.536769925433260211e-48
9.637228418682203627e-48
6.577075290222856841e-47
