1.862128927645513495e-47
2.442484050011116539e-47
1.254796970778432205e-47
1.000000000000000000e+00
2.336223394756956197e-47
2.445340687422741058e-47
1.289761224773102164e-47
1.000000000000000000e+00
1.438974684857939434e-47
1.688036931529738655e-47
1.786296956110306187e-47
1.798526052443218706e-47
9.779867409330209650e-47
2.445451560380400808e-47
1.283638861097903263e-47
1.262163354525157662e-47
3.995887655082792421e-47
2.072907881183242365e-47
1.298877510696294167e-47
2.123221815052431924e-47
2.502371767891551010e-47
1.000000000000000000e+00
1.000000000000000000e+00
2.337207181922370897e-47
2.225653350154616373e-47
1.986202400631353212e-47
1.380755254861701285e-47
1.000000000000000000e+00
1.000000000000000000e+00
2.445353323247856881e-47
2.423363452765768680e-47
2.336610448677745112e-47
1.000000000000000000e+00
1.000000000000000000e+00
1.810875392815336143e-47
1.000000000000000000e+00
2.552215217474745803e-47
2.373166322738412348e-47
2.416751280602179509e-47
1.432527304318216345e-47
