4002407	777	1.0
1176593	777	1.0
9004882	777	1.0
15015701	777	1.0
1214508	777	1.0
20877	777	1.0
1213370	777	1.0
325356	777	1.0
5010868	777	1.0
304939	777	1.0
1139590	777	1.0
6002555	777	1.0
1212114	777	1.0
185801	777	1.0
410333	777	1.0
116161	777	1.0
13025853	777	1.0
24719	777	1.0
17005216	777	1.0
4046588	100	1.0
8030459	777	1.0
13025811	777	1.0
1081343	777	1.0
1178008	777	1.0
8014930	777	1.0
5010502	777	1.0
186253	777	1.0
1006363	777	1.0
7434	777	1.0
375378	777	1.0
1140572	777	1.0
2115246	777	1.0
140990	777	1.0
1111309	100	1.0
5012857	100	1.0
1169083	777	1.0
139474	777	1.0
13024205	777	1.0
4100910	777	1.0
1179198	777	1.0
14020097	777	1.0
13012113	777	1.0
17000938	777	1.0
14022644	777	1.0
15015622	777	1.0
4102181	777	1.0
2026966	777	1.0
6008210	777	1.0
1157743	777	1.0
237998	777	1.0
4099428	100	1.0
7012076	777	1.0
1016875	777	1.0
4070172	100	1.0
324837	777	1.0
1019894	777	1.0
312211	777	1.0
13024559	777	1.0
1029156	100	1.0
3070357	777	1.0
4031126	777	1.0
400442	777	1.0
10003289	777	1.0
14026108	777	1.0
3096903	-100	1.0
2096548	777	1.0
6012306	777	1.0
23000840	777	1.0
16003530	777	1.0
218879	777	1.0
1167914	777	1.0
221950	777	1.0
1163435	777	1.0
2059469	777	1.0
15017787	777	1.0
21000079	777	1.0
1005455	100	1.0
1046619	777	1.0
408353	777	1.0
8003592	777	1.0
119705	777	1.0
18001802	777	1.0
204730	777	1.0
16009514	777	1.0
381470	777	1.0
176175	777	1.0
173978	777	1.0
35000215	777	1.0
7006667	777	1.0
1135108	777	1.0
362758	777	1.0
4094524	777	1.0
4002160	777	1.0
9017984	777	1.0
7047943	777	1.0
15015510	777	1.0
14025340	777	1.0
275705	777	1.0
216538	777	1.0
1021223	777	1.0
1007679	100	1.0
126677	777	1.0
410294	777	1.0
116994	777	1.0
15021467	777	1.0
16009294	777	1.0
4033438	777	1.0
13012843	777	1.0
3086560	777	1.0
22000371	777	1.0
384060	777	1.0
14011574	777	1.0
333815	777	1.0
4076221	777	1.0
13017197	777	1.0
44929	777	1.0
384984	100	1.0
1207910	777	1.0
284372	777	1.0
15019175	777	1.0
15010123	777	1.0
16006832	777	1.0
13016500	777	1.0
16271	777	1.0
4069021	777	1.0
235781	777	1.0
2060105	777	1.0
2113110	777	1.0
381218	777	1.0
1007782	777	1.0
2002944	777	1.0
1033318	777	1.0
404332	777	1.0
15019209	777	1.0
2019061	777	1.0
2002929	777	1.0
395225	777	1.0
150575	777	1.0
2102573	777	1.0
1089748	777	1.0
164606	100	1.0
2082382	777	1.0
1136155	777	1.0
4004513	777	1.0
15020857	777	1.0
136165	777	1.0
16002759	777	1.0
1008250	100	1.0
2054017	777	1.0
4081292	777	1.0
13020017	777	1.0
2008716	777	1.0
3028046	777	1.0
1210453	777	1.0
2086456	777	1.0
8000513	777	1.0
17006772	777	1.0
6006528	777	1.0
108250	777	1.0
2082644	777	1.0
3052831	777	1.0
400125	777	1.0
14024301	777	1.0
404350	777	1.0
2002008	777	1.0
1199326	777	1.0
16003937	-100	1.0
3064759	777	1.0
1143735	100	1.0
5016979	777	1.0
14025606	777	1.0
104355	777	1.0
1215501	777	1.0
35770	100	1.0
15001989	777	1.0
391299	777	1.0
17008191	777	1.0
3025566	777	1.0
8000616	777	1.0
15021833	777	1.0
3121704	777	1.0
1210411	777	1.0
6009907	777	1.0
4092322	777	1.0
2066744	777	1.0
15015210	777	1.0
71736	777	1.0
411691	777	1.0
4033466	777	1.0
412770	777	1.0
8001242	777	1.0
13030961	777	1.0
178114	777	1.0
2002092	777	1.0
38399	777	1.0
5056287	777	1.0
1216574	777	1.0
214784	-100	0.0
339389	777	1.0
14019192	777	1.0
2103931	777	1.0
14019833	777	1.0
2029689	777	1.0
8007620	777	1.0
1050996	777	1.0
1172188	-100	1.0
1092245	777	1.0
1092490	777	1.0
15004529	777	1.0
6002632	777	1.0
14023245	777	1.0
1149610	777	1.0
3121193	777	1.0
175478	777	1.0
2018621	777	1.0
19619	777	1.0
1091174	777	1.0
7011298	777	1.0
2021119	777	1.0
135179	777	1.0
401905	777	1.0
1211017	777	1.0
5022597	-100	1.0
13006850	777	1.0
63014	777	1.0
14013410	777	1.0
3107969	777	1.0
1208625	777	1.0
4604	777	1.0
8007045	777	1.0
3114464	777	1.0
13006659	777	1.0
1152302	100	1.0
1114588	777	1.0
7049829	100	1.0
243895	777	1.0
1188231	777	1.0
3023903	777	1.0
2111587	777	1.0
14016865	777	1.0
2010480	777	1.0
16006705	777	1.0
16009997	777	1.0
4024251	777	1.0
4031608	-100	1.0
13020476	777	1.0
160368	777	1.0
377422	777	1.0
205557	777	1.0
3115742	777	1.0
1149493	100	1.0
4019904	777	1.0
24313	777	1.0
62602	777	1.0
1203529	777	1.0
1005806	100	1.0
13938	777	1.0
3095596	777	1.0
43318	777	1.0
3076923	777	1.0
2001698	777	1.0
9005086	100	1.0
4001762	777	1.0
163232	-100	1.0
4099510	777	1.0
3001900	777	1.0
17002733	777	1.0
256326	777	1.0
16014969	777	1.0
187627	777	1.0
4029661	777	1.0
2023741	777	1.0
2038251	777	1.0
4011026	777	1.0
16000792	777	1.0
8002948	777	1.0
2089631	777	1.0
394861	777	1.0
1123308	-100	1.0
4005272	777	1.0
14023038	777	1.0
6011113	777	1.0
8004545	777	1.0
9019300	777	1.0
389606	777	1.0
149961	777	1.0
3078903	777	1.0
4248	777	1.0
16001969	777	1.0
4019478	777	1.0
19003794	777	1.0
81025	777	1.0
6036788	777	1.0
3101538	777	1.0
1200027	777	1.0
2035191	100	1.0
270502	777	1.0
3007648	777	1.0
7627	777	1.0
14024592	777	1.0
24809	100	1.0
23000914	777	1.0
9005934	777	1.0
2022177	777	1.0
4091422	777	1.0
3078135	100	1.0
8000749	777	1.0
13024082	777	1.0
128914	777	1.0
16007893	777	1.0
1011326	777	1.0
13006378	777	1.0
7022958	100	1.0
9003126	777	1.0
270976	777	1.0
157492	777	1.0
13007277	777	1.0
344570	777	1.0
3012950	777	1.0
301363	777	1.0
2021409	777	1.0
193282	777	1.0
158882	777	1.0
1197728	777	1.0
6010337	777	1.0
7012116	777	1.0
13027610	777	1.0
6010512	777	1.0
26000322	777	1.0
5019300	777	1.0
7027880	777	1.0
13004207	777	1.0
2101933	-100	1.0
20001066	777	1.0
413012	777	1.0
4022865	777	1.0
1136777	777	1.0
1155038	777	1.0
3007785	777	1.0
14024701	777	1.0
1135220	777	1.0
1103843	100	1.0
4076937	777	1.0
379092	777	1.0
156719	777	1.0
3117905	777	1.0
270928	777	1.0
3115148	100	1.0
16016074	777	1.0
4084856	777	1.0
9005693	777	1.0
13005739	777	1.0
414536	777	1.0
3086765	777	1.0
414573	777	1.0
13025109	777	1.0
2111204	777	1.0
8019779	777	1.0
15021183	777	1.0
3024474	777	1.0
7006622	777	1.0
339556	777	1.0
1172091	777	1.0
4033108	777	1.0
130373	-100	1.0
219011	777	0.0
16011388	777	1.0
190898	777	1.0
1006137	777	1.0
1046041	777	1.0
4004326	777	1.0
17004848	777	1.0
4088923	777	1.0
378767	100	1.0
13007749	777	1.0
16004896	777	1.0
6002483	777	1.0
39167	777	1.0
1210222	777	1.0
164872	777	1.0
8203	777	1.0
6014550	777	1.0
13014290	777	0.0
5013700	100	1.0
6009633	777	1.0
8031372	100	1.0
209042	777	1.0
41652	777	1.0
1037810	777	1.0
8013058	777	1.0
1193532	777	1.0
2003114	777	1.0
7029272	777	1.0
16010981	777	1.0
4009693	777	1.0
165978	777	1.0
1004397	777	1.0
15021545	777	1.0
410142	777	1.0
13026535	777	1.0
4026184	777	1.0
261893	777	1.0
7024048	777	1.0
15019469	777	1.0
14015523	777	1.0
15005555	777	1.0
7010606	777	1.0
1177963	777	1.0
1165287	777	1.0
132793	777	1.0
404874	777	1.0
3036387	777	1.0
17006574	777	1.0
177224	777	1.0
14005657	777	1.0
412610	777	1.0
351905	777	1.0
5062367	100	1.0
1073909	777	1.0
13015612	777	1.0
3008781	777	1.0
2009202	777	1.0
9217	100	1.0
13025304	777	1.0
3118980	777	1.0
2035647	777	1.0
18003739	777	1.0
1213599	777	1.0
18005278	777	1.0
14005614	777	1.0
1106004	777	1.0
358132	777	1.0
5003503	777	1.0
2071847	777	1.0
108222	777	1.0
317143	777	1.0
1087459	777	1.0
1128663	777	1.0
3099551	777	1.0
14009639	777	1.0
135882	777	1.0
1210489	777	1.0
5013412	777	1.0
305266	777	1.0
4012891	777	1.0
17002070	777	1.0
1005862	100	1.0
7008101	777	1.0
1196028	777	1.0
15012682	777	1.0
182358	777	1.0
1200170	777	1.0
272888	100	1.0
1149049	777	1.0
3085605	777	1.0
8009652	777	1.0
406697	777	1.0
14020594	777	1.0
1031447	100	1.0
12000961	100	1.0
7009371	777	1.0
7049026	-100	1.0
1003214	777	1.0
7022447	777	1.0
5004193	777	1.0
207629	777	1.0
349092	777	1.0
1121058	777	1.0
99643	777	1.0
406552	777	1.0
14020229	777	1.0
229027	777	1.0
189593	777	1.0
3078895	-100	1.0
86716	777	1.0
6017600	777	1.0
4003631	100	1.0
1169264	777	1.0
101595	777	0.0
2010424	-100	1.0
17332	777	1.0
22001420	777	1.0
139374	777	1.0
4003763	777	1.0
15019160	777	1.0
111502	777	1.0
4090502	777	1.0
17007611	777	1.0
15022130	777	1.0
15015519	777	1.0
2112139	777	1.0
1049430	777	1.0
338890	777	1.0
17003676	777	1.0
4007641	777	1.0
43929	777	1.0
4070502	100	1.0
2085207	777	1.0
300349	777	1.0
7005866	777	1.0
414913	777	1.0
13030310	777	1.0
18004717	777	1.0
3020627	777	1.0
135146	777	1.0
296210	777	1.0
16002230	777	1.0
4006455	777	1.0
271749	777	1.0
1212692	777	1.0
2105743	777	1.0
14015256	777	1.0
1146224	777	1.0
3026801	777	1.0
3002530	777	1.0
309121	0	1.0
387235	777	1.0
13020987	777	1.0
15010918	777	1.0
1010444	777	1.0
13000787	777	1.0
1006801	777	1.0
98329	777	1.0
151583	100	1.0
13030956	777	1.0
4033070	-100	1.0
5020250	777	1.0
14013849	777	1.0
7006661	777	1.0
2005493	777	1.0
14025143	777	1.0
19001067	777	1.0
16012	777	1.0
14004039	777	1.0
14020185	777	1.0
14017358	777	1.0
22724	777	1.0
4029496	777	1.0
14015578	777	1.0
6024460	777	1.0
3082347	777	1.0
2003638	777	1.0
13022343	777	1.0
19003239	777	1.0
5027781	777	1.0
8023895	777	1.0
3080779	100	1.0
6009137	777	1.0
87897	777	1.0
1176170	777	1.0
2072707	777	1.0
402272	777	1.0
3925	777	1.0
202709	100	1.0
396514	777	1.0
110365	777	1.0
1185087	777	1.0
313269	777	1.0
13017517	777	1.0
13014336	777	1.0
2115910	777	1.0
8026916	777	1.0
175465	777	1.0
1144567	777	1.0
3103265	777	1.0
15021476	777	1.0
15005082	777	1.0
14005171	777	1.0
4060563	777	1.0
14021521	777	1.0
4034589	777	1.0
4064960	777	1.0
345249	777	1.0
1021503	777	1.0
3081135	777	1.0
276165	100	1.0
14156	777	1.0
234914	777	1.0
15017732	777	1.0
64891	777	1.0
1159755	777	1.0
310261	100	1.0
4005944	777	1.0
13015175	777	1.0
218935	777	1.0
4084194	777	1.0
14020537	777	1.0
1161151	777	1.0
5057712	777	1.0
1190917	777	1.0
1003443	100	1.0
260429	777	1.0
301495	777	1.0
14003531	777	1.0
3120625	777	1.0
1191071	100	1.0
379003	777	1.0
1023675	-100	1.0
4077288	777	1.0
1191358	777	1.0
13014828	777	1.0
33210	777	1.0
17008000	777	1.0
1041571	777	1.0
6009135	777	1.0
393456	777	0.0
4088716	777	1.0
13029057	777	1.0
1210982	777	1.0
13019437	777	1.0
4046436	777	1.0
15020268	777	1.0
356120	100	1.0
4007864	-100	1.0
174436	777	1.0
7013246	777	1.0
13021607	777	1.0
395032	777	1.0
1132494	777	1.0
43578	777	1.0
2013178	777	1.0
3030758	777	1.0
2015886	777	1.0
17007407	777	1.0
23371	-100	1.0
115987	777	1.0
260395	777	1.0
208036	777	1.0
1174905	777	1.0
7008081	777	1.0
3102563	777	1.0
4003135	777	1.0
13004152	777	1.0
2084688	100	1.0
22000312	777	1.0
5051866	777	1.0
1012206	777	1.0
4019641	777	1.0
15010359	777	1.0
7007229	777	0.0
15022968	777	1.0
326041	100	1.0
259243	777	1.0
13014840	777	1.0
7027180	777	1.0
306285	777	1.0
13003251	777	1.0
3112256	100	1.0
2105318	777	1.0
6048421	777	1.0
1217302	777	1.0
1136677	777	1.0
4017373	777	1.0
14024656	777	1.0
382233	777	1.0
2105191	777	1.0
18001047	777	1.0
5004102	777	1.0
325957	777	1.0
14015130	777	1.0
17007599	777	1.0
391815	777	1.0
4011262	100	1.0
264077	777	1.0
4090989	777	1.0
2000921	777	1.0
5031907	777	1.0
4082637	777	1.0
1094549	777	1.0
96583	777	1.0
1167486	100	1.0
133466	-100	1.0
2045016	777	1.0
4006265	777	1.0
4001939	777	1.0
2087349	777	1.0
4008439	777	1.0
1103723	777	1.0
2088091	100	1.0
6045638	777	1.0
327871	777	1.0
4002463	777	1.0
376367	777	1.0
7011161	777	1.0
78579	777	1.0
6028221	777	1.0
1186432	777	1.0
2110554	777	1.0
117240	777	1.0
5025255	777	1.0
302033	100	1.0
327317	777	1.0
5019516	777	1.0
4096618	777	1.0
4081645	777	1.0
269870	777	1.0
2106717	777	1.0
1010146	777	1.0
2004659	777	1.0
2001760	777	1.0
25670	777	1.0
6045056	-100	1.0
1113873	777	1.0
1103654	777	1.0
1210280	777	1.0
2108329	777	1.0
224568	777	1.0
104932	100	1.0
13014617	777	1.0
4070297	777	1.0
7023470	777	1.0
2050559	777	1.0
24001038	777	1.0
290325	100	1.0
72717	777	1.0
2019506	777	1.0
349827	777	1.0
341727	777	1.0
4020650	777	1.0
13026447	777	1.0
146486	777	1.0
14023236	777	1.0
7023246	777	1.0
1009547	777	1.0
18004777	777	1.0
1007194	777	1.0
4066833	777	1.0
58716	777	1.0
15005218	777	1.0
186815	100	1.0
140418	777	1.0
233589	777	1.0
2109219	-100	1.0
8005403	777	1.0
3024040	777	1.0
4004501	777	1.0
7021504	777	1.0
80286	777	1.0
1058879	777	1.0
13016655	777	1.0
8003697	777	1.0
3087071	777	1.0
6004686	777	1.0
13019221	-100	1.0
1195517	777	1.0
340189	777	1.0
2021286	777	1.0
13024456	777	1.0
264370	777	1.0
406424	777	1.0
19005401	777	1.0
4008138	777	1.0
14005939	100	1.0
58301	777	1.0
314225	777	1.0
4006741	777	1.0
3002199	777	1.0
8012380	777	1.0
1109273	777	1.0
1079255	777	1.0
15011806	777	1.0
33000313	777	1.0
2077553	777	1.0
8026191	100	1.0
1213434	777	1.0
17005214	777	1.0
16009837	777	1.0
15021367	777	1.0
5019309	777	1.0
8003837	777	1.0
3004663	777	1.0
14019970	777	1.0
2097469	777	1.0
16010347	777	1.0
2081403	777	1.0
116129	777	1.0
16000969	777	1.0
13022881	777	1.0
5051955	777	1.0
2075441	777	1.0
17004167	777	1.0
18878	777	1.0
1036651	777	1.0
252480	777	1.0
7025018	777	1.0
15002356	777	1.0
21002220	777	1.0
328090	777	1.0
13009901	777	1.0
3009733	777	1.0
1038837	100	1.0
8004595	777	1.0
7011087	777	1.0
13020760	777	1.0
159858	777	1.0
115965	777	1.0
6004949	777	1.0
297978	777	1.0
3015211	777	1.0
6039845	777	1.0
17003523	777	1.0
200289	777	1.0
1193664	777	1.0
76604	777	1.0
275682	777	1.0
400851	777	1.0
7311	777	1.0
3089174	777	1.0
7009570	777	1.0
408001	777	1.0
1203295	777	1.0
24000961	777	1.0
4016043	777	1.0
4010239	777	1.0
215924	777	1.0
1053787	777	1.0
9003192	100	1.0
16012119	777	1.0
146319	777	1.0
5005183	777	1.0
3031246	777	1.0
122431	777	1.0
14006434	777	1.0
1186291	777	1.0
4042395	777	1.0
4022426	777	1.0
3092484	777	1.0
16013056	-100	1.0
217778	777	1.0
1207969	777	1.0
6002755	777	1.0
13019998	777	1.0
1053082	777	1.0
3017088	777	1.0
163186	777	1.0
3094300	777	1.0
1023846	100	1.0
198077	777	1.0
398892	777	1.0
14015808	777	1.0
9698	777	1.0
5021251	777	1.0
120870	777	1.0
267848	777	1.0
350226	777	1.0
276062	777	1.0
189095	777	1.0
13023534	777	1.0
2080969	777	1.0
7010867	777	1.0
8012935	777	1.0
14014753	777	1.0
2014482	777	1.0
2033429	777	1.0
272235	777	1.0
3085669	777	1.0
103674	777	1.0
265333	777	1.0
351938	777	1.0
405425	777	1.0
7188	777	1.0
13016991	100	1.0
7025208	777	1.0
18004283	777	1.0
16010508	777	1.0
13020242	777	1.0
1124585	777	1.0
22001393	777	1.0
112667	777	1.0
13021398	777	1.0
17004937	777	1.0
209738	777	1.0
16011180	777	1.0
13000840	777	1.0
16015958	777	1.0
2095466	777	1.0
231220	777	1.0
358967	777	1.0
1159329	777	1.0
1138476	777	1.0
363037	100	1.0
5008233	777	1.0
2050615	777	1.0
4066438	777	1.0
7009736	777	1.0
13028159	777	1.0
360393	777	1.0
16980	777	1.0
14007649	777	1.0
3010513	777	1.0
10006107	777	1.0
1035073	777	1.0
4094124	777	1.0
268096	100	1.0
13026215	777	1.0
115437	777	1.0
2076802	777	1.0
6011313	777	1.0
78645	777	1.0
11579	777	1.0
8001423	-100	1.0
2003211	777	1.0
16003247	777	1.0
4005198	777	1.0
13029805	777	1.0
14004839	777	1.0
405775	777	1.0
13021692	777	1.0
2022012	777	1.0
19003840	777	1.0
1042445	777	1.0
5008011	777	1.0
1212416	777	1.0
156665	777	1.0
1004423	777	1.0
16010667	777	1.0
356448	100	1.0
2083575	777	1.0
3111680	777	1.0
3028248	777	1.0
374287	777	1.0
348769	777	1.0
4076544	777	1.0
1105076	777	1.0
2066814	777	1.0
6025685	777	1.0
8001314	777	1.0
9011054	777	1.0
17006479	777	1.0
4098035	777	1.0
10006539	777	1.0
16012168	777	1.0
4098299	777	1.0
92001	777	1.0
95789	100	1.0
13021887	777	1.0
1057149	777	1.0
1210985	777	1.0
1185701	777	1.0
16006274	-100	1.0
2022534	777	1.0
4096280	777	1.0
3009959	777	1.0
1044527	777	1.0
14018280	777	1.0
263663	777	1.0
19003400	777	1.0
1169230	100	1.0
1023095	777	1.0
1209031	777	1.0
3085369	777	1.0
325720	777	1.0
1068833	100	1.0
2026163	100	1.0
7964	777	1.0
1199021	777	1.0
3111166	777	1.0
2009893	777	1.0
216899	777	1.0
1184066	777	1.0
8001286	777	1.0
399010	-100	1.0
6002545	777	1.0
1013599	777	1.0
17001221	777	1.0
17003172	777	1.0
4099429	777	1.0
4097822	777	1.0
14022505	777	1.0
3110469	777	1.0
1076035	777	1.0
5053081	777	1.0
3113332	-100	1.0
15015599	777	1.0
1126331	777	1.0
408458	777	1.0
4043444	777	1.0
4028143	777	1.0
16012114	777	1.0
4019817	777	1.0
295589	777	1.0
89121	777	1.0
1158620	777	1.0
14023049	777	1.0
3099388	777	1.0
6019045	777	1.0
6021794	777	1.0
1033881	777	1.0
312208	777	1.0
2018765	777	1.0
1186929	777	1.0
102480	777	1.0
7016317	777	1.0
134179	777	1.0
15021997	777	1.0
73331	777	1.0
372680	777	1.0
24820	777	1.0
4080853	777	1.0
7045328	100	1.0
411164	777	1.0
8004814	777	1.0
1135246	777	1.0
14003804	777	1.0
13008890	777	1.0
1044650	100	1.0
8027359	777	1.0
8016066	777	1.0
47823	777	1.0
18005797	777	1.0
16006491	777	1.0
7010878	777	1.0
1175067	777	1.0
3015761	777	1.0
166957	777	1.0
4033361	777	1.0
16011542	777	1.0
5004867	777	1.0
284161	777	1.0
6019173	777	1.0
160313	777	1.0
291966	777	1.0
3095972	777	1.0
238176	777	1.0
351709	777	1.0
1209133	777	1.0
41750	777	1.0
4096151	777	1.0
1155946	777	1.0
213805	777	1.0
7013521	777	1.0
5002710	777	1.0
1015092	777	1.0
14001675	777	1.0
1017364	777	1.0
1205599	777	1.0
146415	777	1.0
4013798	100	1.0
14003559	777	1.0
4089671	777	1.0
14010162	777	1.0
1155907	777	1.0
1026426	777	1.0
9019228	777	1.0
3068575	777	1.0
405740	777	1.0
5010380	777	1.0
50618	777	1.0
4001102	777	1.0
1184531	777	1.0
16012656	777	1.0
2001350	777	1.0
17005541	777	1.0
8003297	777	1.0
3005110	100	1.0
164219	777	1.0
7011257	777	1.0
1208448	777	1.0
301875	777	1.0
120804	777	1.0
14013839	777	1.0
389782	777	1.0
4082420	777	1.0
352659	777	1.0
1105609	777	1.0
100383	0	1.0
1184003	100	1.0
124278	777	1.0
4002674	777	1.0
7007690	777	1.0
2077891	777	1.0
3552	777	1.0
45508	777	1.0
5022226	777	1.0
13024538	777	1.0
28000229	777	1.0
7015064	777	1.0
16014812	777	1.0
5057530	777	1.0
162433	100	1.0
347245	777	1.0
14015199	777	1.0
87810	777	1.0
1199138	777	1.0
1133679	777	1.0
13010699	777	1.0
36121	777	1.0
20001423	777	1.0
1216021	777	1.0
8000874	777	1.0
2003853	777	1.0
8009337	777	1.0
5024594	777	1.0
4001912	777	1.0
329774	777	1.0
3112900	-100	1.0
18002047	777	1.0
4001499	777	1.0
10010411	777	1.0
14000514	777	1.0
3019336	777	1.0
213258	777	1.0
84973	777	1.0
54006	777	1.0
118650	777	1.0
10723	777	1.0
18001165	777	1.0
2003902	777	1.0
20001215	777	1.0
2108853	777	1.0
14019657	777	1.0
400354	777	1.0
6011831	777	1.0
61596	777	1.0
1065023	777	1.0
16012943	777	1.0
8028981	777	1.0
318905	777	1.0
7006578	777	1.0
1202334	777	1.0
1179356	777	1.0
2014726	777	1.0
16013215	777	1.0
122616	777	1.0
2090640	100	1.0
7011738	777	1.0
15021779	777	1.0
11001563	777	1.0
5060330	777	1.0
317586	777	1.0
2001520	777	1.0
320617	777	1.0
5007109	777	1.0
2016906	777	1.0
17007595	777	1.0
394737	777	1.0
14020636	777	1.0
1127887	777	1.0
18000066	777	1.0
1031409	777	1.0
13915	777	1.0
13007241	777	1.0
2003040	777	1.0
5059131	777	1.0
15017798	777	1.0
5005799	777	1.0
3031815	777	1.0
3110331	777	1.0
16001683	777	1.0
103909	777	1.0
136412	777	1.0
13014504	777	1.0
6049434	777	1.0
15010361	777	1.0
6003852	-100	1.0
3049724	777	1.0
9001041	777	1.0
6003258	777	1.0
3046927	777	1.0
319537	777	1.0
241946	777	1.0
6011166	777	1.0
39000324	777	1.0
6004292	777	1.0
4012511	777	1.0
7029375	777	1.0
15019378	777	1.0
341963	100	1.0
2050502	777	1.0
4013379	777	1.0
16017033	777	1.0
136199	777	1.0
23753	777	1.0
6011576	777	1.0
408962	777	1.0
1214945	777	1.0
17006250	777	1.0
1163446	777	1.0
1110215	777	1.0
6008731	777	1.0
267365	777	1.0
14024591	777	1.0
24000748	777	1.0
281992	777	1.0
256104	777	1.0
347376	777	1.0
16001404	777	1.0
382652	777	1.0
2093401	777	1.0
4068985	100	1.0
15012949	777	1.0
13021845	777	1.0
2109910	777	1.0
16002896	777	1.0
1161933	777	1.0
19004806	777	1.0
192601	777	1.0
1094444	777	1.0
4081476	777	1.0
1080513	777	1.0
4006200	777	1.0
1166315	777	1.0
16013748	777	1.0
10002536	777	1.0
81228	777	1.0
384997	777	1.0
139867	777	1.0
1033306	777	1.0
16007253	777	1.0
4007210	100	1.0
7010556	777	1.0
405848	777	1.0
1216302	777	1.0
49996	100	1.0
396795	777	1.0
1150903	777	1.0
2093640	777	1.0
1164564	777	1.0
123014	777	1.0
7031155	777	1.0
13022123	777	1.0
7023370	100	1.0
2083036	777	1.0
208822	777	1.0
15000274	777	1.0
16016728	777	1.0
13027524	777	1.0
3118672	777	1.0
399287	777	1.0
3097334	777	1.0
378138	777	1.0
2097927	777	1.0
5021728	100	1.0
5005194	777	1.0
205022	777	1.0
9017052	777	1.0
2018745	777	1.0
14021210	777	1.0
89001	777	1.0
13018740	-100	1.0
1068832	777	1.0
155693	777	1.0
406096	777	1.0
4086142	777	1.0
4085619	777	1.0
1197020	777	1.0
136651	777	1.0
415182	777	1.0
240325	777	1.0
8007316	777	1.0
1163715	777	1.0
1163448	777	1.0
3110007	777	1.0
13016375	777	1.0
9018327	777	1.0
413019	777	1.0
411816	777	1.0
217380	777	1.0
18005162	777	1.0
5026699	777	1.0
13008755	777	1.0
16012280	777	1.0
14013502	777	1.0
3101557	777	1.0
9005336	777	1.0
408865	777	1.0
1135261	777	1.0
3013213	777	1.0
2087903	777	1.0
368112	777	1.0
173310	100	1.0
1176214	777	1.0
16010863	100	1.0
5019982	777	1.0
6704	777	1.0
224839	777	1.0
5062907	777	1.0
9002055	777	1.0
4203	777	1.0
16011610	777	1.0
1132537	777	1.0
366748	777	1.0
1142022	777	1.0
10006090	777	1.0
384776	100	1.0
5010186	777	1.0
409695	777	1.0
13012931	777	1.0
9016314	-100	1.0
382850	777	1.0
2074153	777	1.0
10004552	777	1.0
181554	777	1.0
26714	777	1.0
8033162	777	1.0
1035252	777	1.0
2020049	777	1.0
3010129	777	1.0
17005708	777	1.0
64903	777	1.0
14003808	777	1.0
5006080	777	1.0
6020007	777	1.0
13022702	777	1.0
17007933	777	1.0
2003682	777	1.0
206523	777	1.0
4028218	777	1.0
1017369	777	1.0
17005994	777	1.0
34665	777	1.0
68940	100	1.0
294495	777	1.0
1074553	777	1.0
1158832	-100	1.0
2053172	777	1.0
14014639	777	1.0
20001197	777	1.0
13025068	777	1.0
2072019	777	1.0
379692	777	1.0
3100904	777	1.0
4033320	777	1.0
16000394	777	1.0
5060415	777	1.0
10005487	777	1.0
1181343	777	1.0
63870	100	1.0
2100381	777	1.0
1031096	777	1.0
13023890	777	1.0
1163483	777	1.0
66030	777	1.0
264665	777	1.0
15024495	777	1.0
2079379	777	1.0
15001813	777	1.0
4029608	777	1.0
158809	777	1.0
2110619	777	1.0
326878	777	1.0
13021341	777	1.0
1187383	777	1.0
1188116	777	1.0
16013951	777	1.0
13024553	777	1.0
4012321	777	1.0
2001685	777	1.0
103295	100	1.0
5052048	100	1.0
13029618	777	1.0
8012041	777	1.0
1013474	777	1.0
13023129	777	1.0
5006239	777	1.0
14014921	777	1.0
244777	777	1.0
1137230	777	1.0
117682	777	1.0
16009543	777	1.0
252415	777	1.0
15019868	777	1.0
182431	777	1.0
2001452	777	1.0
3008046	777	1.0
1010133	777	1.0
6038866	777	1.0
278978	777	1.0
1206924	777	1.0
297352	777	1.0
8002309	777	1.0
1024875	777	1.0
4042219	777	1.0
14010250	777	1.0
3116443	777	1.0
1014924	777	1.0
14011862	777	1.0
3011399	777	1.0
381866	777	1.0
7290	777	1.0
192554	777	1.0
13020672	777	1.0
146047	777	1.0
8018946	777	1.0
8017956	777	1.0
1031422	777	1.0
2006443	777	1.0
1196263	777	1.0
5056666	777	1.0
1038434	777	1.0
2099921	777	1.0
1122424	777	1.0
115504	777	1.0
18002033	777	1.0
1147356	777	1.0
3092776	777	1.0
270771	777	1.0
2029769	777	1.0
14003317	777	1.0
148448	-100	1.0
14004226	777	1.0
4101227	777	1.0
25879	777	1.0
2091745	777	1.0
2023526	777	1.0
380944	777	1.0
2080378	100	1.0
2091563	777	1.0
1029108	777	1.0
4060141	777	1.0
14013372	777	1.0
14019885	777	1.0
14024528	777	1.0
2022927	100	1.0
14012531	777	1.0
4061603	777	1.0
2004944	777	1.0
6014294	777	1.0
343057	777	1.0
8007162	777	1.0
20001711	777	1.0
290271	777	1.0
7010920	777	1.0
2008859	777	1.0
409767	777	1.0
8032319	777	1.0
8366	777	1.0
15006387	777	1.0
14011137	777	1.0
230202	777	1.0
20652	777	1.0
412710	777	1.0
16119	777	1.0
212839	777	1.0
1214900	777	1.0
119022	100	1.0
7038579	777	1.0
3114055	777	1.0
3068047	777	1.0
5014957	777	1.0
159453	777	1.0
1098590	777	1.0
14018488	100	1.0
15014053	777	1.0
96954	777	1.0
33000431	777	1.0
1150177	777	1.0
332308	777	1.0
3313	777	1.0
270480	-100	1.0
367666	777	1.0
1168641	777	1.0
3005129	777	1.0
1028033	777	1.0
257458	777	1.0
8020962	777	1.0
255472	777	1.0
1196261	100	1.0
2005818	777	1.0
4005235	777	1.0
281923	777	1.0
160697	777	1.0
4018725	777	1.0
13001545	777	1.0
103463	777	1.0
403091	777	1.0
6001777	100	1.0
44004	777	1.0
1127981	777	1.0
8030880	777	1.0
1203484	777	1.0
2032221	777	1.0
15003493	777	1.0
150222	777	1.0
324294	777	1.0
7028807	100	1.0
1039816	777	1.0
255297	777	1.0
5014095	777	1.0
8001895	777	1.0
124025	777	1.0
163132	777	1.0
19005108	777	1.0
15010864	777	1.0
16015786	777	1.0
1191829	777	1.0
15021570	777	1.0
5011701	777	1.0
6017865	777	1.0
7039485	777	1.0
13016258	100	1.0
17003987	777	1.0
269955	777	1.0
4100290	777	1.0
118854	777	1.0
4097050	777	1.0
3099357	777	1.0
43503	777	1.0
3033805	777	1.0
18003657	777	1.0
396096	777	1.0
1211440	777	1.0
18005065	777	1.0
7011789	777	1.0
1125355	777	1.0
23000780	777	1.0
6010884	777	1.0
15012383	777	1.0
1050269	777	1.0
2003069	777	1.0
24000608	777	1.0
195527	777	1.0
2043194	777	1.0
16015333	777	1.0
2021721	777	1.0
386793	777	1.0
8001883	777	1.0
15024107	777	1.0
14023613	777	1.0
264183	777	1.0
343997	777	1.0
59711	777	1.0
329524	777	1.0
16016275	777	1.0
211697	777	1.0
13031819	777	1.0
1188155	777	1.0
24000296	777	1.0
2005394	100	1.0
76443	777	1.0
54301	777	1.0
1042607	777	1.0
329484	777	1.0
70757	777	1.0
7025631	100	1.0
6036750	777	1.0
13012161	777	1.0
7008598	777	1.0
66585	100	1.0
1201085	777	1.0
8004015	777	1.0
5063682	777	1.0
6046044	777	1.0
13027170	777	1.0
2002440	777	1.0
62337	777	1.0
3003743	777	1.0
7007297	777	1.0
13026908	777	1.0
4102714	777	1.0
1004324	777	1.0
17007614	777	1.0
183153	777	1.0
1006411	777	1.0
267566	777	1.0
1022054	777	1.0
4080301	777	1.0
6050130	777	1.0
305175	777	1.0
5029728	777	1.0
271266	777	1.0
8004007	777	1.0
4079002	777	1.0
270717	777	1.0
4091571	777	1.0
4032835	777	1.0
412634	777	1.0
8028643	777	1.0
1201028	777	1.0
3019624	777	1.0
5064832	777	1.0
8003042	777	1.0
153350	777	1.0
15015462	777	1.0
2005440	777	1.0
1218392	777	1.0
13004066	777	1.0
302003	777	1.0
14019291	777	1.0
1197431	777	1.0
16007944	777	1.0
2109218	777	1.0
1146447	777	1.0
17007419	777	1.0
4081697	777	1.0
1148318	777	1.0
66214	777	1.0
1179815	777	1.0
1194600	777	1.0
1195047	777	1.0
16013184	777	1.0
2023740	777	1.0
2054173	100	1.0
46936	777	1.0
14014765	777	1.0
6004442	777	1.0
5013127	777	1.0
1203535	777	1.0
1189458	777	1.0
1164057	777	1.0
219679	777	1.0
1048116	777	1.0
6013831	-100	1.0
408002	777	1.0
4008442	777	1.0
2098385	777	1.0
4102055	777	1.0
16004688	777	1.0
260997	777	1.0
2039513	777	1.0
352474	777	1.0
4068622	777	1.0
8015543	777	1.0
6011928	777	1.0
20001960	777	1.0
1027051	777	1.0
181210	777	1.0
1032460	777	1.0
4028010	777	1.0
360774	777	1.0
2035809	777	1.0
15004351	777	1.0
356143	777	1.0
1135750	777	1.0
101990	100	1.0
5003301	777	1.0
81711	777	1.0
357766	777	1.0
65616	777	1.0
5053358	777	1.0
15019677	777	1.0
3008367	777	1.0
4001694	777	1.0
14000195	777	1.0
19000393	777	1.0
2104497	777	1.0
2112969	100	1.0
2014939	777	1.0
4097625	777	1.0
7006205	777	1.0
72243	777	1.0
1201049	777	1.0
1018282	777	1.0
74396	777	1.0
1160224	777	1.0
16016652	777	1.0
13022137	777	1.0
5006829	777	1.0
17001771	777	1.0
361823	777	1.0
195240	777	1.0
177859	777	1.0
27764	777	1.0
2111038	777	1.0
3019555	777	1.0
354509	777	1.0
13016604	777	1.0
2088200	777	1.0
101432	777	1.0
3017986	777	1.0
13003908	777	1.0
3016438	777	1.0
6005005	777	1.0
7006847	777	1.0
290699	777	1.0
332683	777	1.0
6010809	777	1.0
8003431	777	1.0
15017294	777	1.0
13030236	777	1.0
2109964	777	1.0
1198107	777	1.0
4031036	777	1.0
40000115	777	1.0
2062689	777	1.0
1198062	777	1.0
1018544	777	1.0
14005838	777	1.0
112679	777	1.0
3114993	777	1.0
1217175	777	1.0
3020240	777	1.0
1147427	777	1.0
2048144	777	1.0
14014310	777	1.0
118808	777	1.0
319897	777	1.0
4028546	777	1.0
4007008	777	1.0
2114740	777	1.0
16008526	777	1.0
14021229	777	1.0
4089107	777	1.0
21002033	777	1.0
2078356	777	1.0
3004562	777	1.0
16011713	100	1.0
183407	777	1.0
7030273	777	1.0
1079959	777	1.0
1080206	777	1.0
51981	777	1.0
2085393	777	1.0
3028276	777	1.0
99131	777	1.0
4004300	777	1.0
377325	777	1.0
1008390	100	1.0
3108505	777	1.0
14021601	777	1.0
408958	777	1.0
1147975	777	1.0
2053443	777	1.0
8000702	777	1.0
2030998	777	1.0
2001922	777	1.0
2050183	100	1.0
15022744	777	1.0
356271	100	1.0
1182364	777	1.0
10332	100	1.0
361055	777	1.0
245712	777	1.0
15019029	777	1.0
13017303	777	1.0
4096055	777	1.0
17825	777	1.0
1046268	777	1.0
372254	777	1.0
60331	777	1.0
180498	777	1.0
1200069	777	1.0
240306	777	1.0
328038	777	1.0
8001551	777	1.0
398629	-100	1.0
6023082	777	1.0
5056256	777	1.0
13007471	777	1.0
17004006	777	1.0
137102	777	1.0
26000493	777	1.0
61486	777	1.0
1033137	777	1.0
16011205	777	1.0
32674	777	1.0
23000838	777	1.0
1083587	777	1.0
3063541	777	1.0
1071756	777	1.0
3087479	777	1.0
13009469	777	1.0
15022312	777	1.0
15003487	777	1.0
1130758	777	1.0
10006424	100	1.0
15008976	777	1.0
15024367	777	1.0
15002143	777	1.0
1035453	777	1.0
14021353	777	1.0
4086313	777	1.0
345967	777	1.0
397669	777	1.0
1216067	777	1.0
342474	777	1.0
3030532	777	1.0
3055548	777	1.0
13024844	777	1.0
284833	777	1.0
362197	777	1.0
13015420	-100	1.0
4004468	777	1.0
16014223	777	1.0
335322	777	1.0
3008052	777	1.0
3099008	777	1.0
3079205	777	1.0
63157	777	1.0
49609	777	1.0
6011165	777	1.0
1129516	777	1.0
4012276	100	1.0
15022578	777	1.0
157752	777	1.0
2001851	100	1.0
6004880	777	1.0
7020084	777	1.0
1217978	777	1.0
16012511	777	1.0
3010379	777	1.0
6007826	777	1.0
73249	777	1.0
1179433	777	1.0
1216306	777	1.0
339424	777	1.0
5023124	777	1.0
4020719	777	1.0
406218	777	1.0
7030377	777	1.0
305784	777	1.0
4018641	777	1.0
92656	777	1.0
14011472	777	1.0
198524	777	1.0
4095939	777	1.0
389042	777	1.0
1077082	777	1.0
63824	777	1.0
238749	777	1.0
4096914	777	1.0
57654	777	1.0
1210953	777	1.0
3075561	777	1.0
230946	777	1.0
1210295	777	1.0
407300	777	1.0
15010412	777	1.0
3161	777	1.0
7006280	100	1.0
2003692	-100	1.0
1210936	777	1.0
2038223	777	1.0
1063730	777	1.0
337492	777	1.0
1194100	777	1.0
6048706	777	1.0
2075078	777	1.0
1216709	777	1.0
2098389	777	1.0
3109066	777	1.0
394286	777	1.0
398802	777	1.0
13013065	777	1.0
16006847	777	1.0
4102731	777	1.0
13025200	777	1.0
328496	100	1.0
1067007	777	1.0
6021369	777	1.0
343814	100	1.0
7013182	777	1.0
310310	777	1.0
54555	777	1.0
1060817	777	1.0
1052896	777	1.0
4032749	777	1.0
1197445	777	1.0
4101631	777	1.0
9019458	777	1.0
6004429	777	1.0
16014129	777	1.0
9019565	777	1.0
14017871	777	1.0
395070	777	1.0
2003908	777	1.0
4068602	777	1.0
6371	777	1.0
3003692	777	1.0
1213065	777	1.0
3119759	777	1.0
14019527	777	1.0
411167	777	1.0
2010754	777	1.0
4094069	777	1.0
8032117	100	1.0
229836	777	1.0
61164	100	1.0
14002053	777	1.0
46485	777	1.0
350100	777	1.0
133053	777	1.0
14024734	777	1.0
1199727	777	1.0
403844	777	1.0
7008608	777	1.0
2031384	777	1.0
14966	100	1.0
1206127	777	1.0
1007822	777	1.0
135395	777	1.0
1005413	777	1.0
348944	777	1.0
411163	777	1.0
3104532	777	1.0
105655	777	1.0
16015854	777	1.0
13020421	777	1.0
263878	777	1.0
366075	777	1.0
18004538	777	1.0
194086	777	1.0
14000527	777	1.0
345034	777	1.0
397929	777	1.0
2067391	777	1.0
353276	777	1.0
7707	777	1.0
362508	100	1.0
102925	777	1.0
1122711	777	1.0
14002965	777	1.0
14018604	777	1.0
230460	777	1.0
1210058	777	1.0
2002660	777	1.0
10006017	777	1.0
14021938	777	1.0
309748	777	1.0
3064284	777	1.0
109801	777	1.0
1051586	777	1.0
13028689	777	1.0
13030215	777	1.0
155602	777	1.0
4088147	777	1.0
3012622	777	1.0
4005009	777	1.0
136546	777	1.0
16003828	777	1.0
1045803	100	1.0
3005802	777	1.0
405496	777	1.0
1219838	777	1.0
156156	777	1.0
15009592	777	1.0
2056100	777	1.0
23000661	777	1.0
5061716	100	1.0
9002150	777	1.0
4012059	777	1.0
14003674	777	1.0
407410	777	1.0
215570	777	1.0
16002151	100	1.0
412356	777	1.0
2077145	777	1.0
343792	777	1.0
8031226	777	1.0
13021150	777	1.0
16010406	777	1.0
1051926	777	1.0
388102	777	1.0
1164695	-100	1.0
212144	777	1.0
5061526	777	1.0
17005641	777	1.0
35480	777	1.0
1056111	777	1.0
2078723	777	1.0
390464	777	1.0
2014056	777	1.0
4086911	777	1.0
1192580	777	1.0
3011151	100	1.0
281140	777	1.0
2003982	777	1.0
3063094	777	1.0
1040605	777	1.0
14002111	777	1.0
2020923	777	1.0
15022710	777	1.0
226717	777	1.0
337896	777	1.0
350589	777	1.0
4081568	777	1.0
112764	777	1.0
314930	777	1.0
1050603	100	1.0
1042350	777	1.0
9013241	777	1.0
49093	777	1.0
191020	777	1.0
20001666	777	1.0
10013663	777	1.0
14017927	777	1.0
1218438	777	1.0
1182662	777	1.0
1205081	777	1.0
2030482	777	1.0
15000507	777	1.0
17003024	777	1.0
10009515	777	1.0
22001005	777	1.0
3003582	777	1.0
10010238	777	1.0
7022732	777	1.0
1159182	777	1.0
1010595	777	1.0
1209637	777	1.0
360084	777	1.0
15009454	777	1.0
14016736	777	1.0
1025327	777	1.0
13024488	777	1.0
261958	777	1.0
19001844	777	1.0
2102037	777	1.0
1208829	777	1.0
1184710	777	1.0
