1.036091069380289990e-45
9.155491509700307544e-46
1.000000000000000000e+00
2.444739319991312801e-45
9.193640484075172918e-46
2.509003955650001012e-45
9.238332330124238918e-46
1.000000000000000000e+00
9.155430571874501288e-46
1.000000000000000000e+00
8.239377027550501824e-41
1.000000000000000000e+00
1.378833549924716649e-45
1.033994379441672184e-45
9.298314622960637575e-46
1.781782534263863100e-45
9.641498426267192580e-46
1.366804537872758781e-45
2.016075386010190559e-45
9.173983842121874549e-46
9.247607787733468467e-46
1.006616848014515783e-45
9.207769831075674411e-46
1.777175450298746764e-45
1.159407816311255153e-45
1.642584424322979752e-45
4.187338968725197648e-37
9.155432740807516442e-46
7.949819066915793407e-45
9.220568137609219810e-46
1.784170518069047400e-45
1.463545209037115511e-45
9.164588618196737502e-46
2.913244712252850210e-45
1.040984972764048901e-45
9.434054553498696750e-46
1.557829668003336391e-45
1.784158911749461133e-45
9.230468769420262322e-46
3.322186449767629010e-45
7.823281902209623126e-46
1.000000000000000000e+00
8.799944463231449239e-46
8.814589282623459124e-46
8.814330222012697079e-46
1.000000000000000000e+00
8.811705981008071360e-46
7.997827884848465478e-46
8.046731698882349530e-46
8.814327778556302461e-46
3.267446010514736222e-43
8.814329182316586224e-46
8.814320157584478903e-46
8.814294000025738434e-46
8.814330243040205028e-46
8.650474960934241287e-46
8.814330247393460915e-46
6.680013388210749992e-42
9.104988967401210770e-46
8.814231804161316612e-46
8.814324444005160838e-46
8.814330243040205028e-46
8.811743354156158531e-46
7.688617229380301072e-36
1.002459428822118301e-45
8.814295850003272179e-46
8.814330209779261838e-46
1.000000000000000000e+00
8.769210869912670174e-46
7.492478399374702311e-45
1.370916249679317816e-42
8.812752779334708582e-46
8.809168267211195968e-46
1.000000000000000000e+00
1.000000000000000000e+00
1.878126322287330230e-45
1.000000000000000000e+00
8.814325051381719933e-46
2.569192330734848736e-40
1.000000000000000000e+00
2.701411267417739488e-40
2.504919852279212626e-40
2.609828265662732390e-40
2.661966630834861355e-40
2.445689732466673776e-40
1.000000000000000000e+00
2.445709484734560325e-40
3.486944512806374886e-38
1.392635595567147037e-39
4.743045527910634065e-40
4.356045930694096090e-39
2.456673607774290370e-40
1.000000000000000000e+00
2.445702001508447790e-40
2.763741334616991150e-40
2.054340509760480113e-38
2.471758199193491773e-40
1.000000000000000000e+00
2.770189875755163096e-40
2.445693353157203234e-40
2.445736278265124564e-40
2.829877165063867179e-40
1.931666570547899564e-39
1.058482014587406543e-39
8.969141783568515351e-40
3.405204684962436630e-39
2.770187063204775060e-40
1.000000000000000000e+00
2.449596913117706822e-40
1.000000000000000000e+00
2.719322896883440425e-40
2.445689628469032673e-40
2.445689630662372660e-40
2.445689628469067339e-40
2.861933821538347848e-40
3.118077857751062279e-40
2.445689628773732581e-40
6.242996088136852103e-46
4.600752262486949846e-14
6.227007035561874458e-46
6.226976070600551574e-46
6.228128467756459932e-46
6.283743708822771661e-46
6.054870207281087824e-02
6.227631919738359180e-46
6.356042194848265183e-46
6.227348547865838587e-46
1.000000000000000000e+00
1.000000000000000000e+00
1.000000000000000000e+00
6.227024443751926458e-46
1.000000000000000000e+00
1.000000000000000000e+00
1.171117263061679849e-45
6.227034411819785998e-46
6.406685018007956803e-46
7.689874079922095860e-46
6.619634142340375370e-46
7.186340825850411635e-46
1.130497578021098940e-45
6.228221203964380268e-46
6.240843083909293102e-46
1.267411603671497225e-45
9.612932002305971662e-46
1.000000000000000000e+00
6.301150318732360439e-46
1.978092521943757200e-45
1.000000000000000000e+00
6.227107000132776178e-46
4.917368655791826359e-20
6.241672928420350417e-46
1.000000000000000000e+00
6.226976472740847094e-46
6.218693214652416575e-46
6.240086965065105464e-46
8.192887456638645192e-46
1.083555993110840983e-45
7.171175933216856452e-48
8.432226562005721555e-48
6.926044614320456252e-47
1.854163916996175749e-47
8.403349014783034431e-48
1.000000000000000000e+00
8.854391752285519723e-48
9.512468121493213077e-48
8.400400134929689362e-48
9.697821548379597178e-48
9.645319480144681911e-48
8.399780734750200801e-48
2.642543958285078997e-46
1.000000000000000000e+00
9.526403500659337059e-48
8.467228488300382780e-48
9.450527485450315572e-48
8.462996516017222056e-48
1.000000000000000000e+00
1.000000000000000000e+00
6.368328528038370178e-48
8.400501465396516779e-48
1.000000000000000000e+00
8.628179006140088648e-46
7.250128907186535849e-48
1.000000000000000000e+00
7.219080367935080575e-48
9.102683356645184366e-48
6.445325856580585812e-48
8.390973091441810418e-48
8.398123664836076134e-48
7.612490774273190887e-48
8.400190706841185606e-48
8.579037117888516089e-48
8.262591078885814244e-48
2.295417031640041930e-47
9.536769925433260211e-48
9.637228418682203627e-48
6.577075290222856841e-47
1.000000000000000000e+00
4.760855028927936660e-48
4.760965688941960830e-48
1.000000000000000000e+00
4.760965688941960830e-48
4.760965714185542694e-48
4.760965688941283834e-48
4.760965688941960830e-48
4.870133251220974755e-48
1.000000000000000000e+00
5.085495890450990099e-48
1.414661152485369377e-15
4.765542742906538105e-48
9.999999999999977796e-01
2.049204897390759280e-47
4.760965688941960830e-48
4.755791357861082533e-48
4.438312710612419252e-48
1.000000000000000000e+00
4.760962081968644595e-48
3.078050778755015682e-47
9.999846525909105166e-01
4.760965534186639815e-48
3.680593554649418355e-42
4.699851515009856819e-48
4.772201897332649512e-48
4.760965669520635706e-48
4.760965688940742966e-48
4.760965384742768082e-48
4.760965344883027367e-48
4.760965688941960830e-48
4.760965688941960830e-48
4.767472152136340233e-48
4.760965688941960830e-48
5.426860578907793836e-45
1.471974708871946582e-47
7.749528477060732096e-48
4.760965688904343189e-48
4.760965688929241327e-48
1.862128927645513495e-47
2.442484050011116539e-47
1.254796970778432205e-47
1.000000000000000000e+00
2.336223394756956197e-47
2.445340687422741058e-47
1.289761224773102164e-47
1.000000000000000000e+00
1.438974684857939434e-47
1.688036931529738655e-47
1.786296956110306187e-47
1.798526052443218706e-47
9.779867409330209650e-47
2.445451560380400808e-47
1.283638861097903263e-47
1.262163354525157662e-47
3.995887655082792421e-47
2.072907881183242365e-47
1.298877510696294167e-47
2.123221815052431924e-47
2.502371767891551010e-47
1.000000000000000000e+00
1.000000000000000000e+00
2.337207181922370897e-47
2.225653350154616373e-47
1.986202400631353212e-47
1.380755254861701285e-47
1.000000000000000000e+00
1.000000000000000000e+00
2.445353323247856881e-47
2.423363452765768680e-47
2.336610448677745112e-47
1.000000000000000000e+00
1.000000000000000000e+00
1.810875392815336143e-47
1.000000000000000000e+00
2.552215217474745803e-47
2.373166322738412348e-47
2.416751280602179509e-47
1.432527304318216345e-47
1.117315905134478704e-43
9.849254990780987873e-01
3.005945220647130808e-46
1.000000000000000000e+00
2.563826110193729158e-46
2.740033664294416118e-46
1.673359820849512333e-46
1.783112542650855736e-45
3.012931117800817662e-46
1.692383238567822476e-46
7.180345700725827292e-46
3.012930778091308045e-46
3.526551119635002402e-44
3.011648014102415093e-46
5.514734936608139249e-46
5.160951984159352334e-46
2.887341709507156301e-46
6.681895960141234713e-46
1.672433252619750924e-46
2.966538705437373227e-46
7.031318263792319511e-42
1.000000000000000000e+00
1.000000000000000000e+00
3.010346908817546826e-46
2.781050214176243881e-46
2.035394843958599379e-46
3.117718579456813570e-46
2.846578537967795378e-46
2.838061312295105725e-46
7.549640761524046946e-45
2.723794182975662638e-46
2.626703507626455563e-46
1.000000000000000000e+00
1.688296312746462278e-46
1.000000000000000000e+00
2.935069523907055442e-46
1.000000000000000000e+00
1.000000000000000000e+00
3.219802391783127913e-46
2.520692454969936831e-23
3.024843340761594509e-23
4.038898365299080897e-23
9.999999999159734365e-01
6.254239663132479967e-22
9.999999999998996358e-01
3.023556009979800052e-23
2.519145775172187032e-23
2.548557005602363559e-23
1.036085760411043375e-05
2.518609075618967948e-23
3.024637916918035665e-23
3.021994599952609171e-23
9.999999989315011550e-01
2.204443717025975100e-23
2.460786713774011918e-23
2.272959452134080068e-23
6.189541036101955365e-22
2.051976376582495106e-23
2.089993706239989843e-23
2.606679218579182107e-23
3.021936862773753927e-23
1.571488764811058271e-23
2.577801652673526453e-23
2.518707545069192459e-23
2.498587668808381659e-23
2.520209760266421198e-23
2.515339892631831660e-23
2.677100930521761984e-23
2.452988266835930178e-23
3.022009584225209416e-23
2.056407165454164454e-23
2.954721137755996017e-23
2.518188680013460604e-23
2.506816543316902658e-23
2.959232699714898493e-23
5.196869388557071289e-12
2.519562731683827158e-23
3.021612206759355544e-23
2.435637502891651872e-23
3.022449530117852107e-23
2.200301872894395280e-22
2.510058014583819571e-23
2.299215524164715864e-23
2.518813495258571436e-23
9.999999999961244335e-01
2.814180909537110593e-23
2.518722108509371395e-23
3.452927568242819820e-23
6.615835871789032634e-23
2.517316355952445220e-23
1.394067735047219887e-16
2.517032067542286500e-23
2.518664550332328532e-23
2.750079373853418332e-23
3.078148997528513693e-23
2.305604813196530866e-23
2.749107754031395001e-23
2.993460429735546012e-23
3.510224177066961433e-20
2.124722451143712721e-23
2.054261420679232740e-23
2.476300799969299456e-23
2.943335258436791725e-23
3.817039798682627100e-23
9.999999999999149569e-01
5.899655116201962350e-23
2.071977118524702147e-23
2.997250601569470798e-23
2.514640604088964004e-23
2.515084877088278497e-23
2.989937246375762494e-23
2.518519325202550409e-23
2.518987456517038448e-23
2.396274479230802289e-23
9.999999999722515298e-01
1.522348314067948155e-22
5.411891281553789898e-21
9.999999474027762014e-01
