1.388793725798525582e-11
1.388793725798525582e-11
1.388793724759418065e-11
1.388793725798525582e-11
1.388793725798525582e-11
1.388793725798525582e-11
1.388793725798525582e-11
1.388793725798525582e-11
1.388793725798525582e-11
1.388793725798525582e-11
1.388793439173615538e-11
1.388793725798525582e-11
1.388793725798525582e-11
1.388793725787305652e-11
1.388793725798525582e-11
1.388793725798525582e-11
1.388793725798525582e-11
1.388793725798525582e-11
1.388793724759393508e-11
1.388793725798525582e-11
1.388793725798525582e-11
1.388793725798525582e-11
1.388793725798525582e-11
1.388793725798446579e-11
1.388793725798525582e-11
1.388793725798525582e-11
1.388793725798525582e-11
1.388793725798525582e-11
1.388793724927311819e-11
1.388793725798525582e-11
1.388793725798421861e-11
1.388793725798525582e-11
1.388793725798525582e-11
1.388793725353440535e-11
1.388793725798525582e-11
1.388793725798525582e-11
1.388793725798525582e-11
1.388793725798525582e-11
1.388793725798525582e-11
