1.388793686727076671e-11
1.388793686727076671e-11
1.388793686727076671e-11
1.388793686727076671e-11
1.388793686727076671e-11
1.388793686727076671e-11
1.388793681168329250e-11
1.388793686727076671e-11
1.388793686727076671e-11
1.388793686727076671e-11
1.388793686727076671e-11
1.388793681587348091e-11
1.388793686727076671e-11
1.388793686727076671e-11
1.388793686727076671e-11
1.388793686727076671e-11
1.388793686727076671e-11
1.388793686727076671e-11
1.388793686727052114e-11
1.388793686727076671e-11
1.388793686727076671e-11
1.388793686727076671e-11
1.388793686727076671e-11
1.388793686727076671e-11
1.388793686727076671e-11
1.388793686727076671e-11
1.388793686727076671e-11
1.388793686727076671e-11
1.388793686727076671e-11
1.388793686727076671e-11
1.388793686727076671e-11
1.388793686727076671e-11
1.388793686727076671e-11
1.388793686727076671e-11
1.388793686727076671e-11
1.388793686727076671e-11
1.388793686727061969e-11
1.388793686727076671e-11
1.388793686727076671e-11
