1.388793733815918093e-11
1.388793733815918093e-11
1.388793733815918093e-11
1.388793733815918093e-11
1.388793733815918093e-11
1.388793733815918093e-11
1.388793733815918093e-11
1.388793733815918093e-11
1.388793733815918093e-11
1.388793733815903229e-11
1.388793733815918093e-11
1.388793733815918093e-11
1.388793733815918093e-11
1.388793733815918093e-11
1.388793733815918093e-11
1.388793733815918093e-11
1.388793733815918093e-11
1.388792104678270066e-11
1.388793733815918093e-11
1.388793733815918093e-11
1.388793733815918093e-11
1.388793733815918093e-11
1.388793733815918093e-11
1.388793733815918093e-11
1.388793733815918093e-11
1.388793733815918093e-11
1.388793733815918093e-11
1.388793733815918093e-11
1.388793733815918093e-11
1.388793733815918093e-11
1.388793733815918093e-11
1.388793733815918093e-11
1.388793733815918093e-11
1.388793733815918093e-11
1.388793733815918093e-11
1.388793733815918093e-11
1.388793733815918093e-11
1.388793733815291406e-11
1.388793733815918093e-11
