1.388545777685620219e-11
1.388545777686236889e-11
1.388545777685620219e-11
1.388545777685620219e-11
1.388545777685620219e-11
1.388545777685620219e-11
1.388545777685620219e-11
1.388545777685620219e-11
1.388545777685620219e-11
1.388545777685620219e-11
1.388545777685620219e-11
1.388545777685620219e-11
1.388545671412914737e-11
1.388545777685620219e-11
1.388545777685620219e-11
1.388545777685620219e-11
1.388545777685620219e-11
1.388545777685620219e-11
1.388545777685620219e-11
1.388545777685620219e-11
1.388545777685620219e-11
1.388545777685620219e-11
1.388545777685620219e-11
1.388545777685620219e-11
1.388545777685620219e-11
1.388545777685620219e-11
1.388545777685620219e-11
1.388545777685620219e-11
1.388545777685620219e-11
1.388545777685620219e-11
1.388545777685620219e-11
1.388545777685620219e-11
1.388545777685620219e-11
1.388545777685620219e-11
1.388545777685620219e-11
1.388545777685620219e-11
1.388545777685620219e-11
1.388545777685620219e-11
1.388545777685620219e-11
1.388545777685620219e-11
