1.388793716522660648e-11
1.388793716522660648e-11
1.388793716522660648e-11
1.388793716505297933e-11
1.388793716522660648e-11
1.388793716522660648e-11
1.388793716522660648e-11
1.388793716522660648e-11
1.388793716522660648e-11
1.388793716522660648e-11
1.388793716522660648e-11
1.388793716522660648e-11
1.388793716522581646e-11
1.388793716522626075e-11
1.388793716521269305e-11
1.388793716522660648e-11
1.388793716522660648e-11
1.388793716522660648e-11
1.388793716522660648e-11
1.388793716522660648e-11
1.388793716522660648e-11
1.388793716522660648e-11
1.388793716522660648e-11
1.388793716522650793e-11
1.388793716522660648e-11
1.388793716522660648e-11
1.388793716522660648e-11
1.388793716522660648e-11
1.388793716522660648e-11
1.388793716522660648e-11
1.388793716522660648e-11
1.388793716522660648e-11
1.388793716522660648e-11
1.388793716522660648e-11
1.388793716522660648e-11
1.388793716522226379e-11
1.388793716522660648e-11
1.388793716522660648e-11
1.388793716522660648e-11
