1.388793746461113743e-11
1.388793746461113743e-11
1.388793746461113743e-11
1.388793746461113743e-11
1.388793746461113743e-11
1.388793746461113743e-11
1.388793746461113743e-11
1.388793746461113743e-11
1.388793746461113743e-11
1.388793746461113743e-11
1.388793746461113743e-11
1.388793745858032514e-11
1.388793746461113743e-11
1.388793746461113743e-11
1.388793746461113743e-11
1.388793746461113743e-11
1.388793746461113743e-11
1.388793746461113743e-11
1.388793746461113743e-11
1.388793746461113743e-11
1.388793746461113743e-11
1.388793746461113743e-11
1.388793746461113743e-11
1.388793746314327635e-11
1.388793746461113743e-11
1.388793746461094033e-11
1.388793746461113743e-11
1.388793746461113743e-11
1.388793746461113743e-11
1.388793746461113743e-11
1.388793746461113743e-11
1.388793746461113743e-11
1.388793746461113743e-11
1.388793746461113743e-11
1.388793746103340518e-11
1.388793746461113743e-11
1.388793746461113743e-11
1.388793746461113743e-11
1.388793746461113743e-11
