1.081594151646610376e-11
1.081594151646610376e-11
1.081594151646610376e-11
1.081594151646610376e-11
1.081594151646610376e-11
1.081594151646610376e-11
1.081594151646610376e-11
1.081594151646610376e-11
1.081594151646610376e-11
1.081594151646610376e-11
1.081594151646610376e-11
1.081594151646610376e-11
1.081594151646664176e-11
1.081594151646610376e-11
1.081594151646610376e-11
1.081594151646610376e-11
1.081594151646610376e-11
1.081594151646610376e-11
1.081594151646610376e-11
1.081594151646610376e-11
1.081594151646610376e-11
1.081594151646610376e-11
1.081594151666476605e-11
1.081594151646610376e-11
1.081594151646610376e-11
1.081594151646610376e-11
1.081594151646610376e-11
1.081594151646610376e-11
1.081594151646610376e-11
1.081594151646610376e-11
1.081594151646610376e-11
1.081594151646610376e-11
1.081594151646618131e-11
1.081594151912694669e-11
1.081594151646610376e-11
1.081594151646610376e-11
1.081594151709505991e-11
1.081594151646610376e-11
1.081594151646610376e-11
1.081594151646610376e-11
