1.388793761399557297e-11
1.388793761399557297e-11
1.388793761399557297e-11
1.388793761399557297e-11
1.388793761399557297e-11
1.388793761399557297e-11
1.388793761399557297e-11
1.388793761399557297e-11
1.388793761399557297e-11
1.388793761399557297e-11
1.388793761399557297e-11
1.388793761399557297e-11
1.388793761399557297e-11
1.388793761399557297e-11
1.388793761399557297e-11
1.388793761399557297e-11
1.388793761399557297e-11
1.388793761399271176e-11
1.388793761399557297e-11
1.388793761399557297e-11
1.388793761393478650e-11
1.388793761399557297e-11
1.388793761399557297e-11
1.388793761399557297e-11
1.388793761399557297e-11
1.388793761399557297e-11
1.388793761399557297e-11
1.388793761399557297e-11
1.388793761399557297e-11
1.388793761375114433e-11
1.388793761399557297e-11
1.388793761399557297e-11
1.388793761399557297e-11
1.388793761399557297e-11
1.388793761399557297e-11
1.388793761399557297e-11
1.388793761399557297e-11
1.388793761399557297e-11
1.388793761399557297e-11
