1.388793682175750579e-11
1.388793682175750579e-11
1.388793682175750579e-11
1.388793682175750579e-11
1.388793682025387400e-11
1.388793682175750579e-11
1.388793682175750579e-11
1.388793682175750579e-11
1.388793682175750579e-11
1.388793682175750579e-11
1.388793682175750579e-11
1.388793682175750579e-11
1.388793682175750579e-11
1.388793682175750579e-11
1.388793682175750579e-11
1.388793682175750579e-11
1.388793682175750579e-11
1.388793682175750579e-11
1.388793682175750579e-11
1.388793682175750579e-11
1.388793682175750579e-11
1.388793682175750579e-11
1.388793682175750579e-11
1.388793682175750579e-11
1.388793682175750579e-11
1.388793682175750579e-11
1.388793682175750579e-11
1.388793682175750579e-11
1.388793682175750579e-11
1.388793682175750579e-11
1.388793682175750579e-11
1.388793682175750579e-11
1.388793682175750579e-11
1.388793682175750579e-11
1.388793682175750579e-11
1.388793682175750579e-11
1.388793682175750579e-11
1.388793682175750579e-11
1.388793682175750579e-11
