1.081619277031205058e-11
1.081619277031205058e-11
1.081619277031205058e-11
1.081619277031205058e-11
1.081619277031205058e-11
1.081619277031205058e-11
1.081619277031205058e-11
1.081619277031205058e-11
1.081619277031205058e-11
1.081619277031205058e-11
1.081619277031205058e-11
1.081619277031205058e-11
1.081619277031205058e-11
1.081619277031205058e-11
1.081619277031205058e-11
1.081619277031205058e-11
1.081619277031205058e-11
1.081619277031205058e-11
1.081619277031205058e-11
1.081619277031205058e-11
1.081619277031205058e-11
1.081619277031205058e-11
1.081619277031205058e-11
1.081619277031205058e-11
1.081619277031205058e-11
1.081619277031205058e-11
1.081619277031205058e-11
1.081619277031205058e-11
1.081619277031205058e-11
1.081619277031205058e-11
1.081619277031205058e-11
1.081619277031205058e-11
1.081619277031205058e-11
1.081619277031205058e-11
1.081619277031205058e-11
1.081619277031205058e-11
1.081619277031205058e-11
1.081619277031205058e-11
1.081619277031297146e-11
1.081619277031205058e-11
