1.388793725798525582e-11
1.388793725798525582e-11
1.388793724759418065e-11
1.388793725798525582e-11
1.388793725798525582e-11
1.388793725798525582e-11
1.388793725798525582e-11
1.388793725798525582e-11
1.388793725798525582e-11
1.388793725798525582e-11
1.388793439173615538e-11
1.388793725798525582e-11
1.388793725798525582e-11
1.388793725787305652e-11
1.388793725798525582e-11
1.388793725798525582e-11
1.388793725798525582e-11
1.388793725798525582e-11
1.388793724759393508e-11
1.388793725798525582e-11
1.388793725798525582e-11
1.388793725798525582e-11
1.388793725798525582e-11
1.388793725798446579e-11
1.388793725798525582e-11
1.388793725798525582e-11
1.388793725798525582e-11
1.388793725798525582e-11
1.388793724927311819e-11
1.388793725798525582e-11
1.388793725798421861e-11
1.388793725798525582e-11
1.388793725798525582e-11
1.388793725353440535e-11
1.388793725798525582e-11
1.388793725798525582e-11
1.388793725798525582e-11
1.388793725798525582e-11
1.388793725798525582e-11
1.388793686727076671e-11
1.388793686727076671e-11
1.388793686727076671e-11
1.388793686727076671e-11
1.388793686727076671e-11
1.388793686727076671e-11
1.388793681168329250e-11
1.388793686727076671e-11
1.388793686727076671e-11
1.388793686727076671e-11
1.388793686727076671e-11
1.388793681587348091e-11
1.388793686727076671e-11
1.388793686727076671e-11
1.388793686727076671e-11
1.388793686727076671e-11
1.388793686727076671e-11
1.388793686727076671e-11
1.388793686727052114e-11
1.388793686727076671e-11
1.388793686727076671e-11
1.388793686727076671e-11
1.388793686727076671e-11
1.388793686727076671e-11
1.388793686727076671e-11
1.388793686727076671e-11
1.388793686727076671e-11
1.388793686727076671e-11
1.388793686727076671e-11
1.388793686727076671e-11
1.388793686727076671e-11
1.388793686727076671e-11
1.388793686727076671e-11
1.388793686727076671e-11
1.388793686727076671e-11
1.388793686727076671e-11
1.388793686727061969e-11
1.388793686727076671e-11
1.388793686727076671e-11
1.388793733815918093e-11
1.388793733815918093e-11
1.388793733815918093e-11
1.388793733815918093e-11
1.388793733815918093e-11
1.388793733815918093e-11
1.388793733815918093e-11
1.388793733815918093e-11
1.388793733815918093e-11
1.388793733815903229e-11
1.388793733815918093e-11
1.388793733815918093e-11
1.388793733815918093e-11
1.388793733815918093e-11
1.388793733815918093e-11
1.388793733815918093e-11
1.388793733815918093e-11
1.388792104678270066e-11
1.388793733815918093e-11
1.388793733815918093e-11
1.388793733815918093e-11
1.388793733815918093e-11
1.388793733815918093e-11
1.388793733815918093e-11
1.388793733815918093e-11
1.388793733815918093e-11
1.388793733815918093e-11
1.388793733815918093e-11
1.388793733815918093e-11
1.388793733815918093e-11
1.388793733815918093e-11
1.388793733815918093e-11
1.388793733815918093e-11
1.388793733815918093e-11
1.388793733815918093e-11
1.388793733815918093e-11
1.388793733815918093e-11
1.388793733815291406e-11
1.388793733815918093e-11
1.388545777685620219e-11
1.388545777686236889e-11
1.388545777685620219e-11
1.388545777685620219e-11
1.388545777685620219e-11
1.388545777685620219e-11
1.388545777685620219e-11
1.388545777685620219e-11
1.388545777685620219e-11
1.388545777685620219e-11
1.388545777685620219e-11
1.388545777685620219e-11
1.388545671412914737e-11
1.388545777685620219e-11
1.388545777685620219e-11
1.388545777685620219e-11
1.388545777685620219e-11
1.388545777685620219e-11
1.388545777685620219e-11
1.388545777685620219e-11
1.388545777685620219e-11
1.388545777685620219e-11
1.388545777685620219e-11
1.388545777685620219e-11
1.388545777685620219e-11
1.388545777685620219e-11
1.388545777685620219e-11
1.388545777685620219e-11
1.388545777685620219e-11
1.388545777685620219e-11
1.388545777685620219e-11
1.388545777685620219e-11
1.388545777685620219e-11
1.388545777685620219e-11
1.388545777685620219e-11
1.388545777685620219e-11
1.388545777685620219e-11
1.388545777685620219e-11
1.388545777685620219e-11
1.388545777685620219e-11
1.388793716522660648e-11
1.388793716522660648e-11
1.388793716522660648e-11
1.388793716505297933e-11
1.388793716522660648e-11
1.388793716522660648e-11
1.388793716522660648e-11
1.388793716522660648e-11
1.388793716522660648e-11
1.388793716522660648e-11
1.388793716522660648e-11
1.388793716522660648e-11
1.388793716522581646e-11
1.388793716522626075e-11
1.388793716521269305e-11
1.388793716522660648e-11
1.388793716522660648e-11
1.388793716522660648e-11
1.388793716522660648e-11
1.388793716522660648e-11
1.388793716522660648e-11
1.388793716522660648e-11
1.388793716522660648e-11
1.388793716522650793e-11
1.388793716522660648e-11
1.388793716522660648e-11
1.388793716522660648e-11
1.388793716522660648e-11
1.388793716522660648e-11
1.388793716522660648e-11
1.388793716522660648e-11
1.388793716522660648e-11
1.388793716522660648e-11
1.388793716522660648e-11
1.388793716522660648e-11
1.388793716522226379e-11
1.388793716522660648e-11
1.388793716522660648e-11
1.388793716522660648e-11
1.388793746461113743e-11
1.388793746461113743e-11
1.388793746461113743e-11
1.388793746461113743e-11
1.388793746461113743e-11
1.388793746461113743e-11
1.388793746461113743e-11
1.388793746461113743e-11
1.388793746461113743e-11
1.388793746461113743e-11
1.388793746461113743e-11
1.388793745858032514e-11
1.388793746461113743e-11
1.388793746461113743e-11
1.388793746461113743e-11
1.388793746461113743e-11
1.388793746461113743e-11
1.388793746461113743e-11
1.388793746461113743e-11
1.388793746461113743e-11
1.388793746461113743e-11
1.388793746461113743e-11
1.388793746461113743e-11
1.388793746314327635e-11
1.388793746461113743e-11
1.388793746461094033e-11
1.388793746461113743e-11
1.388793746461113743e-11
1.388793746461113743e-11
1.388793746461113743e-11
1.388793746461113743e-11
1.388793746461113743e-11
1.388793746461113743e-11
1.388793746461113743e-11
1.388793746103340518e-11
1.388793746461113743e-11
1.388793746461113743e-11
1.388793746461113743e-11
1.388793746461113743e-11
1.081594151646610376e-11
1.081594151646610376e-11
1.081594151646610376e-11
1.081594151646610376e-11
1.081594151646610376e-11
1.081594151646610376e-11
1.081594151646610376e-11
1.081594151646610376e-11
1.081594151646610376e-11
1.081594151646610376e-11
1.081594151646610376e-11
1.081594151646610376e-11
1.081594151646664176e-11
1.081594151646610376e-11
1.081594151646610376e-11
1.081594151646610376e-11
1.081594151646610376e-11
1.081594151646610376e-11
1.081594151646610376e-11
1.081594151646610376e-11
1.081594151646610376e-11
1.081594151646610376e-11
1.081594151666476605e-11
1.081594151646610376e-11
1.081594151646610376e-11
1.081594151646610376e-11
1.081594151646610376e-11
1.081594151646610376e-11
1.081594151646610376e-11
1.081594151646610376e-11
1.081594151646610376e-11
1.081594151646610376e-11
1.081594151646618131e-11
1.081594151912694669e-11
1.081594151646610376e-11
1.081594151646610376e-11
1.081594151709505991e-11
1.081594151646610376e-11
1.081594151646610376e-11
1.081594151646610376e-11
1.388793761399557297e-11
1.388793761399557297e-11
1.388793761399557297e-11
1.388793761399557297e-11
1.388793761399557297e-11
1.388793761399557297e-11
1.388793761399557297e-11
1.388793761399557297e-11
1.388793761399557297e-11
1.388793761399557297e-11
1.388793761399557297e-11
1.388793761399557297e-11
1.388793761399557297e-11
1.388793761399557297e-11
1.388793761399557297e-11
1.388793761399557297e-11
1.388793761399557297e-11
1.388793761399271176e-11
1.388793761399557297e-11
1.388793761399557297e-11
1.388793761393478650e-11
1.388793761399557297e-11
1.388793761399557297e-11
1.388793761399557297e-11
1.388793761399557297e-11
1.388793761399557297e-11
1.388793761399557297e-11
1.388793761399557297e-11
1.388793761399557297e-11
1.388793761375114433e-11
1.388793761399557297e-11
1.388793761399557297e-11
1.388793761399557297e-11
1.388793761399557297e-11
1.388793761399557297e-11
1.388793761399557297e-11
1.388793761399557297e-11
1.388793761399557297e-11
1.388793761399557297e-11
1.388793682175750579e-11
1.388793682175750579e-11
1.388793682175750579e-11
1.388793682175750579e-11
1.388793682025387400e-11
1.388793682175750579e-11
1.388793682175750579e-11
1.388793682175750579e-11
1.388793682175750579e-11
1.388793682175750579e-11
1.388793682175750579e-11
1.388793682175750579e-11
1.388793682175750579e-11
1.388793682175750579e-11
1.388793682175750579e-11
1.388793682175750579e-11
1.388793682175750579e-11
1.388793682175750579e-11
1.388793682175750579e-11
1.388793682175750579e-11
1.388793682175750579e-11
1.388793682175750579e-11
1.388793682175750579e-11
1.388793682175750579e-11
1.388793682175750579e-11
1.388793682175750579e-11
1.388793682175750579e-11
1.388793682175750579e-11
1.388793682175750579e-11
1.388793682175750579e-11
1.388793682175750579e-11
1.388793682175750579e-11
1.388793682175750579e-11
1.388793682175750579e-11
1.388793682175750579e-11
1.388793682175750579e-11
1.388793682175750579e-11
1.388793682175750579e-11
1.388793682175750579e-11
1.081619277031205058e-11
1.081619277031205058e-11
1.081619277031205058e-11
1.081619277031205058e-11
1.081619277031205058e-11
1.081619277031205058e-11
1.081619277031205058e-11
1.081619277031205058e-11
1.081619277031205058e-11
1.081619277031205058e-11
1.081619277031205058e-11
1.081619277031205058e-11
1.081619277031205058e-11
1.081619277031205058e-11
1.081619277031205058e-11
1.081619277031205058e-11
1.081619277031205058e-11
1.081619277031205058e-11
1.081619277031205058e-11
1.081619277031205058e-11
1.081619277031205058e-11
1.081619277031205058e-11
1.081619277031205058e-11
1.081619277031205058e-11
1.081619277031205058e-11
1.081619277031205058e-11
1.081619277031205058e-11
1.081619277031205058e-11
1.081619277031205058e-11
1.081619277031205058e-11
1.081619277031205058e-11
1.081619277031205058e-11
1.081619277031205058e-11
1.081619277031205058e-11
1.081619277031205058e-11
1.081619277031205058e-11
1.081619277031205058e-11
1.081619277031205058e-11
1.081619277031297146e-11
1.081619277031205058e-11
