4.378234988972345421e-01
4.378234988971951847e-01
4.378234988972345421e-01
4.378234988972345421e-01
4.378234988972345421e-01
1.081594059420884269e-11
4.378234988972345421e-01
4.378234988972345421e-01
4.378234988972345421e-01
4.378234988972345421e-01
1.081594059420884269e-11
4.378234988972345421e-01
1.081594059420884269e-11
1.081594059420884269e-11
4.378234988972345421e-01
1.081594059420884269e-11
1.081594059420884269e-11
1.081594059420884269e-11
4.378234988972345421e-01
4.378234988972345421e-01
4.378234988972345421e-01
4.378234988972345421e-01
1.081594059420884269e-11
1.081594059420884269e-11
4.378234988972345421e-01
4.378234988972345421e-01
1.081594059420884269e-11
1.081594059420884269e-11
4.378234988972345421e-01
1.081594059420884269e-11
4.378234988972345421e-01
4.378234988972345421e-01
4.378234988972345421e-01
4.378234988972345421e-01
4.378234988972345421e-01
4.378234988972345421e-01
1.081594059420884269e-11
4.378234988972345421e-01
1.081594059420884269e-11
