3.766124145462647066e-01
4.378234988998968014e-01
4.378234988998968014e-01
4.378234988998968014e-01
4.378234988998968014e-01
4.378234988998968014e-01
1.081594060602428087e-11
4.378234988998968014e-01
4.378234988998968014e-01
4.378234988998968014e-01
4.378234988998968014e-01
4.378234988998968014e-01
1.081594060602428087e-11
4.378234988998968014e-01
4.378234988998968014e-01
1.081594060602428087e-11
1.081594060602428087e-11
4.378234988998968014e-01
4.378234988998968014e-01
4.378234988998968014e-01
4.378234988998968014e-01
1.081594060602428087e-11
1.081594060602428087e-11
4.378234988998968014e-01
4.378234988998968014e-01
4.378234988998968014e-01
4.378234988998968014e-01
4.378234988998968014e-01
1.081594060602428087e-11
4.378234988998968014e-01
1.081594060602428087e-11
4.378234988998968014e-01
1.081594060602428087e-11
1.081594060602428087e-11
1.081594060602428087e-11
1.081594060602428087e-11
4.378234988998968014e-01
4.378234988998968014e-01
1.081594060602428087e-11
