1.081594055876229552e-11
4.378234988892480972e-01
1.081594055876229552e-11
1.081594055876229552e-11
1.081594055876229552e-11
4.378234988892480972e-01
4.378234988892480972e-01
1.081594055876229552e-11
4.378234988892480972e-01
4.378234988892480972e-01
4.378234988892480972e-01
4.378234988892480972e-01
4.378234988892480972e-01
1.081594055876229552e-11
4.378234988892480972e-01
4.378234988892480972e-01
4.378234988892480972e-01
1.081594055876229552e-11
4.378234988892480972e-01
4.378234988892480972e-01
4.378234988892480972e-01
4.378234988892480972e-01
4.378234988892480972e-01
4.378234988892480972e-01
4.378234988892480972e-01
4.378234988892480972e-01
4.378234988892480972e-01
4.378234988892480972e-01
1.081594055876229552e-11
1.081594055876229552e-11
4.378234988892480972e-01
1.081594055876229552e-11
4.378234988892480972e-01
1.081594055876229552e-11
4.378234988892480972e-01
1.081594055876229552e-11
4.378234988892480972e-01
1.081594055876229552e-11
4.378234988885210122e-01
1.081594055876229552e-11
