1.081594059420884269e-11
1.081594059420884269e-11
4.378234988972345421e-01
4.378234988972345421e-01
1.081594059420884269e-11
4.378234988972345421e-01
1.081594059420884269e-11
4.378234988972345421e-01
1.081594059420884269e-11
4.378234988972345421e-01
4.378234988972345421e-01
1.081594059420884269e-11
4.378234988972345421e-01
4.378234988972345421e-01
4.378234988972345421e-01
4.378234988972345421e-01
4.378234988972345421e-01
4.378234988972345421e-01
4.378234988972345421e-01
4.378234988972345421e-01
4.378234988972345421e-01
1.081594059420884269e-11
4.378234988972345421e-01
1.081594059420884269e-11
1.081594059420884269e-11
4.378234988972345421e-01
1.081594059420884269e-11
4.378234988972345421e-01
1.081594059420884269e-11
1.081594059420884269e-11
4.378234988972345421e-01
1.081594059420884269e-11
1.081594059420884269e-11
1.081594059420884269e-11
2.061179680307080805e-09
1.081594059420884269e-11
4.378234988972345421e-01
4.378234988972345421e-01
4.378234988972345421e-01
