4.378234988919102455e-01
4.378234988919102455e-01
4.378234988919102455e-01
4.378234988919102455e-01
4.378234988919102455e-01
4.378234988919102455e-01
1.081594057057765777e-11
4.378234988919102455e-01
4.378234988919102455e-01
1.081594057057765777e-11
4.378234988919102455e-01
1.081594057057765777e-11
4.378234988919102455e-01
1.081594057057765777e-11
4.378234988919102455e-01
4.378234988919102455e-01
4.378234988919102455e-01
4.378234988919102455e-01
1.081594057057765777e-11
1.081594057057765777e-11
1.081594057057765777e-11
4.378234988919102455e-01
4.378234988919102455e-01
1.081594057057765777e-11
4.378234988919102455e-01
4.378234988919102455e-01
4.378234988919102455e-01
4.378234988919102455e-01
4.378234988919102455e-01
1.081594057057765777e-11
4.378234988919102455e-01
4.378234988919102455e-01
4.378234988919102455e-01
4.378234988919102455e-01
4.378234988919102455e-01
4.378234988919102455e-01
4.378234988919102455e-01
4.378234988919102455e-01
4.378234988919102455e-01
