1.081594058239324942e-11
1.081594058239324942e-11
4.378234988945723938e-01
4.378234988945723938e-01
4.378234988945723938e-01
4.378234988945723938e-01
4.378234988945723938e-01
1.081594058239324942e-11
4.378234988945723938e-01
4.378234988945723938e-01
1.081594058239324942e-11
1.081594058239324942e-11
1.081594058239324942e-11
4.378234988945723938e-01
4.378234988945723938e-01
4.378234988945723938e-01
1.081594058239324942e-11
4.378234988945723938e-01
4.378234988945723938e-01
1.081594058239324942e-11
4.378234988945723938e-01
1.081594058239324942e-11
1.081594058239324942e-11
1.081594058239324942e-11
1.081594058239324942e-11
4.378234988945723938e-01
1.081594058239324942e-11
4.378234988945723938e-01
4.378234988945723938e-01
4.378234988945723938e-01
1.081594058239324942e-11
1.081594058239324942e-11
1.081594058239324942e-11
1.081594058239324942e-11
4.378234988945723938e-01
4.378234988945723938e-01
4.378234988945723938e-01
1.081594058239324942e-11
1.081594058239324942e-11
