1.081594059420884269e-11
1.081594059420884269e-11
4.378234988972345421e-01
4.378234988972345421e-01
1.081594059420884269e-11
4.378234988972345421e-01
4.378234988972345421e-01
4.378234988972345421e-01
1.081594059420884269e-11
4.378234988972345421e-01
4.378234988972345421e-01
4.378234988972345421e-01
4.378234988972345421e-01
4.378234988972345421e-01
4.378234988972345421e-01
4.378234988972345421e-01
4.378234988972345421e-01
4.378234988972345421e-01
1.081594059420884269e-11
1.081594059420884269e-11
4.378234988972345421e-01
1.081594059420884269e-11
1.081594059420884269e-11
4.378234988972345421e-01
4.378234988972345421e-01
4.378234988972345421e-01
4.378234988972345421e-01
1.081594059420884269e-11
4.378234988972345421e-01
4.378234988972345421e-01
4.378234988972345421e-01
4.378234988972345421e-01
1.081594059420884269e-11
4.378234988972345421e-01
1.081594059420884269e-11
4.378234988972345421e-01
1.081594059420884269e-11
4.378234988972345421e-01
1.081594059420884269e-11
4.378234988972345421e-01
4.378234988971951847e-01
4.378234988972345421e-01
4.378234988972345421e-01
4.378234988972345421e-01
1.081594059420884269e-11
4.378234988972345421e-01
4.378234988972345421e-01
4.378234988972345421e-01
4.378234988972345421e-01
1.081594059420884269e-11
4.378234988972345421e-01
1.081594059420884269e-11
1.081594059420884269e-11
4.378234988972345421e-01
1.081594059420884269e-11
1.081594059420884269e-11
1.081594059420884269e-11
4.378234988972345421e-01
4.378234988972345421e-01
4.378234988972345421e-01
4.378234988972345421e-01
1.081594059420884269e-11
1.081594059420884269e-11
4.378234988972345421e-01
4.378234988972345421e-01
1.081594059420884269e-11
1.081594059420884269e-11
4.378234988972345421e-01
1.081594059420884269e-11
4.378234988972345421e-01
4.378234988972345421e-01
4.378234988972345421e-01
4.378234988972345421e-01
4.378234988972345421e-01
4.378234988972345421e-01
1.081594059420884269e-11
4.378234988972345421e-01
1.081594059420884269e-11
3.766124145462647066e-01
4.378234988998968014e-01
4.378234988998968014e-01
4.378234988998968014e-01
4.378234988998968014e-01
4.378234988998968014e-01
1.081594060602428087e-11
4.378234988998968014e-01
4.378234988998968014e-01
4.378234988998968014e-01
4.378234988998968014e-01
4.378234988998968014e-01
1.081594060602428087e-11
4.378234988998968014e-01
4.378234988998968014e-01
1.081594060602428087e-11
1.081594060602428087e-11
4.378234988998968014e-01
4.378234988998968014e-01
4.378234988998968014e-01
4.378234988998968014e-01
1.081594060602428087e-11
1.081594060602428087e-11
4.378234988998968014e-01
4.378234988998968014e-01
4.378234988998968014e-01
4.378234988998968014e-01
4.378234988998968014e-01
1.081594060602428087e-11
4.378234988998968014e-01
1.081594060602428087e-11
4.378234988998968014e-01
1.081594060602428087e-11
1.081594060602428087e-11
1.081594060602428087e-11
1.081594060602428087e-11
4.378234988998968014e-01
4.378234988998968014e-01
1.081594060602428087e-11
1.081594055876229552e-11
4.378234988892480972e-01
1.081594055876229552e-11
1.081594055876229552e-11
1.081594055876229552e-11
4.378234988892480972e-01
4.378234988892480972e-01
1.081594055876229552e-11
4.378234988892480972e-01
4.378234988892480972e-01
4.378234988892480972e-01
4.378234988892480972e-01
4.378234988892480972e-01
1.081594055876229552e-11
4.378234988892480972e-01
4.378234988892480972e-01
4.378234988892480972e-01
1.081594055876229552e-11
4.378234988892480972e-01
4.378234988892480972e-01
4.378234988892480972e-01
4.378234988892480972e-01
4.378234988892480972e-01
4.378234988892480972e-01
4.378234988892480972e-01
4.378234988892480972e-01
4.378234988892480972e-01
4.378234988892480972e-01
1.081594055876229552e-11
1.081594055876229552e-11
4.378234988892480972e-01
1.081594055876229552e-11
4.378234988892480972e-01
1.081594055876229552e-11
4.378234988892480972e-01
1.081594055876229552e-11
4.378234988892480972e-01
1.081594055876229552e-11
4.378234988885210122e-01
1.081594055876229552e-11
1.081594059420884269e-11
1.081594059420884269e-11
4.378234988972345421e-01
4.378234988972345421e-01
1.081594059420884269e-11
4.378234988972345421e-01
1.081594059420884269e-11
4.378234988972345421e-01
1.081594059420884269e-11
4.378234988972345421e-01
4.378234988972345421e-01
1.081594059420884269e-11
4.378234988972345421e-01
4.378234988972345421e-01
4.378234988972345421e-01
4.378234988972345421e-01
4.378234988972345421e-01
4.378234988972345421e-01
4.378234988972345421e-01
4.378234988972345421e-01
4.378234988972345421e-01
1.081594059420884269e-11
4.378234988972345421e-01
1.081594059420884269e-11
1.081594059420884269e-11
4.378234988972345421e-01
1.081594059420884269e-11
4.378234988972345421e-01
1.081594059420884269e-11
1.081594059420884269e-11
4.378234988972345421e-01
1.081594059420884269e-11
1.081594059420884269e-11
1.081594059420884269e-11
2.061179680307080805e-09
1.081594059420884269e-11
4.378234988972345421e-01
4.378234988972345421e-01
4.378234988972345421e-01
4.378234988892480972e-01
4.378234988892480972e-01
1.081594055876229552e-11
4.378234988892480972e-01
1.081594055876229552e-11
1.081594055876229552e-11
1.081594055876229552e-11
1.081594055876229552e-11
4.378234988892480972e-01
4.378234988892480972e-01
4.378234988892480972e-01
4.378234988892480972e-01
4.378234988892480972e-01
4.378234988892480972e-01
4.378234988892480972e-01
1.081594055876229552e-11
4.378234988892480972e-01
4.378234988892480972e-01
4.378234988892480972e-01
4.378234988892480972e-01
4.378234988892480972e-01
4.378234988892480972e-01
1.081594055876229552e-11
4.378234988892480972e-01
4.378234988892480972e-01
4.378234988892480972e-01
4.378234988892480972e-01
1.081594055876229552e-11
4.378234988892480972e-01
4.378234988892480972e-01
1.081594055876229552e-11
1.081594055876229552e-11
4.378234988892480972e-01
1.081594055876229552e-11
4.378234988892480972e-01
4.378234988892480972e-01
4.378234988892480972e-01
4.378234988892480972e-01
1.081594055876229552e-11
4.378234988945723938e-01
1.081594058239324942e-11
1.081594058239324942e-11
4.378234988945723938e-01
1.081594058239324942e-11
1.081594058239324942e-11
4.378234988945723938e-01
4.378234988945723938e-01
4.378234988945723938e-01
1.081594058239324942e-11
4.378234988945723938e-01
4.378234988945723938e-01
4.378234988945723938e-01
4.378234988945723938e-01
4.378234988945723938e-01
1.081594058239324942e-11
4.378234988945723938e-01
4.378234988945723938e-01
4.378234988945723938e-01
4.378234988945723938e-01
1.081594058239324942e-11
4.378234988945723938e-01
4.378234988945723938e-01
4.378234988945723938e-01
4.378234988945723938e-01
1.081594058239324942e-11
1.081594058239324942e-11
4.378234988945723938e-01
4.378234988945723938e-01
2.229100299320628809e-01
1.081594058239324942e-11
4.378234988945723938e-01
4.378234988945723938e-01
4.378234988945723938e-01
1.081594058239324942e-11
4.378234988945723938e-01
4.378234988945723938e-01
1.081594058239324942e-11
4.378234988945723938e-01
4.378234988945723938e-01
4.378234988919102455e-01
4.378234988919102455e-01
4.378234988919102455e-01
4.378234988919102455e-01
4.378234988919102455e-01
4.378234988919102455e-01
1.081594057057765777e-11
4.378234988919102455e-01
4.378234988919102455e-01
1.081594057057765777e-11
4.378234988919102455e-01
1.081594057057765777e-11
4.378234988919102455e-01
1.081594057057765777e-11
4.378234988919102455e-01
4.378234988919102455e-01
4.378234988919102455e-01
4.378234988919102455e-01
1.081594057057765777e-11
1.081594057057765777e-11
1.081594057057765777e-11
4.378234988919102455e-01
4.378234988919102455e-01
1.081594057057765777e-11
4.378234988919102455e-01
4.378234988919102455e-01
4.378234988919102455e-01
4.378234988919102455e-01
4.378234988919102455e-01
1.081594057057765777e-11
4.378234988919102455e-01
4.378234988919102455e-01
4.378234988919102455e-01
4.378234988919102455e-01
4.378234988919102455e-01
4.378234988919102455e-01
4.378234988919102455e-01
4.378234988919102455e-01
4.378234988919102455e-01
1.081594058239324942e-11
1.081594058239324942e-11
4.378234988945723938e-01
4.378234988945723938e-01
4.378234988945723938e-01
4.378234988945723938e-01
4.378234988945723938e-01
1.081594058239324942e-11
4.378234988945723938e-01
4.378234988945723938e-01
1.081594058239324942e-11
1.081594058239324942e-11
1.081594058239324942e-11
4.378234988945723938e-01
4.378234988945723938e-01
4.378234988945723938e-01
1.081594058239324942e-11
4.378234988945723938e-01
4.378234988945723938e-01
1.081594058239324942e-11
4.378234988945723938e-01
1.081594058239324942e-11
1.081594058239324942e-11
1.081594058239324942e-11
1.081594058239324942e-11
4.378234988945723938e-01
1.081594058239324942e-11
4.378234988945723938e-01
4.378234988945723938e-01
4.378234988945723938e-01
1.081594058239324942e-11
1.081594058239324942e-11
1.081594058239324942e-11
1.081594058239324942e-11
4.378234988945723938e-01
4.378234988945723938e-01
4.378234988945723938e-01
1.081594058239324942e-11
1.081594058239324942e-11
4.378234988945723938e-01
1.081594058239324942e-11
4.378234988945723938e-01
4.378234988945723938e-01
4.378234988945723938e-01
4.378234988945723938e-01
4.378234988945723938e-01
1.081594058239324942e-11
1.081594058239324942e-11
1.081594058239324942e-11
1.081594058239324942e-11
1.081594058239324942e-11
4.378234988945723938e-01
1.081594058239324942e-11
1.081594058239324942e-11
1.081594058239324942e-11
4.378234988945723938e-01
4.378234988945723938e-01
4.378234988945723938e-01
1.081594058239324942e-11
4.378234988945723938e-01
4.378234988945723938e-01
1.081594058239324942e-11
4.378234988945723938e-01
1.081594058239324942e-11
4.378234988945723938e-01
4.378234988945723938e-01
1.081594058239324942e-11
1.081594058239324942e-11
1.081594058239324942e-11
4.378234988945723938e-01
4.378234988945723938e-01
4.378234988945723938e-01
4.378234988945723938e-01
1.081594058239324942e-11
4.378234988945723938e-01
4.378234988945723938e-01
4.378234988945723938e-01
4.378234988945723938e-01
4.378234988945723938e-01
