9.835246400442834158e-01
9.631281013331447483e-01
9.861159642581514007e-01
9.829441215434376877e-01
9.794373648922929387e-01
9.843946961904052051e-01
9.834837811364889326e-01
9.726108100124145617e-01
9.579753762357192670e-01
9.850343987383910482e-01
9.729012386829413161e-01
9.574041662700444322e-01
9.779932887218151238e-01
9.849403708347148623e-01
9.785429996560108812e-01
9.846586921809475923e-01
9.827390442056876951e-01
9.446490101928145533e-01
9.832101147969238841e-01
9.854476091483890254e-01
9.820686403633350769e-01
9.829941830542497927e-01
9.705619230877997605e-01
9.848930106375491933e-01
9.745104005644037448e-01
9.854844722751194830e-01
9.706184886281896684e-01
9.829376210141601566e-01
9.851952325372809183e-01
9.859236895325751426e-01
9.606480532310165410e-01
9.838348258571986138e-01
9.819606059177045099e-01
9.563116074758462037e-01
9.842051726452430982e-01
9.846903812678260426e-01
9.331881895823573858e-01
9.647505438237206077e-01
9.705870159574365719e-01
9.855376585485295937e-01
9.651097801738343085e-01
9.822465635188490918e-01
9.825768299516693949e-01
9.823493266723453132e-01
9.580605721449186873e-01
9.847875305868459828e-01
9.840501772083677379e-01
9.850411483522385492e-01
9.858960210741836150e-01
9.571126126975808557e-01
9.490518746457889954e-01
9.850009652479276845e-01
9.718349441641241926e-01
9.817489606782203726e-01
9.760741212827920288e-01
9.852210045014598849e-01
9.854059331967761626e-01
9.847714643511871202e-01
9.336037913989068127e-01
9.525221476772413043e-01
9.686184949362329766e-01
9.852256913863413068e-01
9.850311849286017551e-01
9.850337449532831080e-01
