9.909201073914810642e-01
9.890000121312150227e-01
9.795577594761770701e-01
9.881900928961335762e-01
9.349423792810755973e-01
9.821562295676203869e-01
9.889026670345281156e-01
9.657302470992163990e-01
9.892981867976045063e-01
9.633393123004155845e-01
9.903075638868893416e-01
9.881641575310861070e-01
9.813633091426215982e-01
9.661616688411854836e-01
9.533439629980151597e-01
9.889428723535651500e-01
9.699636236793355293e-01
9.903765173872505212e-01
9.877007128410004722e-01
9.632947384052072959e-01
9.236463189911514604e-01
9.488804818685394604e-01
9.892108378302071348e-01
9.868471704455591409e-01
9.576519809871879563e-01
9.476319546746345690e-01
9.884972586310644127e-01
9.888768319211015401e-01
9.900081840727995575e-01
9.909808505319992467e-01
9.898109554069906002e-01
9.893619153263413235e-01
9.859928107056913360e-01
9.888707521594342076e-01
9.894885707722180790e-01
9.896030778280676676e-01
9.897370143741770487e-01
9.508051816654494726e-01
9.905054583976766747e-01
9.896004930816820755e-01
9.888416156621405717e-01
9.906374954757193318e-01
9.639158637075097014e-01
9.890537806949353250e-01
9.896689508728044871e-01
9.768772121819956356e-01
9.899146600712064314e-01
9.855435335332194402e-01
9.874595347127167466e-01
9.561075896465907054e-01
9.888571885924926086e-01
9.608759520507395013e-01
9.882772958656242945e-01
9.864758227624434994e-01
9.618520462962300011e-01
9.896993224499457398e-01
9.899106498385787933e-01
9.894766203899254542e-01
9.895358606955967362e-01
9.898552876870024830e-01
9.582904184538296732e-01
9.850867155462605940e-01
9.902638682348824384e-01
9.633993322700745709e-01
