9.897383342809811246e-01
9.895069302085950369e-01
9.914087717876561845e-01
9.920619129455433560e-01
9.896849731724950416e-01
9.343903821418410027e-01
9.793517105835910508e-01
9.554771866135305380e-01
9.912698077695024645e-01
9.886051558781688842e-01
9.348965004390277223e-01
9.895865655103945890e-01
9.906199707138685362e-01
9.904566772201190972e-01
9.075381375669521189e-01
9.744158518359247179e-01
9.704294623357112570e-01
9.858961352954610513e-01
9.906916041493303293e-01
9.916408622358201530e-01
9.664629173870498136e-01
9.563758134481321616e-01
9.905372909430055772e-01
9.911652528236979398e-01
9.889462097855623579e-01
9.886219132975587742e-01
9.563555211766022746e-01
9.749699069701934784e-01
9.523315350026584358e-01
9.897293911613732620e-01
9.899938510974604089e-01
9.895312484097751327e-01
9.875005134080900859e-01
9.752983646599068246e-01
9.869803924399247474e-01
9.907702037412456919e-01
9.848799296616762566e-01
9.702170726002499190e-01
9.884706202856411439e-01
9.441463200692729041e-01
9.761110656326116297e-01
9.567157442676061940e-01
9.900128166436832355e-01
9.590018627801949469e-01
9.911929050792872564e-01
9.680138541707236088e-01
9.556376200853968772e-01
9.885832191320674811e-01
9.906681906237785329e-01
9.894521996766136862e-01
9.903407579334463362e-01
9.759640345874698308e-01
9.881993523020410342e-01
9.075073209970794252e-01
9.907965541381880126e-01
9.906259967151394008e-01
9.918734563721570696e-01
9.656531364200893197e-01
9.922655073429891281e-01
9.736649441516016523e-01
9.891502421435865999e-01
9.874091128987115829e-01
9.685663274799125588e-01
9.902411479388747440e-01
