9.836034927372798720e-01
9.447760105270425202e-01
9.628788322208891026e-01
9.837798265279509291e-01
9.651467061987730744e-01
9.811754667612271330e-01
9.486010129931545798e-01
9.837470622595605452e-01
9.851628752433096992e-01
9.821636084496166985e-01
9.421019085438672169e-01
9.837495649096662520e-01
9.548892329335609830e-01
9.848538180849567558e-01
9.839122589009440256e-01
9.838259114075622591e-01
9.827714766123254453e-01
9.868141165830397465e-01
9.525807173645884918e-01
9.837558202678587937e-01
9.779960927959682193e-01
9.848292731881663764e-01
9.837153282708405166e-01
9.497035462412581897e-01
9.872882004760233920e-01
9.530155983324548608e-01
9.615609053257677674e-01
9.836426800440112306e-01
9.836434646232790069e-01
9.844193222982168257e-01
9.861464082326112379e-01
9.517360342645966309e-01
9.822879726051124694e-01
9.848033875943499327e-01
9.691061342859933481e-01
9.709996773255801239e-01
9.233480798247351018e-01
9.850726352830395660e-01
9.859197454863973809e-01
9.832400767710938183e-01
9.848153311728603532e-01
9.863398272826697788e-01
9.837163053941186952e-01
9.847298018442494083e-01
9.828573052430824575e-01
9.865727130992916205e-01
9.854928968353929841e-01
9.843558351232614134e-01
9.808272138563410847e-01
9.653940619904800569e-01
9.857165039784659966e-01
9.717611939144676914e-01
9.841388276244809052e-01
9.814672159526794948e-01
9.851273022465887319e-01
9.830655699612826925e-01
9.876169685188406211e-01
9.853824922589440316e-01
9.577694777374003987e-01
9.530015880757015667e-01
9.787762752384459031e-01
9.841522241496711843e-01
9.867722707321257003e-01
9.878081987178268797e-01
