9.680192049498856921e-01
9.953195581250499080e-01
9.943251038868015090e-01
9.939647688776009904e-01
9.956419467720277749e-01
9.947631904839544514e-01
9.962930591842996675e-01
9.613083389833233516e-01
9.953161135543225901e-01
9.956973734767686768e-01
9.401404625551444960e-01
9.957575152517930128e-01
8.975114262920117492e-01
9.682467245321049187e-01
9.636105266430793348e-01
9.952712655911883921e-01
9.958138162544509786e-01
9.918603224633835147e-01
9.938581810122860682e-01
9.625977825303858593e-01
9.948240016486770143e-01
9.396819295823385376e-01
9.956736789668978460e-01
9.822529430263288175e-01
9.953566487224310144e-01
9.949164654577393740e-01
9.942860825716971496e-01
9.457502904275598699e-01
9.953877969177837848e-01
9.659883831178660563e-01
9.947753182246267256e-01
9.952088132299288237e-01
9.953496374911950939e-01
9.668531511776435883e-01
9.954698385307690911e-01
9.957747559073187871e-01
9.647079321836505850e-01
9.951722245885260554e-01
9.583291916273012356e-01
9.403712275801411336e-01
9.951606851650629526e-01
9.925124741140115558e-01
9.708887996266554188e-01
9.936703003161752035e-01
9.651788121071318560e-01
9.953791823941962047e-01
9.948171082566097390e-01
9.959448055458725024e-01
9.950403387016379941e-01
9.668020458529643646e-01
9.656092397197542088e-01
9.956352708374145433e-01
9.954582307851849166e-01
9.788781353093816140e-01
9.958048869308917528e-01
9.778005757799786979e-01
9.943645886819705293e-01
9.883124692222069463e-01
9.928896563902217531e-01
9.955571743021521813e-01
9.644939944428417844e-01
9.954988525137666855e-01
9.950368798540415449e-01
9.654339573324859369e-01
