9.917943240127129467e-01
9.547003498526575038e-01
9.906075815613407665e-01
9.914738763738548677e-01
9.534080955907333621e-01
9.919186094741491155e-01
9.700850599252534012e-01
9.918336140831141012e-01
9.912133206853825929e-01
9.889652486944775500e-01
9.912145365082136728e-01
9.904475602370648168e-01
8.318065659995605987e-01
9.906848632606993776e-01
9.902469244913796320e-01
9.899257498053276594e-01
9.906106962771935587e-01
9.872661250079226569e-01
9.914167540563108005e-01
9.912029194867870707e-01
9.431969514126956611e-01
9.455676694139479865e-01
9.911546431489420828e-01
9.574097666481933278e-01
9.737864786135576045e-01
9.870808442019740614e-01
9.913165527944908240e-01
9.887507051142198078e-01
9.883926518965283625e-01
9.916244677957427589e-01
9.213309275577175050e-01
9.917292613203164686e-01
9.909307780453989745e-01
9.900342511007587110e-01
9.746969369863275334e-01
9.659359992169164189e-01
9.906426450517620275e-01
9.906650736770116206e-01
9.899053726123128172e-01
9.916645782182998969e-01
9.446206170073396802e-01
9.906175600129933922e-01
9.915581818069187925e-01
9.908031121868581259e-01
9.913590805680512208e-01
9.907187686297885820e-01
9.924597997652894188e-01
9.900912630102369771e-01
9.916180499089187750e-01
9.684209270083657950e-01
9.544956273843824279e-01
9.903184631286584549e-01
9.757433986194831155e-01
9.910574115332319023e-01
9.655931289576104026e-01
9.911746217652851465e-01
8.920433691818454580e-01
9.899208843499172072e-01
9.913466789926629330e-01
9.912776803866051312e-01
9.525063661868663489e-01
9.914203081602248613e-01
9.906789572043207537e-01
9.658968728038581641e-01
