9.587999685009784834e-01
9.519054732852324507e-01
9.576794835456488020e-01
9.555428376372588906e-01
9.524517004650263630e-01
9.589778024735545747e-01
9.675468953032069219e-01
9.636953707843211037e-01
9.539999785623494155e-01
9.585569669627239664e-01
9.663775651550611245e-01
9.694180737079743926e-01
9.551148517844051389e-01
9.553053566514135841e-01
8.641353049260872554e-01
8.869438376043815575e-01
9.570735125537708221e-01
9.713977771443411680e-01
9.708361887865316620e-01
9.652213601127616061e-01
9.650210119671097653e-01
9.642698313140570798e-01
9.397657695086774066e-01
9.468271706004161015e-01
9.604808772095982938e-01
8.641353049260872554e-01
9.430447091463058928e-01
9.530570165794719495e-01
9.641935507269308037e-01
9.590120296975029879e-01
9.386089562695740796e-01
9.669196198708311929e-01
9.616436542525533815e-01
9.665705853133426118e-01
9.587883414100221158e-01
9.586367298625091404e-01
9.367271981804934367e-01
9.583265857767410134e-01
9.487596293496354249e-01
9.700694524063855351e-01
9.692273054123550224e-01
9.494015473282148010e-01
9.611230658899403423e-01
9.517804351308616351e-01
9.568108557251722157e-01
9.586224854107509019e-01
9.535179496902131957e-01
9.539297463765714635e-01
9.577836257948391108e-01
9.605181797254049858e-01
9.530332689081406627e-01
9.656262550771965714e-01
9.627776231149831609e-01
9.654955671831568775e-01
9.607809868908774309e-01
9.611559791345872794e-01
9.557840213174300104e-01
9.585013857644411051e-01
9.418108000381402167e-01
9.498033407509379744e-01
9.714199886851120347e-01
9.506026803471483433e-01
9.567642596423351353e-01
9.518602587457675179e-01
