8.209874638808757341e-01
8.210861179612750638e-01
8.187919672727148601e-01
7.826042388240435077e-01
8.190193816474106159e-01
8.254277652652042274e-01
8.109295470821966667e-01
8.094387264290734407e-01
9.218082392937602121e-01
8.029455569639489809e-01
8.213402674048205787e-01
9.791150221127432607e-01
9.806199849227928977e-01
8.235581839531280757e-01
9.308522724722788633e-01
8.873165770685427223e-01
7.970770424491954165e-01
8.038689225329942456e-01
8.341217096239097462e-01
9.756236107400649837e-01
8.125466215494852040e-01
8.219687140534427394e-01
8.214743286513276344e-01
8.142795447206597759e-01
8.362790033341190865e-01
7.988978342164447799e-01
8.210385826136704646e-01
8.121391234207810950e-01
8.089796984477475306e-01
8.296643701662218540e-01
9.746851690066653529e-01
9.462744803536496940e-01
8.253531950814060325e-01
8.022604267615219831e-01
8.253535069413400205e-01
8.083017690896822094e-01
7.989009874213853779e-01
9.786203112373782487e-01
8.274500239558186809e-01
9.716307624021610634e-01
9.753893834119411466e-01
9.774741777716396962e-01
8.131024455377787730e-01
8.111672608575097865e-01
7.934507042172984637e-01
7.878668538103785757e-01
8.150943896876403638e-01
7.990094335897703903e-01
9.046638846993029226e-01
8.276106433769224724e-01
9.819140740894704011e-01
9.669856287026095121e-01
8.673656538374361347e-01
8.322523799505846531e-01
7.952272475303844290e-01
9.180999934488216496e-01
9.061267181731833542e-01
8.275216987092207654e-01
7.894213950596137286e-01
8.213402674048205787e-01
9.092968886426654462e-01
8.123466739238801582e-01
8.219980591523127211e-01
7.997004448115340169e-01
