9.986442405040415471e-01
9.991850415845786593e-01
9.987597910716307092e-01
9.984600675215896670e-01
9.989255675021091463e-01
9.980089193331282971e-01
9.989186667400443698e-01
9.989999699672361677e-01
9.957669572432866767e-01
9.990931559802325168e-01
9.984014435749202221e-01
9.908882800150934367e-01
9.615147259471540364e-01
9.986759673554289618e-01
9.981104707040096002e-01
9.983593250725729673e-01
9.989242744812226737e-01
9.989220809403237533e-01
9.988976599230720010e-01
9.985790959279546852e-01
9.817569140482621526e-01
9.985150984736423929e-01
9.930643933353063835e-01
9.989212008821913846e-01
9.984929544961747006e-01
9.965520319070619859e-01
9.985710509612241159e-01
9.950206539372175030e-01
9.966008240232958615e-01
9.958575169574973573e-01
9.900153724682715373e-01
9.939820502097556076e-01
9.988146432083376824e-01
9.989326793036449326e-01
9.989973826572985383e-01
9.963199761274007527e-01
9.989237166203671636e-01
9.989261261061237462e-01
9.943053014190699201e-01
9.936527332165820958e-01
9.989882761977176839e-01
9.985537712921725984e-01
9.988799597809635555e-01
9.930533588485771501e-01
9.976369739967494432e-01
9.985319780478730811e-01
9.966545667934629815e-01
9.989999618021436767e-01
9.987774507998029572e-01
9.989290705511812973e-01
9.989644664314777378e-01
9.986178768290921992e-01
9.893283762363824785e-01
9.875812365346260391e-01
9.989934575968314467e-01
9.944413175444958286e-01
9.981733482506056632e-01
9.985271336697166822e-01
9.989334806907163022e-01
9.989110610501898968e-01
9.985626491487821221e-01
9.887565846876533726e-01
9.974886838787891952e-01
9.784188068196434385e-01
