9.979626965654071480e-01
9.980718944732898112e-01
9.857592327983164537e-01
9.979406098896935751e-01
9.970492830552100116e-01
9.979841881376643187e-01
9.976925458542436065e-01
9.981526042411676958e-01
9.979327080960925800e-01
9.982849227807076842e-01
9.825080416127488503e-01
9.981574165042721436e-01
9.777230497549819210e-01
9.979684851188890260e-01
9.885310719037644356e-01
9.812106416858410451e-01
9.980102871322402702e-01
9.976800669239505037e-01
9.978985939438858033e-01
9.983659396318294021e-01
9.779784390860815080e-01
9.965646083176136205e-01
9.831898839543979918e-01
9.949783595915339118e-01
9.511550179559040696e-01
9.973426802321764262e-01
9.980335134989520851e-01
9.978952016317989004e-01
9.980054962288565923e-01
9.978664918285777841e-01
9.975801512880658750e-01
9.975672063781388932e-01
9.972730076206987038e-01
9.762667374571003531e-01
9.890759707773389975e-01
9.824078341842203965e-01
9.972605192317521849e-01
9.974648285712992557e-01
9.843893390367079999e-01
9.782585384576838461e-01
9.973360555294750185e-01
9.800998099369606642e-01
9.980420222125511165e-01
9.978593286911774385e-01
9.981404979439171266e-01
9.978474458807690128e-01
9.975883613705999187e-01
9.921281539568115315e-01
9.830660446570523847e-01
9.979743969344364585e-01
9.806856034899148478e-01
9.946116327082273889e-01
9.972216563686464585e-01
9.880757453103463650e-01
9.820965318881719197e-01
9.979669622592587386e-01
9.795668519670802654e-01
9.838754407473825347e-01
9.980096859170627388e-01
9.822343857105008125e-01
9.980079275949682582e-01
9.953494334653386622e-01
9.978896544490555298e-01
9.980036152478890532e-01
9.979698989360384909e-01
