9.835246400442834158e-01
9.631281013331447483e-01
9.861159642581514007e-01
9.829441215434376877e-01
9.794373648922929387e-01
9.843946961904052051e-01
9.834837811364889326e-01
9.726108100124145617e-01
9.579753762357192670e-01
9.850343987383910482e-01
9.729012386829413161e-01
9.574041662700444322e-01
9.779932887218151238e-01
9.849403708347148623e-01
9.785429996560108812e-01
9.846586921809475923e-01
9.827390442056876951e-01
9.446490101928145533e-01
9.832101147969238841e-01
9.854476091483890254e-01
9.820686403633350769e-01
9.829941830542497927e-01
9.705619230877997605e-01
9.848930106375491933e-01
9.745104005644037448e-01
9.854844722751194830e-01
9.706184886281896684e-01
9.829376210141601566e-01
9.851952325372809183e-01
9.859236895325751426e-01
9.606480532310165410e-01
9.838348258571986138e-01
9.819606059177045099e-01
9.563116074758462037e-01
9.842051726452430982e-01
9.846903812678260426e-01
9.331881895823573858e-01
9.647505438237206077e-01
9.705870159574365719e-01
9.855376585485295937e-01
9.651097801738343085e-01
9.822465635188490918e-01
9.825768299516693949e-01
9.823493266723453132e-01
9.580605721449186873e-01
9.847875305868459828e-01
9.840501772083677379e-01
9.850411483522385492e-01
9.858960210741836150e-01
9.571126126975808557e-01
9.490518746457889954e-01
9.850009652479276845e-01
9.718349441641241926e-01
9.817489606782203726e-01
9.760741212827920288e-01
9.852210045014598849e-01
9.854059331967761626e-01
9.847714643511871202e-01
9.336037913989068127e-01
9.525221476772413043e-01
9.686184949362329766e-01
9.852256913863413068e-01
9.850311849286017551e-01
9.850337449532831080e-01
9.909201073914810642e-01
9.890000121312150227e-01
9.795577594761770701e-01
9.881900928961335762e-01
9.349423792810755973e-01
9.821562295676203869e-01
9.889026670345281156e-01
9.657302470992163990e-01
9.892981867976045063e-01
9.633393123004155845e-01
9.903075638868893416e-01
9.881641575310861070e-01
9.813633091426215982e-01
9.661616688411854836e-01
9.533439629980151597e-01
9.889428723535651500e-01
9.699636236793355293e-01
9.903765173872505212e-01
9.877007128410004722e-01
9.632947384052072959e-01
9.236463189911514604e-01
9.488804818685394604e-01
9.892108378302071348e-01
9.868471704455591409e-01
9.576519809871879563e-01
9.476319546746345690e-01
9.884972586310644127e-01
9.888768319211015401e-01
9.900081840727995575e-01
9.909808505319992467e-01
9.898109554069906002e-01
9.893619153263413235e-01
9.859928107056913360e-01
9.888707521594342076e-01
9.894885707722180790e-01
9.896030778280676676e-01
9.897370143741770487e-01
9.508051816654494726e-01
9.905054583976766747e-01
9.896004930816820755e-01
9.888416156621405717e-01
9.906374954757193318e-01
9.639158637075097014e-01
9.890537806949353250e-01
9.896689508728044871e-01
9.768772121819956356e-01
9.899146600712064314e-01
9.855435335332194402e-01
9.874595347127167466e-01
9.561075896465907054e-01
9.888571885924926086e-01
9.608759520507395013e-01
9.882772958656242945e-01
9.864758227624434994e-01
9.618520462962300011e-01
9.896993224499457398e-01
9.899106498385787933e-01
9.894766203899254542e-01
9.895358606955967362e-01
9.898552876870024830e-01
9.582904184538296732e-01
9.850867155462605940e-01
9.902638682348824384e-01
9.633993322700745709e-01
9.897383342809811246e-01
9.895069302085950369e-01
9.914087717876561845e-01
9.920619129455433560e-01
9.896849731724950416e-01
9.343903821418410027e-01
9.793517105835910508e-01
9.554771866135305380e-01
9.912698077695024645e-01
9.886051558781688842e-01
9.348965004390277223e-01
9.895865655103945890e-01
9.906199707138685362e-01
9.904566772201190972e-01
9.075381375669521189e-01
9.744158518359247179e-01
9.704294623357112570e-01
9.858961352954610513e-01
9.906916041493303293e-01
9.916408622358201530e-01
9.664629173870498136e-01
9.563758134481321616e-01
9.905372909430055772e-01
9.911652528236979398e-01
9.889462097855623579e-01
9.886219132975587742e-01
9.563555211766022746e-01
9.749699069701934784e-01
9.523315350026584358e-01
9.897293911613732620e-01
9.899938510974604089e-01
9.895312484097751327e-01
9.875005134080900859e-01
9.752983646599068246e-01
9.869803924399247474e-01
9.907702037412456919e-01
9.848799296616762566e-01
9.702170726002499190e-01
9.884706202856411439e-01
9.441463200692729041e-01
9.761110656326116297e-01
9.567157442676061940e-01
9.900128166436832355e-01
9.590018627801949469e-01
9.911929050792872564e-01
9.680138541707236088e-01
9.556376200853968772e-01
9.885832191320674811e-01
9.906681906237785329e-01
9.894521996766136862e-01
9.903407579334463362e-01
9.759640345874698308e-01
9.881993523020410342e-01
9.075073209970794252e-01
9.907965541381880126e-01
9.906259967151394008e-01
9.918734563721570696e-01
9.656531364200893197e-01
9.922655073429891281e-01
9.736649441516016523e-01
9.891502421435865999e-01
9.874091128987115829e-01
9.685663274799125588e-01
9.902411479388747440e-01
9.836034927372798720e-01
9.447760105270425202e-01
9.628788322208891026e-01
9.837798265279509291e-01
9.651467061987730744e-01
9.811754667612271330e-01
9.486010129931545798e-01
9.837470622595605452e-01
9.851628752433096992e-01
9.821636084496166985e-01
9.421019085438672169e-01
9.837495649096662520e-01
9.548892329335609830e-01
9.848538180849567558e-01
9.839122589009440256e-01
9.838259114075622591e-01
9.827714766123254453e-01
9.868141165830397465e-01
9.525807173645884918e-01
9.837558202678587937e-01
9.779960927959682193e-01
9.848292731881663764e-01
9.837153282708405166e-01
9.497035462412581897e-01
9.872882004760233920e-01
9.530155983324548608e-01
9.615609053257677674e-01
9.836426800440112306e-01
9.836434646232790069e-01
9.844193222982168257e-01
9.861464082326112379e-01
9.517360342645966309e-01
9.822879726051124694e-01
9.848033875943499327e-01
9.691061342859933481e-01
9.709996773255801239e-01
9.233480798247351018e-01
9.850726352830395660e-01
9.859197454863973809e-01
9.832400767710938183e-01
9.848153311728603532e-01
9.863398272826697788e-01
9.837163053941186952e-01
9.847298018442494083e-01
9.828573052430824575e-01
9.865727130992916205e-01
9.854928968353929841e-01
9.843558351232614134e-01
9.808272138563410847e-01
9.653940619904800569e-01
9.857165039784659966e-01
9.717611939144676914e-01
9.841388276244809052e-01
9.814672159526794948e-01
9.851273022465887319e-01
9.830655699612826925e-01
9.876169685188406211e-01
9.853824922589440316e-01
9.577694777374003987e-01
9.530015880757015667e-01
9.787762752384459031e-01
9.841522241496711843e-01
9.867722707321257003e-01
9.878081987178268797e-01
9.680192049498856921e-01
9.953195581250499080e-01
9.943251038868015090e-01
9.939647688776009904e-01
9.956419467720277749e-01
9.947631904839544514e-01
9.962930591842996675e-01
9.613083389833233516e-01
9.953161135543225901e-01
9.956973734767686768e-01
9.401404625551444960e-01
9.957575152517930128e-01
8.975114262920117492e-01
9.682467245321049187e-01
9.636105266430793348e-01
9.952712655911883921e-01
9.958138162544509786e-01
9.918603224633835147e-01
9.938581810122860682e-01
9.625977825303858593e-01
9.948240016486770143e-01
9.396819295823385376e-01
9.956736789668978460e-01
9.822529430263288175e-01
9.953566487224310144e-01
9.949164654577393740e-01
9.942860825716971496e-01
9.457502904275598699e-01
9.953877969177837848e-01
9.659883831178660563e-01
9.947753182246267256e-01
9.952088132299288237e-01
9.953496374911950939e-01
9.668531511776435883e-01
9.954698385307690911e-01
9.957747559073187871e-01
9.647079321836505850e-01
9.951722245885260554e-01
9.583291916273012356e-01
9.403712275801411336e-01
9.951606851650629526e-01
9.925124741140115558e-01
9.708887996266554188e-01
9.936703003161752035e-01
9.651788121071318560e-01
9.953791823941962047e-01
9.948171082566097390e-01
9.959448055458725024e-01
9.950403387016379941e-01
9.668020458529643646e-01
9.656092397197542088e-01
9.956352708374145433e-01
9.954582307851849166e-01
9.788781353093816140e-01
9.958048869308917528e-01
9.778005757799786979e-01
9.943645886819705293e-01
9.883124692222069463e-01
9.928896563902217531e-01
9.955571743021521813e-01
9.644939944428417844e-01
9.954988525137666855e-01
9.950368798540415449e-01
9.654339573324859369e-01
9.917943240127129467e-01
9.547003498526575038e-01
9.906075815613407665e-01
9.914738763738548677e-01
9.534080955907333621e-01
9.919186094741491155e-01
9.700850599252534012e-01
9.918336140831141012e-01
9.912133206853825929e-01
9.889652486944775500e-01
9.912145365082136728e-01
9.904475602370648168e-01
8.318065659995605987e-01
9.906848632606993776e-01
9.902469244913796320e-01
9.899257498053276594e-01
9.906106962771935587e-01
9.872661250079226569e-01
9.914167540563108005e-01
9.912029194867870707e-01
9.431969514126956611e-01
9.455676694139479865e-01
9.911546431489420828e-01
9.574097666481933278e-01
9.737864786135576045e-01
9.870808442019740614e-01
9.913165527944908240e-01
9.887507051142198078e-01
9.883926518965283625e-01
9.916244677957427589e-01
9.213309275577175050e-01
9.917292613203164686e-01
9.909307780453989745e-01
9.900342511007587110e-01
9.746969369863275334e-01
9.659359992169164189e-01
9.906426450517620275e-01
9.906650736770116206e-01
9.899053726123128172e-01
9.916645782182998969e-01
9.446206170073396802e-01
9.906175600129933922e-01
9.915581818069187925e-01
9.908031121868581259e-01
9.913590805680512208e-01
9.907187686297885820e-01
9.924597997652894188e-01
9.900912630102369771e-01
9.916180499089187750e-01
9.684209270083657950e-01
9.544956273843824279e-01
9.903184631286584549e-01
9.757433986194831155e-01
9.910574115332319023e-01
9.655931289576104026e-01
9.911746217652851465e-01
8.920433691818454580e-01
9.899208843499172072e-01
9.913466789926629330e-01
9.912776803866051312e-01
9.525063661868663489e-01
9.914203081602248613e-01
9.906789572043207537e-01
9.658968728038581641e-01
9.587999685009784834e-01
9.519054732852324507e-01
9.576794835456488020e-01
9.555428376372588906e-01
9.524517004650263630e-01
9.589778024735545747e-01
9.675468953032069219e-01
9.636953707843211037e-01
9.539999785623494155e-01
9.585569669627239664e-01
9.663775651550611245e-01
9.694180737079743926e-01
9.551148517844051389e-01
9.553053566514135841e-01
8.641353049260872554e-01
8.869438376043815575e-01
9.570735125537708221e-01
9.713977771443411680e-01
9.708361887865316620e-01
9.652213601127616061e-01
9.650210119671097653e-01
9.642698313140570798e-01
9.397657695086774066e-01
9.468271706004161015e-01
9.604808772095982938e-01
8.641353049260872554e-01
9.430447091463058928e-01
9.530570165794719495e-01
9.641935507269308037e-01
9.590120296975029879e-01
9.386089562695740796e-01
9.669196198708311929e-01
9.616436542525533815e-01
9.665705853133426118e-01
9.587883414100221158e-01
9.586367298625091404e-01
9.367271981804934367e-01
9.583265857767410134e-01
9.487596293496354249e-01
9.700694524063855351e-01
9.692273054123550224e-01
9.494015473282148010e-01
9.611230658899403423e-01
9.517804351308616351e-01
9.568108557251722157e-01
9.586224854107509019e-01
9.535179496902131957e-01
9.539297463765714635e-01
9.577836257948391108e-01
9.605181797254049858e-01
9.530332689081406627e-01
9.656262550771965714e-01
9.627776231149831609e-01
9.654955671831568775e-01
9.607809868908774309e-01
9.611559791345872794e-01
9.557840213174300104e-01
9.585013857644411051e-01
9.418108000381402167e-01
9.498033407509379744e-01
9.714199886851120347e-01
9.506026803471483433e-01
9.567642596423351353e-01
9.518602587457675179e-01
8.209874638808757341e-01
8.210861179612750638e-01
8.187919672727148601e-01
7.826042388240435077e-01
8.190193816474106159e-01
8.254277652652042274e-01
8.109295470821966667e-01
8.094387264290734407e-01
9.218082392937602121e-01
8.029455569639489809e-01
8.213402674048205787e-01
9.791150221127432607e-01
9.806199849227928977e-01
8.235581839531280757e-01
9.308522724722788633e-01
8.873165770685427223e-01
7.970770424491954165e-01
8.038689225329942456e-01
8.341217096239097462e-01
9.756236107400649837e-01
8.125466215494852040e-01
8.219687140534427394e-01
8.214743286513276344e-01
8.142795447206597759e-01
8.362790033341190865e-01
7.988978342164447799e-01
8.210385826136704646e-01
8.121391234207810950e-01
8.089796984477475306e-01
8.296643701662218540e-01
9.746851690066653529e-01
9.462744803536496940e-01
8.253531950814060325e-01
8.022604267615219831e-01
8.253535069413400205e-01
8.083017690896822094e-01
7.989009874213853779e-01
9.786203112373782487e-01
8.274500239558186809e-01
9.716307624021610634e-01
9.753893834119411466e-01
9.774741777716396962e-01
8.131024455377787730e-01
8.111672608575097865e-01
7.934507042172984637e-01
7.878668538103785757e-01
8.150943896876403638e-01
7.990094335897703903e-01
9.046638846993029226e-01
8.276106433769224724e-01
9.819140740894704011e-01
9.669856287026095121e-01
8.673656538374361347e-01
8.322523799505846531e-01
7.952272475303844290e-01
9.180999934488216496e-01
9.061267181731833542e-01
8.275216987092207654e-01
7.894213950596137286e-01
8.213402674048205787e-01
9.092968886426654462e-01
8.123466739238801582e-01
8.219980591523127211e-01
7.997004448115340169e-01
9.986442405040415471e-01
9.991850415845786593e-01
9.987597910716307092e-01
9.984600675215896670e-01
9.989255675021091463e-01
9.980089193331282971e-01
9.989186667400443698e-01
9.989999699672361677e-01
9.957669572432866767e-01
9.990931559802325168e-01
9.984014435749202221e-01
9.908882800150934367e-01
9.615147259471540364e-01
9.986759673554289618e-01
9.981104707040096002e-01
9.983593250725729673e-01
9.989242744812226737e-01
9.989220809403237533e-01
9.988976599230720010e-01
9.985790959279546852e-01
9.817569140482621526e-01
9.985150984736423929e-01
9.930643933353063835e-01
9.989212008821913846e-01
9.984929544961747006e-01
9.965520319070619859e-01
9.985710509612241159e-01
9.950206539372175030e-01
9.966008240232958615e-01
9.958575169574973573e-01
9.900153724682715373e-01
9.939820502097556076e-01
9.988146432083376824e-01
9.989326793036449326e-01
9.989973826572985383e-01
9.963199761274007527e-01
9.989237166203671636e-01
9.989261261061237462e-01
9.943053014190699201e-01
9.936527332165820958e-01
9.989882761977176839e-01
9.985537712921725984e-01
9.988799597809635555e-01
9.930533588485771501e-01
9.976369739967494432e-01
9.985319780478730811e-01
9.966545667934629815e-01
9.989999618021436767e-01
9.987774507998029572e-01
9.989290705511812973e-01
9.989644664314777378e-01
9.986178768290921992e-01
9.893283762363824785e-01
9.875812365346260391e-01
9.989934575968314467e-01
9.944413175444958286e-01
9.981733482506056632e-01
9.985271336697166822e-01
9.989334806907163022e-01
9.989110610501898968e-01
9.985626491487821221e-01
9.887565846876533726e-01
9.974886838787891952e-01
9.784188068196434385e-01
9.979626965654071480e-01
9.980718944732898112e-01
9.857592327983164537e-01
9.979406098896935751e-01
9.970492830552100116e-01
9.979841881376643187e-01
9.976925458542436065e-01
9.981526042411676958e-01
9.979327080960925800e-01
9.982849227807076842e-01
9.825080416127488503e-01
9.981574165042721436e-01
9.777230497549819210e-01
9.979684851188890260e-01
9.885310719037644356e-01
9.812106416858410451e-01
9.980102871322402702e-01
9.976800669239505037e-01
9.978985939438858033e-01
9.983659396318294021e-01
9.779784390860815080e-01
9.965646083176136205e-01
9.831898839543979918e-01
9.949783595915339118e-01
9.511550179559040696e-01
9.973426802321764262e-01
9.980335134989520851e-01
9.978952016317989004e-01
9.980054962288565923e-01
9.978664918285777841e-01
9.975801512880658750e-01
9.975672063781388932e-01
9.972730076206987038e-01
9.762667374571003531e-01
9.890759707773389975e-01
9.824078341842203965e-01
9.972605192317521849e-01
9.974648285712992557e-01
9.843893390367079999e-01
9.782585384576838461e-01
9.973360555294750185e-01
9.800998099369606642e-01
9.980420222125511165e-01
9.978593286911774385e-01
9.981404979439171266e-01
9.978474458807690128e-01
9.975883613705999187e-01
9.921281539568115315e-01
9.830660446570523847e-01
9.979743969344364585e-01
9.806856034899148478e-01
9.946116327082273889e-01
9.972216563686464585e-01
9.880757453103463650e-01
9.820965318881719197e-01
9.979669622592587386e-01
9.795668519670802654e-01
9.838754407473825347e-01
9.980096859170627388e-01
9.822343857105008125e-01
9.980079275949682582e-01
9.953494334653386622e-01
9.978896544490555298e-01
9.980036152478890532e-01
9.979698989360384909e-01
