4.159381817074997434e-01
4.159381817074997434e-01
4.159381817074997434e-01
4.159381817074997434e-01
4.159381816314374758e-01
4.159381817074997434e-01
4.159381817074997434e-01
4.159381708709742886e-01
4.159381817074996324e-01
4.159381817075132881e-01
4.159381817074997434e-01
4.159381817074997434e-01
4.159381817074997989e-01
4.159381817074997434e-01
4.189574308046080664e-01
4.159381817074997434e-01
4.159513659435279953e-01
4.159381817074997434e-01
4.159381817074996324e-01
4.159381817066250542e-01
4.159381911533855947e-01
1.358329591446039430e-01
4.159381817074997434e-01
4.159432256998165656e-01
1.280937267892373220e-03
4.159381817074997434e-01
4.159381817074997434e-01
4.159381817074997434e-01
4.159381817074996324e-01
4.159381817074996324e-01
4.159382814605062650e-01
4.159382031297745308e-01
4.159381817074997434e-01
4.159381817074997434e-01
4.159381817074997434e-01
4.159345627997309558e-01
4.159381377961683390e-01
4.159381817074997434e-01
4.159381817074996324e-01
4.159381817074996324e-01
8.790980475863957588e-02
4.159372451726381370e-01
4.159381817074314092e-01
4.159381817074997434e-01
4.159381817074997434e-01
4.159381817074997434e-01
4.159384658869821338e-01
4.159381817074997434e-01
4.159381817074996324e-01
4.160582563785005794e-01
4.163461971946634810e-01
4.159381817074997434e-01
4.159381816921067787e-01
4.159381817074997434e-01
4.159381817074997434e-01
4.159381817074997434e-01
4.159381817075008536e-01
4.159381817075418764e-01
4.159381817074996324e-01
4.159381817110427426e-01
4.159382552661828880e-01
4.159381817073783960e-01
4.159381817074997434e-01
4.159381817129974013e-01
