2.819633611286904706e-01
7.125295143569642109e-01
7.125295188824075643e-01
7.125295113220069254e-01
4.653061642808570819e-01
7.125295188824073422e-01
2.819633611286904706e-01
7.125258427599105993e-01
6.923168447055254582e-01
7.125295186877799170e-01
7.125295188824075643e-01
2.819633820156767778e-01
2.819633611286904706e-01
2.819633611286811448e-01
2.819633611286904706e-01
2.819633977069458952e-01
2.820332858327511127e-01
2.819635017923873832e-01
2.819630287924535517e-01
3.117537284156955968e-01
2.819633611286904706e-01
5.455691912471901661e-01
7.125295188824075643e-01
7.102044343064061183e-01
7.125295155303095207e-01
7.122375016835281736e-01
7.125295188605352825e-01
7.121134165851468190e-01
2.819814230235709318e-01
2.836603260359433776e-01
7.125295188822176051e-01
2.819633611286904706e-01
6.505739994138709514e-01
7.125289669476907450e-01
4.481246244911480936e-01
2.819633611286904706e-01
2.825193003558973959e-01
7.125295188824066761e-01
2.819633611286903041e-01
2.819633611286903041e-01
7.125295150140964484e-01
2.819633611286904706e-01
2.819641081666717786e-01
7.125295188824075643e-01
2.819633611286904706e-01
2.819633611286904706e-01
7.125295179703479143e-01
7.125295165962282073e-01
2.819633611286903041e-01
2.819633611286903041e-01
2.819633611286904706e-01
2.819633611286904706e-01
7.124990349600144324e-01
7.109643153690331507e-01
2.819633611286904706e-01
7.125294582401421328e-01
3.152569933845160710e-01
2.819633611286904706e-01
2.819633611286903041e-01
7.125289838294132094e-01
7.125268635842965104e-01
7.125295188824075643e-01
2.819633611286904706e-01
2.819633611286904706e-01
