3.887414223873311148e-01
3.886969241012550591e-01
3.886914970496822552e-01
3.889830625297071576e-01
3.886914833724153251e-01
3.886914643494560617e-01
3.886914833724153251e-01
3.886914833724153251e-01
3.886914833724153806e-01
3.887717354749316012e-01
3.886914833724153251e-01
3.886914833724156026e-01
4.894845560160448472e-01
3.886914833724153251e-01
3.886914833793005397e-01
3.886914833724153251e-01
3.886914833724153251e-01
3.905892515142150301e-01
1.133680574553401349e-01
3.886910897222581318e-01
3.955968027165455148e-01
3.886914833724153251e-01
3.886914833724153251e-01
3.955968027113266894e-01
3.886914833724153251e-01
6.210912371429497258e-03
3.886911094875926120e-01
3.280963508516190896e-01
3.887225511039304471e-01
3.886914833724153806e-01
3.886914833724153251e-01
3.886914833724153251e-01
8.249971401634084156e-01
3.886914833724153251e-01
3.886914833724153251e-01
3.886914833724153251e-01
3.886914833296047367e-01
3.886914833724153251e-01
3.886914834371527072e-01
3.886914833724153806e-01
3.886914833724153251e-01
3.886914833724153251e-01
3.886914833724153251e-01
3.886914833724153251e-01
3.421727848689787559e-03
3.886750468339324471e-01
3.886914833724153251e-01
3.886914833724153251e-01
3.850433618661399660e-01
1.603093144045920904e-02
3.886914919554904646e-01
2.746221804413124801e-01
3.886914833724153251e-01
3.886914833724153251e-01
3.849321073179003960e-01
3.886914903732348048e-01
3.886914833724153251e-01
3.886914833724153251e-01
3.886914833724153806e-01
3.886914833724153806e-01
3.886909720348254993e-01
3.886914833724153251e-01
3.886914833724097740e-01
3.886914833724153251e-01
3.886914833724156026e-01
