4.717163058141553011e-01
4.717173259633305471e-01
4.717163058159179467e-01
4.717163058141553011e-01
4.722174259739784774e-01
4.717163058141553011e-01
4.717163058141553011e-01
4.717163058141553011e-01
3.999052150732928523e-01
1.565441624713260690e-02
4.717163058141553011e-01
4.717163058141553011e-01
4.717163058142807563e-01
4.717163058141553011e-01
4.717163058141553011e-01
4.717163058141553011e-01
4.717163058141553011e-01
4.717163058141553011e-01
4.717163058141551901e-01
4.717163058141549681e-01
4.717163058141553011e-01
4.717162040933345901e-01
4.717163058142359033e-01
4.717163058141553011e-01
4.717163058141553011e-01
4.717163058141553011e-01
4.717215172833442716e-01
4.717163058141553011e-01
4.717163058141551901e-01
4.717140988607897989e-01
4.717163058141553011e-01
4.717163058141553011e-01
4.717187496533964963e-01
4.717163058141553011e-01
4.717161814883870652e-01
4.717163058141553011e-01
1.073261638536902684e-04
4.717163065634049079e-01
4.717163058141551901e-01
4.717163058141551901e-01
4.717163058141553011e-01
4.717163058141553011e-01
4.717163058439327039e-01
4.717163058141553011e-01
4.717163058141553011e-01
4.717996322950726573e-01
4.717163058141553011e-01
4.717163058141553011e-01
4.717163058141551901e-01
4.717163058140671494e-01
4.717163058141553011e-01
4.717163058141553011e-01
4.717163253120725264e-01
4.717163058141553011e-01
4.717163192418522555e-01
4.717163058141553011e-01
4.717163058141553011e-01
4.717163058141553011e-01
4.717163058141551901e-01
3.164952358782225138e-06
4.717163058141553011e-01
2.366698311840337576e-01
1.670558772696294366e-04
4.717425958723954760e-01
