2.261649449374991405e-01
2.053421523801256254e-01
1.958830676028588680e-01
9.943526285987472901e-01
2.051889775973103902e-01
2.049879905133424329e-01
2.442039608712764931e-01
1.907520513410485563e-01
1.982291123932281851e-01
2.181577370105008962e-01
9.938895142160157903e-01
2.051932379221329539e-01
9.712509428525099020e-01
6.053761322990138805e-01
3.207517235532011401e-01
2.714139806213919925e-01
3.282583117358682245e-01
2.075446933120490001e-01
9.905173544366967509e-01
9.875393245781152185e-01
2.138536085610994453e-01
2.118732998553995162e-01
1.928450681720508819e-01
2.034464461223750575e-01
1.982336320386906825e-01
2.311233512970978510e-01
2.497140555291606778e-01
2.333272300723513715e-01
2.003590682236035536e-01
9.944674494082720306e-01
2.078282367368331773e-01
3.762996384182274445e-01
2.051891554128801309e-01
2.289049591428855002e-01
2.172529947740578227e-01
2.633728355959620293e-01
2.365886218176920797e-01
2.197063260737362189e-01
9.930841793679708873e-01
9.836391283932945928e-01
4.079919026477081268e-01
2.118729504292996002e-01
9.955599616616070957e-01
9.568541868285607155e-01
2.116453789660935059e-01
2.051889775968983032e-01
2.243892387159166502e-01
9.936093909784763367e-01
9.193707021558926717e-01
2.172659068539312677e-01
2.302676937659474121e-01
2.126176900137941028e-01
8.702974744358168424e-01
4.635772090803869649e-01
1.931253330083235742e-01
2.021812641001642652e-01
2.167886997334789179e-01
2.045716391853143745e-01
2.163906457662194138e-01
2.118970208668925770e-01
2.016881031984368300e-01
9.929948145465611331e-01
2.061102488045676862e-01
2.555415741552398701e-01
