1.866568453858248045e-01
9.399109524605359089e-01
1.747002913581722494e-01
1.872728754520775196e-01
1.815816822277612763e-01
1.747003330571948176e-01
3.598511480652193395e-01
8.500665758991403642e-01
1.608703559806846928e-01
1.894363182246643906e-01
1.805939243155326168e-01
9.961547462913247220e-01
1.794711543651471564e-01
1.668856296355843427e-01
1.825070714279695694e-01
1.694676425983596413e-01
1.843637323264518124e-01
1.723090360255044029e-01
3.762475453416427307e-01
1.696611163106480358e-01
1.774768677075879708e-01
1.811900111367300004e-01
1.918938067617810550e-01
9.954819967965532479e-01
1.779127280959520441e-01
1.805945107832668262e-01
7.957534056875800177e-01
1.904196180552684692e-01
1.810784903269878621e-01
3.037201422940250528e-01
9.831893444649243419e-01
1.723072426246134714e-01
9.869582330358621647e-01
9.961983735252070149e-01
1.721114151948612558e-01
1.747446690059260566e-01
1.886732777566350605e-01
9.222723194006381409e-01
1.698958178223643756e-01
1.849096192701827623e-01
3.066144588264489435e-01
9.961131163539646005e-01
1.685419618355349369e-01
2.941354870227821383e-01
1.668133580410491312e-01
9.942511193646798029e-01
8.693910545346574814e-01
1.851273816977222764e-01
1.805944349615727917e-01
9.954967618135910357e-01
9.916049879413348922e-01
1.685419638235340911e-01
9.931455770353893042e-01
1.633007086823654863e-01
1.655616796861494600e-01
9.957873192967900966e-01
1.747005896355711685e-01
1.825713459110375469e-01
1.747002917752678575e-01
1.746975625009281330e-01
2.004889963123435148e-01
1.814354064437241343e-01
1.656567925499745353e-01
1.691696309045735147e-01
