1.515525916653705785e-01
1.691820968756265753e-01
1.512719744580097447e-01
9.084015630497135341e-01
2.062135096918217003e-01
1.548627348202413212e-01
1.600449878358633504e-01
1.609972737481934479e-01
1.579240870180795009e-01
1.543129527904563980e-01
4.502236752478869231e-01
5.831345397606303438e-01
1.529036294326724388e-01
1.626372989852001016e-01
1.562035860077620464e-01
2.369247188347515243e-01
3.825331462192698151e-01
1.527168579232363321e-01
1.593343562113012923e-01
9.965520139552462853e-01
1.543128313872864088e-01
1.522212693116400950e-01
1.543119393869415434e-01
1.406556088715687491e-01
1.543119436436056202e-01
1.519552664836058276e-01
1.664618940916512968e-01
8.748902689501792951e-01
1.588142559494247763e-01
4.226038593481463712e-01
9.946143865964908182e-01
1.731900068369776613e-01
3.293070705414338217e-01
1.492726183794292616e-01
9.941991082969438009e-01
9.827599479315537456e-01
3.744313521598623962e-01
8.471801505729428250e-01
9.955085110843316931e-01
1.590734701740592616e-01
2.033406748940357056e-01
1.609843353153614376e-01
2.526751659538287176e-01
1.543119209158536342e-01
1.763483293264603013e-01
1.543119393865310107e-01
1.731260950796131570e-01
1.593346797547067761e-01
1.658541842799288457e-01
8.052172693859638297e-01
1.948027730808195301e-01
1.687190557448910444e-01
1.535222058825929103e-01
1.593254994076063191e-01
9.965064365248207379e-01
2.226542432046184072e-01
9.969184222193224754e-01
1.676749813810758105e-01
4.160709102848902941e-01
5.566746072847787996e-01
9.959311610423120520e-01
1.516052280856550749e-01
1.481408280076111916e-01
9.926436578173433167e-01
