9.952551801367077733e-01
2.034285353144675013e-01
1.965445717414555371e-01
9.928632359555557008e-01
2.067243891668668065e-01
2.067904084433930256e-01
1.934006819219527273e-01
9.907556276943753071e-01
1.884426626715091646e-01
2.002100732312035447e-01
1.931602578451883934e-01
4.383073180574475480e-01
2.034176455198499489e-01
1.884321712469856913e-01
3.106804731695816946e-01
2.112359452202494103e-01
9.960037218703856610e-01
9.956757806677315470e-01
8.838081577659470112e-01
2.431635890713443604e-01
1.898082235378828753e-01
8.163745693979431728e-01
9.934287880727622477e-01
2.554066170549915138e-01
9.953919047963732947e-01
2.154131326010517711e-01
1.965427102381083480e-01
9.884313928323310572e-01
2.079324001495310714e-01
7.511629083139930163e-01
2.186377468537042401e-01
2.012948533097859150e-01
2.100952684089743838e-01
2.098327816498104237e-01
1.998450356034955078e-01
9.894620468416625014e-01
2.034170594142391542e-01
9.943837920067739589e-01
2.107904766279753983e-01
2.098751268162787897e-01
2.798950283399765371e-01
9.957913252330173881e-01
9.942703698853162519e-01
2.159624495177839831e-01
1.964223827164550684e-01
9.951201528235688043e-01
2.325916873947802277e-01
3.032091679464201106e-01
2.034175972950438283e-01
2.389349917542609447e-01
2.034175978104343085e-01
1.934170970946420820e-01
2.034038410953151188e-01
2.033734404242108773e-01
9.880959498097101612e-01
9.901518559067665759e-01
9.834442955456151880e-01
2.509766218343340016e-01
2.013220843821381945e-01
2.071101410528734810e-01
1.948119086406110978e-01
2.257826823531132177e-01
9.914932336742919849e-01
9.860462845256406927e-01
