1.365681529449954967e-01
1.363629882653974168e-01
1.187016013269907022e-01
2.389684412178773310e-01
1.424679403390911592e-01
1.406242094737627790e-01
9.974296876940045298e-01
1.373983714421738722e-01
1.284484343795738448e-01
9.967069135836638116e-01
1.327013676288052724e-01
9.973123122432444587e-01
1.359776212899632408e-01
1.270813895871378274e-01
9.872677776612949208e-01
1.277619225250236634e-01
9.963353986978538135e-01
9.943870090384238081e-01
1.340635549435195695e-01
1.309677802464290219e-01
9.949534317216455204e-01
1.313095042675205271e-01
1.497168369722577386e-01
9.895425097047515495e-01
1.325868460783698466e-01
1.578412771756373123e-01
1.313581803790988822e-01
1.270814039119197991e-01
1.430946060265809172e-01
1.270813754991941824e-01
4.333402848087515302e-01
9.971924546383522658e-01
1.351888495712929017e-01
9.302776895969393500e-01
3.432812659982504844e-01
9.963061520300391383e-01
1.452417994208658192e-01
2.858796345030213404e-01
1.270814039172317167e-01
1.972028399787907893e-01
9.968297642724682772e-01
6.006609065354163723e-01
9.939244489083411960e-01
1.316537828671561217e-01
1.966239210936355231e-01
5.766308719205492928e-01
9.883651353541407225e-01
5.719399977378796240e-01
1.230530180791260808e-01
2.297371718887747383e-01
3.920727149303964154e-01
1.288825729929198305e-01
1.416558761980214742e-01
2.856499497199086468e-01
9.973324589973147081e-01
3.054351781939205202e-01
9.950663842234972467e-01
1.350130120966881730e-01
9.844581873358243529e-01
1.447716198770594986e-01
9.700099431238737857e-01
9.966547671715850765e-01
3.409329695641794555e-01
1.503399899769744530e-01
