9.815920797323061109e-01
1.859562496926475128e-01
1.875820068095745974e-01
2.047260489686875407e-01
1.838987727881254974e-01
7.503139764584503268e-01
9.947947830268566438e-01
9.929792983467446987e-01
4.044615929942763644e-01
1.784088161900886371e-01
2.066191395335865988e-01
1.915288222892243819e-01
1.841932574310886639e-01
3.325614415425639514e-01
1.782599635432385587e-01
1.923826831056733022e-01
4.656549441209255069e-01
2.206939321229559603e-01
1.673848809432594009e-01
1.774089113496995773e-01
1.942123531382430324e-01
5.223900276872653903e-01
2.052871254322876649e-01
1.859562489421504317e-01
8.927953617518316065e-01
9.935072084551753724e-01
1.734473001133904624e-01
1.668075457448565113e-01
2.032108383624861014e-01
2.534210962428419256e-01
1.782592119314459211e-01
9.956642199499073920e-01
4.944289926324888507e-01
2.303436150411886651e-01
9.706328339505276848e-01
4.178612947380405673e-01
9.896031658686808008e-01
9.866351031345096390e-01
9.940761543811450496e-01
1.921177731740962014e-01
1.782599702056990865e-01
9.962652868935928385e-01
7.820896762662222779e-01
1.782623901067504901e-01
7.956220409951069161e-01
2.095600575193597992e-01
9.929435775968390443e-01
2.027264129219459310e-01
1.811665691492680696e-01
9.882879767687755557e-01
8.566005945814929579e-01
2.695571909278953182e-01
1.782599546993930972e-01
2.142354526016548855e-01
1.782599547168283172e-01
9.956107229865549524e-01
1.841878761974279632e-01
9.924113904361059335e-01
1.760876311786111481e-01
1.669706048416236821e-01
9.590943139297574138e-01
4.526711385678049981e-01
9.958593002770871339e-01
1.782599658947476573e-01
