9.932208725474305222e-01
8.655896297698341124e-01
3.200332386121560457e-01
9.583125222516383213e-01
8.379960403156645476e-01
9.622706192602825670e-01
2.886735491133897158e-01
4.038413943137524886e-01
2.953936557943168673e-01
9.916610364938581723e-01
3.954643275469057473e-01
9.649931141923431266e-01
9.726598126819728796e-01
9.727873097903952937e-01
2.920850160411733731e-01
2.919184303621165100e-01
4.348121607567915214e-01
2.755220878442247168e-01
7.613061244603870348e-01
3.367918737241701876e-01
7.696614898010240013e-01
2.919198947398241040e-01
2.919182437710240996e-01
2.919698542063669522e-01
9.905511315505726166e-01
2.919182437533677787e-01
2.999966131442197148e-01
9.827833614613823432e-01
2.919380999368378915e-01
2.919182437710117206e-01
8.310700415171601296e-01
5.255076855813081149e-01
3.059718124876761869e-01
9.913359778661755550e-01
2.919177100771973565e-01
2.845944311945274308e-01
3.000691948369609285e-01
9.897884172562039229e-01
2.999966126380061437e-01
2.732833959874862995e-01
2.838161383848608055e-01
9.824340611058361983e-01
9.314902830243032561e-01
9.528960693703022455e-01
5.933543065715489728e-01
9.942116487916521361e-01
3.195153229559554720e-01
2.791742503236361306e-01
9.932387014800148073e-01
9.139485577662292970e-01
9.749884856722407234e-01
3.100739401224983927e-01
9.901308643435867696e-01
3.033039315668640268e-01
2.906850612793052679e-01
9.917847767880878518e-01
6.513895328717294042e-01
2.942185927324687533e-01
2.982259235105971240e-01
2.919182439816674912e-01
9.858295516724129293e-01
3.173384743378657724e-01
2.919177461796120254e-01
9.218341045505963338e-01
