3.661711684582644177e-01
3.287877303622014358e-01
4.147253504418115244e-01
9.567951033520851745e-01
3.463284286910510157e-01
9.821012019072934418e-01
9.564683557750103260e-01
3.515174379698145501e-01
3.388489787226691141e-01
3.514352963036428412e-01
9.917292021095822641e-01
9.872837649522775427e-01
3.787314899942300639e-01
3.467995113699702814e-01
3.248269558949187230e-01
3.492475339314994320e-01
8.964930183399795194e-01
9.544737435148417104e-01
9.905623057797382502e-01
3.659219415364802219e-01
3.748042344338709531e-01
3.381609816069303664e-01
3.492911829591517359e-01
3.851176032987842501e-01
3.336741270278214544e-01
9.906522019209809127e-01
3.463284286910510157e-01
3.413391054581531026e-01
9.860742499717801701e-01
9.875209171116252627e-01
3.370379703362924029e-01
3.492916938468860755e-01
3.492334450932433887e-01
9.769485242152576854e-01
3.642035436880324828e-01
3.762254875433893031e-01
9.896493866026886410e-01
3.540623792656149016e-01
3.416935912849923263e-01
3.492956082361623471e-01
9.360072038183140375e-01
9.364429058999110822e-01
3.809508360315070341e-01
3.552385014135491792e-01
9.874010956642655934e-01
9.324966306617170630e-01
3.450505612993619575e-01
4.314798104276161839e-01
3.238146101449250192e-01
5.099385341486725176e-01
4.219106499583087921e-01
9.181485667020117258e-01
3.581150255856958009e-01
3.293853292831199209e-01
3.582104952559539979e-01
3.769718706636287497e-01
9.891035791983939784e-01
9.905865100796695799e-01
3.536460678636347832e-01
9.916826634157214215e-01
3.396368333018851549e-01
3.456828712070704746e-01
9.889527174386505415e-01
3.213229941727418493e-01
