3.232707308851905936e-01
9.968325717551416165e-01
9.990238171466866435e-01
9.831577155726950457e-01
9.984203648812743914e-01
8.971796028640268705e-01
3.821318199931645343e-01
9.989411117531207251e-01
9.814505856196424904e-01
9.989687204416285438e-01
2.880733023000290882e-01
3.267130518500531156e-01
3.102075710727812408e-01
2.939009314987006682e-01
2.938789433780858440e-01
3.756744663693842301e-01
9.958314760986453074e-01
6.419887540904979373e-01
2.927543759221556408e-01
9.985824220829356834e-01
3.070249994704335461e-01
3.113509403087179606e-01
8.389189695665760782e-01
3.305490253557045177e-01
3.200172392538023214e-01
3.082611190663108180e-01
3.367156309824616001e-01
6.323538463429024814e-01
4.391379782463178949e-01
2.997785832448799925e-01
3.070232295868460248e-01
9.716433596442577425e-01
3.021515585202219634e-01
2.972544717286937921e-01
6.009131052361461611e-01
9.803246902311418820e-01
3.104192135097689764e-01
6.751389138703132176e-01
2.846878014097790621e-01
9.938134829617043531e-01
3.294691150928580337e-01
3.069745686733823531e-01
9.876590009522453473e-01
9.884689709963371262e-01
2.727463466630503097e-01
3.032419569517341706e-01
9.086891351775879810e-01
9.989860643187777889e-01
2.881741976554303419e-01
3.207813247984812044e-01
2.974561208948348079e-01
3.479141565889153354e-01
3.226077403259087206e-01
3.072802407058342622e-01
3.456818493231486600e-01
3.152977852012630589e-01
3.069745686732722190e-01
3.200172468197174380e-01
3.294950412320681310e-01
2.837631744385075705e-01
9.868907214309056153e-01
3.217932270181765309e-01
3.200210816066483832e-01
3.274096481182222629e-01
