9.941475039436863392e-01
2.772899914926355014e-01
2.451559575062645657e-01
9.981847190779925549e-01
4.823832574206701751e-01
2.352452158131729809e-01
2.906234560192020866e-01
9.979733737501845781e-01
2.263200015107904861e-01
4.553858198225964604e-01
2.467202462651163775e-01
4.993867852092631066e-01
2.641063684151016000e-01
2.482330556336578009e-01
2.630057156984159650e-01
2.358363118198068265e-01
2.430606990935421929e-01
6.198669768241171774e-01
2.408533168167750205e-01
5.548284808619063924e-01
2.309965521263651622e-01
2.420701720285188541e-01
2.594306751063221728e-01
9.177825299559547734e-01
2.333988043970190163e-01
2.333987931641497982e-01
3.151736624839274192e-01
9.965142292598597740e-01
2.008926531425486994e-01
2.278741216651162527e-01
2.302891670171682004e-01
6.309618171403490461e-01
9.963147691953376794e-01
2.430587929276155079e-01
2.091512386559132575e-01
2.374971606567777005e-01
5.207243460679372715e-01
9.940087580575349691e-01
2.226356052904133465e-01
2.238526333078835473e-01
9.976360041762637465e-01
2.430486778578414275e-01
2.729820708645596672e-01
3.064488320189500126e-01
9.930893978797167287e-01
2.213588292669564916e-01
2.302891638577332922e-01
2.334090567200413358e-01
2.301847562353089571e-01
9.970281499279646242e-01
2.572946634192422311e-01
2.333911191748653802e-01
4.140881847563296358e-01
9.680597358475052649e-01
2.553202767221628977e-01
2.366518215884291787e-01
2.429960305105469121e-01
9.816918964229313094e-01
8.368396145273128139e-01
2.100024705477546438e-01
2.359108402341604793e-01
2.303707504242815951e-01
2.435072290157660746e-01
2.172621277703266351e-01
9.984766814257294287e-01
