2.261649449374991405e-01
2.053421523801256254e-01
1.958830676028588680e-01
9.943526285987472901e-01
2.051889775973103902e-01
2.049879905133424329e-01
2.442039608712764931e-01
1.907520513410485563e-01
1.982291123932281851e-01
2.181577370105008962e-01
9.938895142160157903e-01
2.051932379221329539e-01
9.712509428525099020e-01
6.053761322990138805e-01
3.207517235532011401e-01
2.714139806213919925e-01
3.282583117358682245e-01
2.075446933120490001e-01
9.905173544366967509e-01
9.875393245781152185e-01
2.138536085610994453e-01
2.118732998553995162e-01
1.928450681720508819e-01
2.034464461223750575e-01
1.982336320386906825e-01
2.311233512970978510e-01
2.497140555291606778e-01
2.333272300723513715e-01
2.003590682236035536e-01
9.944674494082720306e-01
2.078282367368331773e-01
3.762996384182274445e-01
2.051891554128801309e-01
2.289049591428855002e-01
2.172529947740578227e-01
2.633728355959620293e-01
2.365886218176920797e-01
2.197063260737362189e-01
9.930841793679708873e-01
9.836391283932945928e-01
4.079919026477081268e-01
2.118729504292996002e-01
9.955599616616070957e-01
9.568541868285607155e-01
2.116453789660935059e-01
2.051889775968983032e-01
2.243892387159166502e-01
9.936093909784763367e-01
9.193707021558926717e-01
2.172659068539312677e-01
2.302676937659474121e-01
2.126176900137941028e-01
8.702974744358168424e-01
4.635772090803869649e-01
1.931253330083235742e-01
2.021812641001642652e-01
2.167886997334789179e-01
2.045716391853143745e-01
2.163906457662194138e-01
2.118970208668925770e-01
2.016881031984368300e-01
9.929948145465611331e-01
2.061102488045676862e-01
2.555415741552398701e-01
1.866568453858248045e-01
9.399109524605359089e-01
1.747002913581722494e-01
1.872728754520775196e-01
1.815816822277612763e-01
1.747003330571948176e-01
3.598511480652193395e-01
8.500665758991403642e-01
1.608703559806846928e-01
1.894363182246643906e-01
1.805939243155326168e-01
9.961547462913247220e-01
1.794711543651471564e-01
1.668856296355843427e-01
1.825070714279695694e-01
1.694676425983596413e-01
1.843637323264518124e-01
1.723090360255044029e-01
3.762475453416427307e-01
1.696611163106480358e-01
1.774768677075879708e-01
1.811900111367300004e-01
1.918938067617810550e-01
9.954819967965532479e-01
1.779127280959520441e-01
1.805945107832668262e-01
7.957534056875800177e-01
1.904196180552684692e-01
1.810784903269878621e-01
3.037201422940250528e-01
9.831893444649243419e-01
1.723072426246134714e-01
9.869582330358621647e-01
9.961983735252070149e-01
1.721114151948612558e-01
1.747446690059260566e-01
1.886732777566350605e-01
9.222723194006381409e-01
1.698958178223643756e-01
1.849096192701827623e-01
3.066144588264489435e-01
9.961131163539646005e-01
1.685419618355349369e-01
2.941354870227821383e-01
1.668133580410491312e-01
9.942511193646798029e-01
8.693910545346574814e-01
1.851273816977222764e-01
1.805944349615727917e-01
9.954967618135910357e-01
9.916049879413348922e-01
1.685419638235340911e-01
9.931455770353893042e-01
1.633007086823654863e-01
1.655616796861494600e-01
9.957873192967900966e-01
1.747005896355711685e-01
1.825713459110375469e-01
1.747002917752678575e-01
1.746975625009281330e-01
2.004889963123435148e-01
1.814354064437241343e-01
1.656567925499745353e-01
1.691696309045735147e-01
1.515525916653705785e-01
1.691820968756265753e-01
1.512719744580097447e-01
9.084015630497135341e-01
2.062135096918217003e-01
1.548627348202413212e-01
1.600449878358633504e-01
1.609972737481934479e-01
1.579240870180795009e-01
1.543129527904563980e-01
4.502236752478869231e-01
5.831345397606303438e-01
1.529036294326724388e-01
1.626372989852001016e-01
1.562035860077620464e-01
2.369247188347515243e-01
3.825331462192698151e-01
1.527168579232363321e-01
1.593343562113012923e-01
9.965520139552462853e-01
1.543128313872864088e-01
1.522212693116400950e-01
1.543119393869415434e-01
1.406556088715687491e-01
1.543119436436056202e-01
1.519552664836058276e-01
1.664618940916512968e-01
8.748902689501792951e-01
1.588142559494247763e-01
4.226038593481463712e-01
9.946143865964908182e-01
1.731900068369776613e-01
3.293070705414338217e-01
1.492726183794292616e-01
9.941991082969438009e-01
9.827599479315537456e-01
3.744313521598623962e-01
8.471801505729428250e-01
9.955085110843316931e-01
1.590734701740592616e-01
2.033406748940357056e-01
1.609843353153614376e-01
2.526751659538287176e-01
1.543119209158536342e-01
1.763483293264603013e-01
1.543119393865310107e-01
1.731260950796131570e-01
1.593346797547067761e-01
1.658541842799288457e-01
8.052172693859638297e-01
1.948027730808195301e-01
1.687190557448910444e-01
1.535222058825929103e-01
1.593254994076063191e-01
9.965064365248207379e-01
2.226542432046184072e-01
9.969184222193224754e-01
1.676749813810758105e-01
4.160709102848902941e-01
5.566746072847787996e-01
9.959311610423120520e-01
1.516052280856550749e-01
1.481408280076111916e-01
9.926436578173433167e-01
9.952551801367077733e-01
2.034285353144675013e-01
1.965445717414555371e-01
9.928632359555557008e-01
2.067243891668668065e-01
2.067904084433930256e-01
1.934006819219527273e-01
9.907556276943753071e-01
1.884426626715091646e-01
2.002100732312035447e-01
1.931602578451883934e-01
4.383073180574475480e-01
2.034176455198499489e-01
1.884321712469856913e-01
3.106804731695816946e-01
2.112359452202494103e-01
9.960037218703856610e-01
9.956757806677315470e-01
8.838081577659470112e-01
2.431635890713443604e-01
1.898082235378828753e-01
8.163745693979431728e-01
9.934287880727622477e-01
2.554066170549915138e-01
9.953919047963732947e-01
2.154131326010517711e-01
1.965427102381083480e-01
9.884313928323310572e-01
2.079324001495310714e-01
7.511629083139930163e-01
2.186377468537042401e-01
2.012948533097859150e-01
2.100952684089743838e-01
2.098327816498104237e-01
1.998450356034955078e-01
9.894620468416625014e-01
2.034170594142391542e-01
9.943837920067739589e-01
2.107904766279753983e-01
2.098751268162787897e-01
2.798950283399765371e-01
9.957913252330173881e-01
9.942703698853162519e-01
2.159624495177839831e-01
1.964223827164550684e-01
9.951201528235688043e-01
2.325916873947802277e-01
3.032091679464201106e-01
2.034175972950438283e-01
2.389349917542609447e-01
2.034175978104343085e-01
1.934170970946420820e-01
2.034038410953151188e-01
2.033734404242108773e-01
9.880959498097101612e-01
9.901518559067665759e-01
9.834442955456151880e-01
2.509766218343340016e-01
2.013220843821381945e-01
2.071101410528734810e-01
1.948119086406110978e-01
2.257826823531132177e-01
9.914932336742919849e-01
9.860462845256406927e-01
1.365681529449954967e-01
1.363629882653974168e-01
1.187016013269907022e-01
2.389684412178773310e-01
1.424679403390911592e-01
1.406242094737627790e-01
9.974296876940045298e-01
1.373983714421738722e-01
1.284484343795738448e-01
9.967069135836638116e-01
1.327013676288052724e-01
9.973123122432444587e-01
1.359776212899632408e-01
1.270813895871378274e-01
9.872677776612949208e-01
1.277619225250236634e-01
9.963353986978538135e-01
9.943870090384238081e-01
1.340635549435195695e-01
1.309677802464290219e-01
9.949534317216455204e-01
1.313095042675205271e-01
1.497168369722577386e-01
9.895425097047515495e-01
1.325868460783698466e-01
1.578412771756373123e-01
1.313581803790988822e-01
1.270814039119197991e-01
1.430946060265809172e-01
1.270813754991941824e-01
4.333402848087515302e-01
9.971924546383522658e-01
1.351888495712929017e-01
9.302776895969393500e-01
3.432812659982504844e-01
9.963061520300391383e-01
1.452417994208658192e-01
2.858796345030213404e-01
1.270814039172317167e-01
1.972028399787907893e-01
9.968297642724682772e-01
6.006609065354163723e-01
9.939244489083411960e-01
1.316537828671561217e-01
1.966239210936355231e-01
5.766308719205492928e-01
9.883651353541407225e-01
5.719399977378796240e-01
1.230530180791260808e-01
2.297371718887747383e-01
3.920727149303964154e-01
1.288825729929198305e-01
1.416558761980214742e-01
2.856499497199086468e-01
9.973324589973147081e-01
3.054351781939205202e-01
9.950663842234972467e-01
1.350130120966881730e-01
9.844581873358243529e-01
1.447716198770594986e-01
9.700099431238737857e-01
9.966547671715850765e-01
3.409329695641794555e-01
1.503399899769744530e-01
9.815920797323061109e-01
1.859562496926475128e-01
1.875820068095745974e-01
2.047260489686875407e-01
1.838987727881254974e-01
7.503139764584503268e-01
9.947947830268566438e-01
9.929792983467446987e-01
4.044615929942763644e-01
1.784088161900886371e-01
2.066191395335865988e-01
1.915288222892243819e-01
1.841932574310886639e-01
3.325614415425639514e-01
1.782599635432385587e-01
1.923826831056733022e-01
4.656549441209255069e-01
2.206939321229559603e-01
1.673848809432594009e-01
1.774089113496995773e-01
1.942123531382430324e-01
5.223900276872653903e-01
2.052871254322876649e-01
1.859562489421504317e-01
8.927953617518316065e-01
9.935072084551753724e-01
1.734473001133904624e-01
1.668075457448565113e-01
2.032108383624861014e-01
2.534210962428419256e-01
1.782592119314459211e-01
9.956642199499073920e-01
4.944289926324888507e-01
2.303436150411886651e-01
9.706328339505276848e-01
4.178612947380405673e-01
9.896031658686808008e-01
9.866351031345096390e-01
9.940761543811450496e-01
1.921177731740962014e-01
1.782599702056990865e-01
9.962652868935928385e-01
7.820896762662222779e-01
1.782623901067504901e-01
7.956220409951069161e-01
2.095600575193597992e-01
9.929435775968390443e-01
2.027264129219459310e-01
1.811665691492680696e-01
9.882879767687755557e-01
8.566005945814929579e-01
2.695571909278953182e-01
1.782599546993930972e-01
2.142354526016548855e-01
1.782599547168283172e-01
9.956107229865549524e-01
1.841878761974279632e-01
9.924113904361059335e-01
1.760876311786111481e-01
1.669706048416236821e-01
9.590943139297574138e-01
4.526711385678049981e-01
9.958593002770871339e-01
1.782599658947476573e-01
9.932208725474305222e-01
8.655896297698341124e-01
3.200332386121560457e-01
9.583125222516383213e-01
8.379960403156645476e-01
9.622706192602825670e-01
2.886735491133897158e-01
4.038413943137524886e-01
2.953936557943168673e-01
9.916610364938581723e-01
3.954643275469057473e-01
9.649931141923431266e-01
9.726598126819728796e-01
9.727873097903952937e-01
2.920850160411733731e-01
2.919184303621165100e-01
4.348121607567915214e-01
2.755220878442247168e-01
7.613061244603870348e-01
3.367918737241701876e-01
7.696614898010240013e-01
2.919198947398241040e-01
2.919182437710240996e-01
2.919698542063669522e-01
9.905511315505726166e-01
2.919182437533677787e-01
2.999966131442197148e-01
9.827833614613823432e-01
2.919380999368378915e-01
2.919182437710117206e-01
8.310700415171601296e-01
5.255076855813081149e-01
3.059718124876761869e-01
9.913359778661755550e-01
2.919177100771973565e-01
2.845944311945274308e-01
3.000691948369609285e-01
9.897884172562039229e-01
2.999966126380061437e-01
2.732833959874862995e-01
2.838161383848608055e-01
9.824340611058361983e-01
9.314902830243032561e-01
9.528960693703022455e-01
5.933543065715489728e-01
9.942116487916521361e-01
3.195153229559554720e-01
2.791742503236361306e-01
9.932387014800148073e-01
9.139485577662292970e-01
9.749884856722407234e-01
3.100739401224983927e-01
9.901308643435867696e-01
3.033039315668640268e-01
2.906850612793052679e-01
9.917847767880878518e-01
6.513895328717294042e-01
2.942185927324687533e-01
2.982259235105971240e-01
2.919182439816674912e-01
9.858295516724129293e-01
3.173384743378657724e-01
2.919177461796120254e-01
9.218341045505963338e-01
3.661711684582644177e-01
3.287877303622014358e-01
4.147253504418115244e-01
9.567951033520851745e-01
3.463284286910510157e-01
9.821012019072934418e-01
9.564683557750103260e-01
3.515174379698145501e-01
3.388489787226691141e-01
3.514352963036428412e-01
9.917292021095822641e-01
9.872837649522775427e-01
3.787314899942300639e-01
3.467995113699702814e-01
3.248269558949187230e-01
3.492475339314994320e-01
8.964930183399795194e-01
9.544737435148417104e-01
9.905623057797382502e-01
3.659219415364802219e-01
3.748042344338709531e-01
3.381609816069303664e-01
3.492911829591517359e-01
3.851176032987842501e-01
3.336741270278214544e-01
9.906522019209809127e-01
3.463284286910510157e-01
3.413391054581531026e-01
9.860742499717801701e-01
9.875209171116252627e-01
3.370379703362924029e-01
3.492916938468860755e-01
3.492334450932433887e-01
9.769485242152576854e-01
3.642035436880324828e-01
3.762254875433893031e-01
9.896493866026886410e-01
3.540623792656149016e-01
3.416935912849923263e-01
3.492956082361623471e-01
9.360072038183140375e-01
9.364429058999110822e-01
3.809508360315070341e-01
3.552385014135491792e-01
9.874010956642655934e-01
9.324966306617170630e-01
3.450505612993619575e-01
4.314798104276161839e-01
3.238146101449250192e-01
5.099385341486725176e-01
4.219106499583087921e-01
9.181485667020117258e-01
3.581150255856958009e-01
3.293853292831199209e-01
3.582104952559539979e-01
3.769718706636287497e-01
9.891035791983939784e-01
9.905865100796695799e-01
3.536460678636347832e-01
9.916826634157214215e-01
3.396368333018851549e-01
3.456828712070704746e-01
9.889527174386505415e-01
3.213229941727418493e-01
3.232707308851905936e-01
9.968325717551416165e-01
9.990238171466866435e-01
9.831577155726950457e-01
9.984203648812743914e-01
8.971796028640268705e-01
3.821318199931645343e-01
9.989411117531207251e-01
9.814505856196424904e-01
9.989687204416285438e-01
2.880733023000290882e-01
3.267130518500531156e-01
3.102075710727812408e-01
2.939009314987006682e-01
2.938789433780858440e-01
3.756744663693842301e-01
9.958314760986453074e-01
6.419887540904979373e-01
2.927543759221556408e-01
9.985824220829356834e-01
3.070249994704335461e-01
3.113509403087179606e-01
8.389189695665760782e-01
3.305490253557045177e-01
3.200172392538023214e-01
3.082611190663108180e-01
3.367156309824616001e-01
6.323538463429024814e-01
4.391379782463178949e-01
2.997785832448799925e-01
3.070232295868460248e-01
9.716433596442577425e-01
3.021515585202219634e-01
2.972544717286937921e-01
6.009131052361461611e-01
9.803246902311418820e-01
3.104192135097689764e-01
6.751389138703132176e-01
2.846878014097790621e-01
9.938134829617043531e-01
3.294691150928580337e-01
3.069745686733823531e-01
9.876590009522453473e-01
9.884689709963371262e-01
2.727463466630503097e-01
3.032419569517341706e-01
9.086891351775879810e-01
9.989860643187777889e-01
2.881741976554303419e-01
3.207813247984812044e-01
2.974561208948348079e-01
3.479141565889153354e-01
3.226077403259087206e-01
3.072802407058342622e-01
3.456818493231486600e-01
3.152977852012630589e-01
3.069745686732722190e-01
3.200172468197174380e-01
3.294950412320681310e-01
2.837631744385075705e-01
9.868907214309056153e-01
3.217932270181765309e-01
3.200210816066483832e-01
3.274096481182222629e-01
9.941475039436863392e-01
2.772899914926355014e-01
2.451559575062645657e-01
9.981847190779925549e-01
4.823832574206701751e-01
2.352452158131729809e-01
2.906234560192020866e-01
9.979733737501845781e-01
2.263200015107904861e-01
4.553858198225964604e-01
2.467202462651163775e-01
4.993867852092631066e-01
2.641063684151016000e-01
2.482330556336578009e-01
2.630057156984159650e-01
2.358363118198068265e-01
2.430606990935421929e-01
6.198669768241171774e-01
2.408533168167750205e-01
5.548284808619063924e-01
2.309965521263651622e-01
2.420701720285188541e-01
2.594306751063221728e-01
9.177825299559547734e-01
2.333988043970190163e-01
2.333987931641497982e-01
3.151736624839274192e-01
9.965142292598597740e-01
2.008926531425486994e-01
2.278741216651162527e-01
2.302891670171682004e-01
6.309618171403490461e-01
9.963147691953376794e-01
2.430587929276155079e-01
2.091512386559132575e-01
2.374971606567777005e-01
5.207243460679372715e-01
9.940087580575349691e-01
2.226356052904133465e-01
2.238526333078835473e-01
9.976360041762637465e-01
2.430486778578414275e-01
2.729820708645596672e-01
3.064488320189500126e-01
9.930893978797167287e-01
2.213588292669564916e-01
2.302891638577332922e-01
2.334090567200413358e-01
2.301847562353089571e-01
9.970281499279646242e-01
2.572946634192422311e-01
2.333911191748653802e-01
4.140881847563296358e-01
9.680597358475052649e-01
2.553202767221628977e-01
2.366518215884291787e-01
2.429960305105469121e-01
9.816918964229313094e-01
8.368396145273128139e-01
2.100024705477546438e-01
2.359108402341604793e-01
2.303707504242815951e-01
2.435072290157660746e-01
2.172621277703266351e-01
9.984766814257294287e-01
