3.116233140921754415e-35
3.116233140921754415e-35
2.203257343324223003e-02
1.492497105221572386e-34
3.116233140915732141e-35
3.400751391808733698e-34
3.116131356734337605e-35
1.000000000000000000e+00
3.116233138655902095e-35
1.000000000000000000e+00
4.334809878468784926e-03
1.000000000000000000e+00
3.115597245725398304e-35
5.554618655849492543e-34
3.116233101988161785e-35
3.113676499217382110e-35
3.116232160373526469e-35
3.123506259077870546e-35
2.601100047375868149e-26
3.116230060347006306e-35
3.116232139370845157e-35
3.116233130692073030e-35
3.116233140887965858e-35
3.116233135926658659e-35
3.116019132501532964e-35
3.114753900091108785e-35
1.372356266080968266e-23
3.116233140921400541e-35
1.888098865516632255e-21
3.116233140902181224e-35
1.047771738780663969e-34
3.116215028533239108e-35
3.116233140921754415e-35
1.531800143962901961e-26
3.116203113358073198e-35
3.262334123472902258e-35
3.116233140915466469e-35
3.116233140921754415e-35
3.116233140920780459e-35
