1.314166173781823568e-35
1.314679874007983289e-35
1.000000000000000000e+00
1.314559372356322901e-35
1.314386120126755501e-35
1.314679874177958830e-35
2.203884677330450459e-02
1.314679863333496659e-35
1.314679839752498124e-35
1.314669755808309129e-35
1.314679873987506971e-35
1.918730333638028231e-03
1.314679873180450699e-35
1.314679874071168248e-35
1.314575265064910409e-35
1.314679874177958830e-35
8.187939724714568236e-36
1.313582242893071245e-35
1.156369013388898694e-05
1.304412186867282310e-35
1.314672346411997632e-35
1.314654689652313257e-35
1.314673631880824306e-35
1.314679839274780989e-35
1.161179644008599517e-05
1.296545536354497544e-35
1.314679871923178171e-35
1.314679874124787650e-35
1.000000000000000000e+00
1.314679874177547758e-35
5.579944241404377429e-35
1.242002623060620729e-34
1.314679798036740783e-35
1.314679831826800858e-35
1.000000000000000000e+00
1.000000000000000000e+00
7.165258412360955215e-33
1.000000000000000000e+00
1.314679741743603102e-35
