5.096265794708061827e-31
1.000000000000000000e+00
5.095701181219526646e-31
5.095701063425843489e-31
5.095701428664739242e-31
5.095710391303366457e-31
5.095701063425843489e-31
1.000000000000000000e+00
5.095701063425843489e-31
2.933325060715379046e-09
5.095701063425843489e-31
5.439220937301603802e-31
5.095701063425843489e-31
5.095701063425843489e-31
1.113332962843382838e-02
5.095701063425843489e-31
5.095701063425843489e-31
7.133036238306741939e-02
5.095701063425264578e-31
1.000000000000000000e+00
5.095701063425843489e-31
5.095701063425843489e-31
5.095701063425843489e-31
5.097163640361508262e-31
6.584312115071543274e-31
5.550552881032878278e-31
5.654425232327982202e-31
5.369506579072592940e-31
5.095701063425843489e-31
9.999999999966417974e-01
5.095701063425843489e-31
1.000000000000000000e+00
5.095701063425843489e-31
5.095701063425843489e-31
5.095701063425843489e-31
5.095701063425843489e-31
5.097458408302286901e-31
1.454601928649408649e-27
5.095701063425843489e-31
