8.192331419835139019e-31
2.679807818012409389e-07
8.192313592775603361e-31
8.192331419835139019e-31
8.192331418879563819e-31
8.192331419835021660e-31
9.995590076830470627e-01
8.192331419835139019e-31
8.230985508009686065e-31
8.192330883940012750e-31
1.000000000000000000e+00
1.000000000000000000e+00
4.848195421989255627e-03
8.192331419825825639e-31
1.000000000000000000e+00
1.000000000000000000e+00
4.293920270790266275e-30
8.192331343187915794e-31
8.192331418628328520e-31
8.408222756431288426e-31
8.254215201095203606e-31
8.204545225153391055e-31
8.192331419835139019e-31
8.155330720884170604e-31
8.198623884313519323e-31
1.737616470334176574e-30
8.192331935486251129e-31
1.000000000000000000e+00
8.192331419332903140e-31
1.022690621544695726e-30
1.000000000000000000e+00
8.192331408490589238e-31
3.806924939451676985e-30
8.192331419835139019e-31
1.000000000000000000e+00
8.192331419835139019e-31
8.192331772915912998e-31
8.192331419722677811e-31
6.243431477550647605e-31
8.192331419835139019e-31
