1.212871923782060492e-33
1.212871923782060492e-33
1.489176995302055886e-33
1.212871923782060492e-33
1.212871923782060492e-33
1.000000000000000000e+00
1.212871923782060492e-33
1.212871095296285094e-33
1.212871923782060492e-33
1.212871875176674644e-33
1.212871923782060492e-33
1.212871923782060492e-33
7.138061513905155121e-08
5.169013713664584973e-03
1.212871906660474474e-33
1.212871923770908948e-33
1.212871923780112838e-33
1.212871923782060492e-33
1.000000000000000000e+00
1.000000000000000000e+00
1.212871923782060492e-33
1.212871923782060492e-33
1.000000000000000000e+00
4.122514964734417036e-33
1.212871923782060492e-33
1.000000000000000000e+00
1.212871923782060492e-33
1.212871923782060492e-33
1.212871923781991557e-33
1.212871923782060492e-33
1.212871923762153057e-33
1.212871923782060492e-33
1.212871923782060492e-33
1.212871923782043387e-33
1.212871923782060492e-33
1.212871923782060492e-33
1.212871923782043387e-33
1.212871923781836579e-33
1.212908158077522496e-33
