1.000000000000000000e+00
1.040627173986517481e-36
1.040627893412276709e-36
1.000000000000000000e+00
1.040627893412188006e-36
1.040627893412247141e-36
1.040627893412276709e-36
1.040627893412276709e-36
1.039444610221695918e-36
1.000000000000000000e+00
1.039407683095997998e-36
8.488919643103966716e-05
1.040325471622928550e-36
1.000000000000000000e+00
1.039133177210468420e-36
1.040627893412276709e-36
1.040627203650866478e-36
1.040622026124315057e-36
1.000000000000000000e+00
1.040603852891679681e-36
1.058522325455588320e-36
8.926883056880422496e-01
1.040627893412276709e-36
8.444982734420631860e-05
1.040488215054546119e-36
1.040627893412276709e-36
1.040627786684515267e-36
1.040627892673620261e-36
1.040627822032109532e-36
1.040624397628825935e-36
1.040627893412247141e-36
1.040627893412276709e-36
1.040563822797954257e-36
1.040627893412276709e-36
8.424443638194994565e-05
1.040627893412276709e-36
1.040627892056685695e-36
1.040627893411596490e-36
1.040627893412276709e-36
