5.814140386677843987e-33
1.243825901747911884e-32
1.244607419444948438e-32
1.000000000000000000e+00
1.244607028773561820e-32
1.244606988890225865e-32
1.244607419444736327e-32
1.000000000000000000e+00
1.244607262828898100e-32
5.787603537380745404e-33
1.244601531637625200e-32
1.244502994760230383e-32
6.885160451280278158e-31
1.244607419444948438e-32
1.244607414660048974e-32
1.244607419444948438e-32
1.243810095521831297e-32
1.244605997796915942e-32
1.244607419430144486e-32
1.244607352146268034e-32
2.524256927853923010e-31
1.000000000000000000e+00
9.999998318553861010e-01
1.244479110071946796e-32
1.244421472593806272e-32
1.244607419444647925e-32
1.244607419436034318e-32
1.000000000000000000e+00
1.000000000000000000e+00
1.244607417045415033e-32
1.244607361431943844e-32
1.244606796961626105e-32
1.000000000000000000e+00
9.999965929997521874e-01
1.244607415626109336e-32
1.000000000000000000e+00
2.141738387745375750e-30
1.189993219310975956e-32
1.244607419020090617e-32
1.244607409677745422e-32
