5.572128477450434786e-31
9.985571037706000297e-01
2.429515735890159166e-31
1.000000000000000000e+00
2.215152554017736181e-31
2.386431398260845934e-31
2.429033446843708725e-31
4.816517564400681710e-31
2.543074074168334584e-31
2.424141580070028534e-31
5.405849654134542837e-31
1.089387887656996370e-31
2.158248215617422450e-29
2.425312882233497443e-31
5.155770343497922245e-31
5.360851115499608518e-31
2.118331542498200124e-31
5.411161843907059952e-31
2.429959547446552586e-31
2.347740746345574032e-31
3.837185758886138429e-06
5.841071302611946514e-01
1.000000000000000000e+00
1.361822488710153504e-31
2.105788311318278039e-31
2.368593154671289098e-31
2.475356331664560323e-31
2.076281524795170971e-31
2.427167204781999275e-31
2.328300664488581134e-07
2.428928705658992952e-31
2.248222655825433716e-31
1.000000000000000000e+00
2.399221043425551357e-31
1.000000000000000000e+00
2.412189256810784028e-31
1.000000000000000000e+00
1.000000000000000000e+00
2.824557038823451850e-31
