9.873592204494236585e-33
1.471938767326917723e-32
1.464877173290345530e-32
1.000000000000000000e+00
7.925218964418093139e-14
1.000000000000000000e+00
1.469918764179063038e-32
1.471938767281631424e-32
1.471874848779912463e-32
1.683747711183465769e-25
1.471938767263537705e-32
1.471938767326917723e-32
1.471938767326917723e-32
1.000000000000000000e+00
1.471800038835349366e-32
1.471938033998637669e-32
1.471938767201684610e-32
1.680153126792346129e-32
1.471938765380229791e-32
1.471938766837866475e-32
1.471323992409003780e-32
1.471938767326875848e-32
1.471938767319282836e-32
1.471938765245876743e-32
1.471938767103895325e-32
1.471846851905133228e-32
1.471938767326896923e-32
1.471851003846379002e-32
1.471936216128029975e-32
1.471861440475836261e-32
1.471938767326917723e-32
1.471938631796031037e-32
1.471938767326917723e-32
1.471938757625419457e-32
1.471874330542487438e-32
1.471938767326269349e-32
3.797955289373204127e-19
1.471938763630752175e-32
1.471938767326917723e-32
