7.206735564061374908e-23
7.206735781793066005e-23
7.206764662478983778e-23
7.206735781539796343e-23
7.206735743322266244e-23
7.206735781793066005e-23
1.000000000000000000e+00
1.957697587218302339e-13
7.206735781793066005e-23
7.206735781793066005e-23
3.420128186959928514e-06
7.206735781780776211e-23
7.207537902374336726e-23
7.206735781792963737e-23
7.206735781793066005e-23
7.206735781793066005e-23
7.206735755224857720e-23
7.206722869299236370e-23
7.206735675605342183e-23
7.206735781793066005e-23
3.238001143786069037e-16
7.206735749779256713e-23
7.206735781793066005e-23
7.206733775554228015e-23
7.206735781793066005e-23
7.207361729105925411e-23
1.000000000000000000e+00
7.206735781793066005e-23
7.206735781793066005e-23
7.206735781793066005e-23
7.206735781685069812e-23
7.206735165765747585e-23
8.724263004477094278e-23
7.206735781718047131e-23
7.206735781793014283e-23
7.206724810518199836e-23
9.999999980756530960e-01
2.497107518180236113e-22
1.322884816962535681e-05
9.995100017690837779e-01
