3.116233140921754415e-35
3.116233140921754415e-35
2.203257343324223003e-02
1.492497105221572386e-34
3.116233140915732141e-35
3.400751391808733698e-34
3.116131356734337605e-35
1.000000000000000000e+00
3.116233138655902095e-35
1.000000000000000000e+00
4.334809878468784926e-03
1.000000000000000000e+00
3.115597245725398304e-35
5.554618655849492543e-34
3.116233101988161785e-35
3.113676499217382110e-35
3.116232160373526469e-35
3.123506259077870546e-35
2.601100047375868149e-26
3.116230060347006306e-35
3.116232139370845157e-35
3.116233130692073030e-35
3.116233140887965858e-35
3.116233135926658659e-35
3.116019132501532964e-35
3.114753900091108785e-35
1.372356266080968266e-23
3.116233140921400541e-35
1.888098865516632255e-21
3.116233140902181224e-35
1.047771738780663969e-34
3.116215028533239108e-35
3.116233140921754415e-35
1.531800143962901961e-26
3.116203113358073198e-35
3.262334123472902258e-35
3.116233140915466469e-35
3.116233140921754415e-35
3.116233140920780459e-35
1.314166173781823568e-35
1.314679874007983289e-35
1.000000000000000000e+00
1.314559372356322901e-35
1.314386120126755501e-35
1.314679874177958830e-35
2.203884677330450459e-02
1.314679863333496659e-35
1.314679839752498124e-35
1.314669755808309129e-35
1.314679873987506971e-35
1.918730333638028231e-03
1.314679873180450699e-35
1.314679874071168248e-35
1.314575265064910409e-35
1.314679874177958830e-35
8.187939724714568236e-36
1.313582242893071245e-35
1.156369013388898694e-05
1.304412186867282310e-35
1.314672346411997632e-35
1.314654689652313257e-35
1.314673631880824306e-35
1.314679839274780989e-35
1.161179644008599517e-05
1.296545536354497544e-35
1.314679871923178171e-35
1.314679874124787650e-35
1.000000000000000000e+00
1.314679874177547758e-35
5.579944241404377429e-35
1.242002623060620729e-34
1.314679798036740783e-35
1.314679831826800858e-35
1.000000000000000000e+00
1.000000000000000000e+00
7.165258412360955215e-33
1.000000000000000000e+00
1.314679741743603102e-35
5.096265794708061827e-31
1.000000000000000000e+00
5.095701181219526646e-31
5.095701063425843489e-31
5.095701428664739242e-31
5.095710391303366457e-31
5.095701063425843489e-31
1.000000000000000000e+00
5.095701063425843489e-31
2.933325060715379046e-09
5.095701063425843489e-31
5.439220937301603802e-31
5.095701063425843489e-31
5.095701063425843489e-31
1.113332962843382838e-02
5.095701063425843489e-31
5.095701063425843489e-31
7.133036238306741939e-02
5.095701063425264578e-31
1.000000000000000000e+00
5.095701063425843489e-31
5.095701063425843489e-31
5.095701063425843489e-31
5.097163640361508262e-31
6.584312115071543274e-31
5.550552881032878278e-31
5.654425232327982202e-31
5.369506579072592940e-31
5.095701063425843489e-31
9.999999999966417974e-01
5.095701063425843489e-31
1.000000000000000000e+00
5.095701063425843489e-31
5.095701063425843489e-31
5.095701063425843489e-31
5.095701063425843489e-31
5.097458408302286901e-31
1.454601928649408649e-27
5.095701063425843489e-31
8.192331419835139019e-31
2.679807818012409389e-07
8.192313592775603361e-31
8.192331419835139019e-31
8.192331418879563819e-31
8.192331419835021660e-31
9.995590076830470627e-01
8.192331419835139019e-31
8.230985508009686065e-31
8.192330883940012750e-31
1.000000000000000000e+00
1.000000000000000000e+00
4.848195421989255627e-03
8.192331419825825639e-31
1.000000000000000000e+00
1.000000000000000000e+00
4.293920270790266275e-30
8.192331343187915794e-31
8.192331418628328520e-31
8.408222756431288426e-31
8.254215201095203606e-31
8.204545225153391055e-31
8.192331419835139019e-31
8.155330720884170604e-31
8.198623884313519323e-31
1.737616470334176574e-30
8.192331935486251129e-31
1.000000000000000000e+00
8.192331419332903140e-31
1.022690621544695726e-30
1.000000000000000000e+00
8.192331408490589238e-31
3.806924939451676985e-30
8.192331419835139019e-31
1.000000000000000000e+00
8.192331419835139019e-31
8.192331772915912998e-31
8.192331419722677811e-31
6.243431477550647605e-31
8.192331419835139019e-31
1.212871923782060492e-33
1.212871923782060492e-33
1.489176995302055886e-33
1.212871923782060492e-33
1.212871923782060492e-33
1.000000000000000000e+00
1.212871923782060492e-33
1.212871095296285094e-33
1.212871923782060492e-33
1.212871875176674644e-33
1.212871923782060492e-33
1.212871923782060492e-33
7.138061513905155121e-08
5.169013713664584973e-03
1.212871906660474474e-33
1.212871923770908948e-33
1.212871923780112838e-33
1.212871923782060492e-33
1.000000000000000000e+00
1.000000000000000000e+00
1.212871923782060492e-33
1.212871923782060492e-33
1.000000000000000000e+00
4.122514964734417036e-33
1.212871923782060492e-33
1.000000000000000000e+00
1.212871923782060492e-33
1.212871923782060492e-33
1.212871923781991557e-33
1.212871923782060492e-33
1.212871923762153057e-33
1.212871923782060492e-33
1.212871923782060492e-33
1.212871923782043387e-33
1.212871923782060492e-33
1.212871923782060492e-33
1.212871923782043387e-33
1.212871923781836579e-33
1.212908158077522496e-33
1.000000000000000000e+00
1.040627173986517481e-36
1.040627893412276709e-36
1.000000000000000000e+00
1.040627893412188006e-36
1.040627893412247141e-36
1.040627893412276709e-36
1.040627893412276709e-36
1.039444610221695918e-36
1.000000000000000000e+00
1.039407683095997998e-36
8.488919643103966716e-05
1.040325471622928550e-36
1.000000000000000000e+00
1.039133177210468420e-36
1.040627893412276709e-36
1.040627203650866478e-36
1.040622026124315057e-36
1.000000000000000000e+00
1.040603852891679681e-36
1.058522325455588320e-36
8.926883056880422496e-01
1.040627893412276709e-36
8.444982734420631860e-05
1.040488215054546119e-36
1.040627893412276709e-36
1.040627786684515267e-36
1.040627892673620261e-36
1.040627822032109532e-36
1.040624397628825935e-36
1.040627893412247141e-36
1.040627893412276709e-36
1.040563822797954257e-36
1.040627893412276709e-36
8.424443638194994565e-05
1.040627893412276709e-36
1.040627892056685695e-36
1.040627893411596490e-36
1.040627893412276709e-36
5.814140386677843987e-33
1.243825901747911884e-32
1.244607419444948438e-32
1.000000000000000000e+00
1.244607028773561820e-32
1.244606988890225865e-32
1.244607419444736327e-32
1.000000000000000000e+00
1.244607262828898100e-32
5.787603537380745404e-33
1.244601531637625200e-32
1.244502994760230383e-32
6.885160451280278158e-31
1.244607419444948438e-32
1.244607414660048974e-32
1.244607419444948438e-32
1.243810095521831297e-32
1.244605997796915942e-32
1.244607419430144486e-32
1.244607352146268034e-32
2.524256927853923010e-31
1.000000000000000000e+00
9.999998318553861010e-01
1.244479110071946796e-32
1.244421472593806272e-32
1.244607419444647925e-32
1.244607419436034318e-32
1.000000000000000000e+00
1.000000000000000000e+00
1.244607417045415033e-32
1.244607361431943844e-32
1.244606796961626105e-32
1.000000000000000000e+00
9.999965929997521874e-01
1.244607415626109336e-32
1.000000000000000000e+00
2.141738387745375750e-30
1.189993219310975956e-32
1.244607419020090617e-32
1.244607409677745422e-32
5.572128477450434786e-31
9.985571037706000297e-01
2.429515735890159166e-31
1.000000000000000000e+00
2.215152554017736181e-31
2.386431398260845934e-31
2.429033446843708725e-31
4.816517564400681710e-31
2.543074074168334584e-31
2.424141580070028534e-31
5.405849654134542837e-31
1.089387887656996370e-31
2.158248215617422450e-29
2.425312882233497443e-31
5.155770343497922245e-31
5.360851115499608518e-31
2.118331542498200124e-31
5.411161843907059952e-31
2.429959547446552586e-31
2.347740746345574032e-31
3.837185758886138429e-06
5.841071302611946514e-01
1.000000000000000000e+00
1.361822488710153504e-31
2.105788311318278039e-31
2.368593154671289098e-31
2.475356331664560323e-31
2.076281524795170971e-31
2.427167204781999275e-31
2.328300664488581134e-07
2.428928705658992952e-31
2.248222655825433716e-31
1.000000000000000000e+00
2.399221043425551357e-31
1.000000000000000000e+00
2.412189256810784028e-31
1.000000000000000000e+00
1.000000000000000000e+00
2.824557038823451850e-31
9.873592204494236585e-33
1.471938767326917723e-32
1.464877173290345530e-32
1.000000000000000000e+00
7.925218964418093139e-14
1.000000000000000000e+00
1.469918764179063038e-32
1.471938767281631424e-32
1.471874848779912463e-32
1.683747711183465769e-25
1.471938767263537705e-32
1.471938767326917723e-32
1.471938767326917723e-32
1.000000000000000000e+00
1.471800038835349366e-32
1.471938033998637669e-32
1.471938767201684610e-32
1.680153126792346129e-32
1.471938765380229791e-32
1.471938766837866475e-32
1.471323992409003780e-32
1.471938767326875848e-32
1.471938767319282836e-32
1.471938765245876743e-32
1.471938767103895325e-32
1.471846851905133228e-32
1.471938767326896923e-32
1.471851003846379002e-32
1.471936216128029975e-32
1.471861440475836261e-32
1.471938767326917723e-32
1.471938631796031037e-32
1.471938767326917723e-32
1.471938757625419457e-32
1.471874330542487438e-32
1.471938767326269349e-32
3.797955289373204127e-19
1.471938763630752175e-32
1.471938767326917723e-32
7.206735564061374908e-23
7.206735781793066005e-23
7.206764662478983778e-23
7.206735781539796343e-23
7.206735743322266244e-23
7.206735781793066005e-23
1.000000000000000000e+00
1.957697587218302339e-13
7.206735781793066005e-23
7.206735781793066005e-23
3.420128186959928514e-06
7.206735781780776211e-23
7.207537902374336726e-23
7.206735781792963737e-23
7.206735781793066005e-23
7.206735781793066005e-23
7.206735755224857720e-23
7.206722869299236370e-23
7.206735675605342183e-23
7.206735781793066005e-23
3.238001143786069037e-16
7.206735749779256713e-23
7.206735781793066005e-23
7.206733775554228015e-23
7.206735781793066005e-23
7.207361729105925411e-23
1.000000000000000000e+00
7.206735781793066005e-23
7.206735781793066005e-23
7.206735781793066005e-23
7.206735781685069812e-23
7.206735165765747585e-23
8.724263004477094278e-23
7.206735781718047131e-23
7.206735781793014283e-23
7.206724810518199836e-23
9.999999980756530960e-01
2.497107518180236113e-22
1.322884816962535681e-05
9.995100017690837779e-01
