3.775134224669480262e-11
2.289735098103531304e-11
4.378234988972345421e-01
1.163763367140239666e-10
2.414314067288812514e-11
2.289724056640000089e-11
2.289734647789717460e-11
1.081594059420884269e-11
2.289734647789717460e-11
1.081594059420884269e-11
2.689414206767410942e-01
2.263581439000850757e-11
2.289734647789717460e-11
3.127667770716630481e-03
2.289734647789717460e-11
2.289735017650382008e-11
2.289734647789717460e-11
2.289734647789717460e-11
4.378234988972345421e-01
2.290039028107116933e-11
2.289734647789717460e-11
2.289745889294814616e-11
2.940077443341187780e-11
2.289734647789717460e-11
2.289734647789717460e-11
4.931681649696130634e-10
1.388794264054841441e-11
2.289734647789717460e-11
2.289734647789717460e-11
2.289734647789717460e-11
9.110511109693032608e-04
3.775120088468040568e-11
3.775134213521584595e-11
2.279428538350120508e-10
2.289734647789717460e-11
4.903722277650820545e-08
2.289734647789717460e-11
3.775134230518253361e-11
2.931961949392047326e-11
