2.289616183402578115e-11
2.289734647789717460e-11
1.390461590587115899e-11
2.289734647789717460e-11
2.289734647789717460e-11
2.938996636655655284e-11
1.824255230175203246e-01
2.293306284214772071e-11
2.343833423590260153e-11
2.289734647789717460e-11
4.847368300102638414e-11
4.378234988972345421e-01
3.702266028546622284e-11
1.715236236486107563e-09
3.774867878670402684e-11
2.289734647789717460e-11
3.709549669182630012e-11
3.775134224668903820e-11
3.090804571879569477e-11
2.289734647789717460e-11
2.289734647789717460e-11
2.289735376027684237e-11
3.775134224669480262e-11
7.194957891631287072e-09
1.783247135161460306e-11
2.289734647789717460e-11
2.942186894592771383e-11
4.847368248363894721e-11
1.081594059420884269e-11
2.940077467579356874e-11
1.783248271690212064e-11
1.388793067045397707e-11
2.289734647789717460e-11
2.289734647789717460e-11
1.081594059420884269e-11
1.024572040619671220e-01
1.480471972534086744e-01
1.081594059420884269e-11
2.289734663464267264e-11
