4.860292673195963363e-11
1.081594096030876484e-11
2.289734650216751004e-11
2.289734650216751004e-11
2.289734650216751004e-11
3.622009970064599143e-09
2.939458477452824459e-11
1.081594060602428087e-11
2.640809955343085021e-11
2.165235723044659059e-11
2.289734650216751004e-11
2.289734650018661280e-11
1.783247137070926940e-11
2.939831414327634089e-11
1.786684308187409666e-11
7.634481760620006165e-11
2.289734650216751004e-11
2.227001380717105739e-01
2.289734650216751004e-11
1.081594060602428087e-11
2.953774013069220682e-11
2.935111459275868437e-11
2.289752517520339931e-11
2.837211895224645601e-11
1.814492923828527943e-11
1.783252340164404164e-11
1.783247143696846241e-11
2.289734650216742926e-11
2.260323843877388885e-06
2.813150698696310186e-11
7.953555019245443343e-11
1.081693324293833154e-11
2.289734650216751004e-11
7.992320461489099788e-11
6.224144150252633061e-11
6.224144113109387879e-11
2.289734650216751004e-11
1.480471972629580912e-01
3.775134228576172869e-11
