3.775139849198327733e-11
3.084477430685553731e-11
2.289734640508584519e-11
2.289734640508584519e-11
6.223661058641793794e-11
3.775134211826069842e-11
4.378062143013170537e-01
3.775134212909904565e-11
2.886085551705972176e-11
2.289734640508584519e-11
4.333625698900494748e-07
1.082402525252454388e-11
1.824255229884833573e-01
2.289744124989990240e-11
1.081594055876229552e-11
1.081594055876229552e-11
2.289433351379237263e-11
2.289734640508584519e-11
2.290234395641104455e-11
2.289734640508584519e-11
2.289734640508584519e-11
2.289734640508584519e-11
1.691897563455034423e-10
2.289734640508584519e-11
2.289734640508584519e-11
2.289739130763766513e-11
2.293619383662880517e-11
1.082186652715384930e-11
2.289734671464180738e-11
2.289734640508584519e-11
1.081594055876229552e-11
2.289734640508584519e-11
1.081594055876229552e-11
2.966041567001801969e-11
1.081594055876229552e-11
2.940077478551343536e-11
1.335135325468597105e-10
2.940077686152936380e-11
2.289734640508584519e-11
1.233945929151943229e-04
