6.224144106781335993e-11
2.289734697857642912e-11
3.305998804821122513e-08
6.038852817197448222e-11
2.449433948404093800e-11
1.081594059420884269e-11
2.940966718018341524e-11
2.289734647789717460e-11
2.940077487804960704e-11
4.849693015232052022e-11
6.224141994137431277e-11
4.846785543635404307e-11
2.269168273236180330e-11
3.208210347025612363e-01
4.502318914019649843e-04
2.328221875906592113e-11
2.289734647789717460e-11
2.289734647789717460e-11
1.782692387706761908e-11
1.386528711755607296e-11
2.289734647789717460e-11
3.581768252235802183e-10
1.081638760751753044e-11
3.732688693234816057e-02
3.043635909773740461e-11
1.081594059420884269e-11
2.289734647789717460e-11
2.289734647789717460e-11
2.289734647789717460e-11
3.775134224669480262e-11
2.142554310025070529e-10
3.775134224669480262e-11
2.890960678052292036e-11
2.289734647789717460e-11
3.581747654314141292e-10
2.940077487805117093e-11
4.847368265300124372e-11
2.289734647789717460e-11
1.783247135161460306e-11
