1.388794259548481825e-11
2.289734640508584519e-11
3.775134212909783719e-11
1.388808805300911801e-11
3.775134212909904565e-11
2.570367353986946518e-09
3.775134212909904565e-11
3.581730609998591647e-10
2.289734640508584519e-11
1.081594055876229552e-11
2.289760837395750008e-11
1.783247129433047156e-11
3.127663462746374375e-11
1.081594055876229552e-11
1.783247129432933095e-11
3.775134212909904565e-11
2.289734640508584519e-11
1.028275133113399396e-10
1.081594055876229552e-11
2.289734640508584519e-11
2.164521671732534867e-11
4.378234988892480972e-01
1.067651643127400729e-06
9.296134119835897688e-09
2.289906699222291651e-11
2.289734640508584519e-11
2.940113943666038800e-11
1.233670906905126759e-04
7.186151626556863045e-11
2.289734640508584519e-11
9.751957145694216187e-10
4.008822752032673742e-11
2.289734640508584519e-11
3.775134212720889918e-11
4.971593483920841052e-10
2.289734640508584519e-11
2.289734640508584519e-11
2.929202555218909895e-11
2.289734640508584519e-11
