4.733492284804845116e-11
2.939507218876860175e-11
2.289734645362659683e-11
1.081594058239324942e-11
2.289734656718719552e-11
2.319241466230974886e-11
2.289734645362659683e-11
1.388219653547466279e-11
2.289734645362659683e-11
7.991961480935190138e-11
2.514619834916996251e-11
1.317254080411556014e-10
2.289734645362659683e-11
2.289734645362659683e-11
2.940077484484999583e-11
7.991964472162485232e-11
2.289564514006247640e-11
2.289734645362659683e-11
2.289734645362659683e-11
2.304104377801656078e-11
2.297777661715528358e-02
1.081594058239324942e-11
4.378234988945723938e-01
2.289734645362659683e-11
2.295238076903463922e-11
2.289734645362659683e-11
2.289734645362659683e-11
1.081594058239324942e-11
1.689284357419629690e-09
3.775134220749590246e-11
2.289734645362659683e-11
2.289788393157690216e-11
1.388794262552713437e-11
4.378234988945723938e-01
2.289734645362659683e-11
1.081594058239324942e-11
9.532512289805356032e-02
3.775134220748330088e-11
2.291784924324823933e-11
2.289734645362659683e-11
