1.781722050122137516e-11
1.081594057057765777e-11
5.915506882164415158e-07
1.081594057057765777e-11
2.289734664220670943e-11
2.837211886281523278e-11
1.251508558408180815e-09
1.783246881229928871e-11
2.289734642935601906e-11
2.940077480855232182e-11
2.289734642935601906e-11
1.094376128144399666e-10
5.272223785546894624e-10
2.160848355817157718e-10
2.289734640899386968e-11
2.289732612244335590e-11
3.775134115956283395e-11
1.783247131342488587e-11
2.289734642935601906e-11
2.289736051511400300e-11
2.289734745561279377e-11
4.380333412280187466e-09
1.081594057057765777e-11
3.775134216829700877e-11
2.289734642935601906e-11
2.289734642935601906e-11
2.933738101420137190e-02
2.289734642935601906e-11
2.289734642935601906e-11
2.289734642935601906e-11
1.302860859965876206e-10
2.289734642935601906e-11
1.388489052832033178e-11
2.289734642935601906e-11
2.304510609294773871e-11
2.289734653214829329e-11
1.081718541947279617e-11
1.081594057057765777e-11
5.638233886520051771e-11
