1.099343065915884578e-02
4.371542646373340832e-11
2.289729393382917148e-11
1.400187386552379003e-11
1.783247133251980747e-11
1.081595382343188120e-11
2.289734645362659683e-11
2.940077484662746480e-11
2.289734690744126812e-11
1.081594058239324942e-11
2.940077484305549858e-11
3.581747650943716338e-10
3.775134220749590246e-11
1.388794262551647634e-11
2.289734645362659683e-11
2.953327229881444252e-11
4.847358558344519207e-11
1.781411967106142661e-11
2.289734645362659683e-11
2.289734645362659683e-11
2.289734645362659683e-11
3.775134220749590246e-11
3.019911368466071614e-11
2.289734645362659683e-11
2.267650549323197650e-08
3.810839962908864477e-11
2.939800065230489769e-11
2.289734645362659683e-11
4.847362882602227755e-11
2.289734645362659683e-11
8.911453530405199005e-11
2.289734645362659683e-11
7.484614536779228815e-05
2.289734645362659683e-11
2.289734645362659683e-11
6.224144109638505717e-11
1.083810734401331206e-11
2.468088484759918352e-11
3.774625015264202853e-11
