2.289734645362659683e-11
4.851393287977069178e-11
2.154793907890124816e-11
2.289734645362659683e-11
2.289734645362659683e-11
7.279595284199833766e-11
1.081594058239324942e-11
5.456019158076728026e-04
2.369082538729282811e-11
2.289734645362659683e-11
2.289734645362659683e-11
8.003823025767257848e-11
1.388879995215986746e-11
2.940069965985540940e-11
2.940077484720508890e-11
3.775134220749590246e-11
2.289751931236871130e-11
2.289734645362659683e-11
2.289734699115766852e-11
6.224087572540517996e-11
1.772213818137928354e-11
2.289734645362659683e-11
1.026300793408811812e-10
2.940095104168638374e-11
1.522380681758987909e-08
2.289734645362659683e-11
1.083006609260215935e-11
2.940080711817660304e-11
2.289734645362659683e-11
2.289734645362659683e-11
5.905917671760130921e-10
2.289734645362659683e-11
2.289734645362659683e-11
2.289734645362659683e-11
2.806493823737599961e-11
2.289734645362659683e-11
1.189759982396225158e-01
2.009165836349409894e-11
6.216471805339758921e-11
1.824255230078412893e-01
