3.775134224669480262e-11
2.289735098103531304e-11
4.378234988972345421e-01
1.163763367140239666e-10
2.414314067288812514e-11
2.289724056640000089e-11
2.289734647789717460e-11
1.081594059420884269e-11
2.289734647789717460e-11
1.081594059420884269e-11
2.689414206767410942e-01
2.263581439000850757e-11
2.289734647789717460e-11
3.127667770716630481e-03
2.289734647789717460e-11
2.289735017650382008e-11
2.289734647789717460e-11
2.289734647789717460e-11
4.378234988972345421e-01
2.290039028107116933e-11
2.289734647789717460e-11
2.289745889294814616e-11
2.940077443341187780e-11
2.289734647789717460e-11
2.289734647789717460e-11
4.931681649696130634e-10
1.388794264054841441e-11
2.289734647789717460e-11
2.289734647789717460e-11
2.289734647789717460e-11
9.110511109693032608e-04
3.775120088468040568e-11
3.775134213521584595e-11
2.279428538350120508e-10
2.289734647789717460e-11
4.903722277650820545e-08
2.289734647789717460e-11
3.775134230518253361e-11
2.931961949392047326e-11
2.289616183402578115e-11
2.289734647789717460e-11
1.390461590587115899e-11
2.289734647789717460e-11
2.289734647789717460e-11
2.938996636655655284e-11
1.824255230175203246e-01
2.293306284214772071e-11
2.343833423590260153e-11
2.289734647789717460e-11
4.847368300102638414e-11
4.378234988972345421e-01
3.702266028546622284e-11
1.715236236486107563e-09
3.774867878670402684e-11
2.289734647789717460e-11
3.709549669182630012e-11
3.775134224668903820e-11
3.090804571879569477e-11
2.289734647789717460e-11
2.289734647789717460e-11
2.289735376027684237e-11
3.775134224669480262e-11
7.194957891631287072e-09
1.783247135161460306e-11
2.289734647789717460e-11
2.942186894592771383e-11
4.847368248363894721e-11
1.081594059420884269e-11
2.940077467579356874e-11
1.783248271690212064e-11
1.388793067045397707e-11
2.289734647789717460e-11
2.289734647789717460e-11
1.081594059420884269e-11
1.024572040619671220e-01
1.480471972534086744e-01
1.081594059420884269e-11
2.289734663464267264e-11
4.860292673195963363e-11
1.081594096030876484e-11
2.289734650216751004e-11
2.289734650216751004e-11
2.289734650216751004e-11
3.622009970064599143e-09
2.939458477452824459e-11
1.081594060602428087e-11
2.640809955343085021e-11
2.165235723044659059e-11
2.289734650216751004e-11
2.289734650018661280e-11
1.783247137070926940e-11
2.939831414327634089e-11
1.786684308187409666e-11
7.634481760620006165e-11
2.289734650216751004e-11
2.227001380717105739e-01
2.289734650216751004e-11
1.081594060602428087e-11
2.953774013069220682e-11
2.935111459275868437e-11
2.289752517520339931e-11
2.837211895224645601e-11
1.814492923828527943e-11
1.783252340164404164e-11
1.783247143696846241e-11
2.289734650216742926e-11
2.260323843877388885e-06
2.813150698696310186e-11
7.953555019245443343e-11
1.081693324293833154e-11
2.289734650216751004e-11
7.992320461489099788e-11
6.224144150252633061e-11
6.224144113109387879e-11
2.289734650216751004e-11
1.480471972629580912e-01
3.775134228576172869e-11
3.775139849198327733e-11
3.084477430685553731e-11
2.289734640508584519e-11
2.289734640508584519e-11
6.223661058641793794e-11
3.775134211826069842e-11
4.378062143013170537e-01
3.775134212909904565e-11
2.886085551705972176e-11
2.289734640508584519e-11
4.333625698900494748e-07
1.082402525252454388e-11
1.824255229884833573e-01
2.289744124989990240e-11
1.081594055876229552e-11
1.081594055876229552e-11
2.289433351379237263e-11
2.289734640508584519e-11
2.290234395641104455e-11
2.289734640508584519e-11
2.289734640508584519e-11
2.289734640508584519e-11
1.691897563455034423e-10
2.289734640508584519e-11
2.289734640508584519e-11
2.289739130763766513e-11
2.293619383662880517e-11
1.082186652715384930e-11
2.289734671464180738e-11
2.289734640508584519e-11
1.081594055876229552e-11
2.289734640508584519e-11
1.081594055876229552e-11
2.966041567001801969e-11
1.081594055876229552e-11
2.940077478551343536e-11
1.335135325468597105e-10
2.940077686152936380e-11
2.289734640508584519e-11
1.233945929151943229e-04
6.224144106781335993e-11
2.289734697857642912e-11
3.305998804821122513e-08
6.038852817197448222e-11
2.449433948404093800e-11
1.081594059420884269e-11
2.940966718018341524e-11
2.289734647789717460e-11
2.940077487804960704e-11
4.849693015232052022e-11
6.224141994137431277e-11
4.846785543635404307e-11
2.269168273236180330e-11
3.208210347025612363e-01
4.502318914019649843e-04
2.328221875906592113e-11
2.289734647789717460e-11
2.289734647789717460e-11
1.782692387706761908e-11
1.386528711755607296e-11
2.289734647789717460e-11
3.581768252235802183e-10
1.081638760751753044e-11
3.732688693234816057e-02
3.043635909773740461e-11
1.081594059420884269e-11
2.289734647789717460e-11
2.289734647789717460e-11
2.289734647789717460e-11
3.775134224669480262e-11
2.142554310025070529e-10
3.775134224669480262e-11
2.890960678052292036e-11
2.289734647789717460e-11
3.581747654314141292e-10
2.940077487805117093e-11
4.847368265300124372e-11
2.289734647789717460e-11
1.783247135161460306e-11
1.388794259548481825e-11
2.289734640508584519e-11
3.775134212909783719e-11
1.388808805300911801e-11
3.775134212909904565e-11
2.570367353986946518e-09
3.775134212909904565e-11
3.581730609998591647e-10
2.289734640508584519e-11
1.081594055876229552e-11
2.289760837395750008e-11
1.783247129433047156e-11
3.127663462746374375e-11
1.081594055876229552e-11
1.783247129432933095e-11
3.775134212909904565e-11
2.289734640508584519e-11
1.028275133113399396e-10
1.081594055876229552e-11
2.289734640508584519e-11
2.164521671732534867e-11
4.378234988892480972e-01
1.067651643127400729e-06
9.296134119835897688e-09
2.289906699222291651e-11
2.289734640508584519e-11
2.940113943666038800e-11
1.233670906905126759e-04
7.186151626556863045e-11
2.289734640508584519e-11
9.751957145694216187e-10
4.008822752032673742e-11
2.289734640508584519e-11
3.775134212720889918e-11
4.971593483920841052e-10
2.289734640508584519e-11
2.289734640508584519e-11
2.929202555218909895e-11
2.289734640508584519e-11
4.733492284804845116e-11
2.939507218876860175e-11
2.289734645362659683e-11
1.081594058239324942e-11
2.289734656718719552e-11
2.319241466230974886e-11
2.289734645362659683e-11
1.388219653547466279e-11
2.289734645362659683e-11
7.991961480935190138e-11
2.514619834916996251e-11
1.317254080411556014e-10
2.289734645362659683e-11
2.289734645362659683e-11
2.940077484484999583e-11
7.991964472162485232e-11
2.289564514006247640e-11
2.289734645362659683e-11
2.289734645362659683e-11
2.304104377801656078e-11
2.297777661715528358e-02
1.081594058239324942e-11
4.378234988945723938e-01
2.289734645362659683e-11
2.295238076903463922e-11
2.289734645362659683e-11
2.289734645362659683e-11
1.081594058239324942e-11
1.689284357419629690e-09
3.775134220749590246e-11
2.289734645362659683e-11
2.289788393157690216e-11
1.388794262552713437e-11
4.378234988945723938e-01
2.289734645362659683e-11
1.081594058239324942e-11
9.532512289805356032e-02
3.775134220748330088e-11
2.291784924324823933e-11
2.289734645362659683e-11
1.781722050122137516e-11
1.081594057057765777e-11
5.915506882164415158e-07
1.081594057057765777e-11
2.289734664220670943e-11
2.837211886281523278e-11
1.251508558408180815e-09
1.783246881229928871e-11
2.289734642935601906e-11
2.940077480855232182e-11
2.289734642935601906e-11
1.094376128144399666e-10
5.272223785546894624e-10
2.160848355817157718e-10
2.289734640899386968e-11
2.289732612244335590e-11
3.775134115956283395e-11
1.783247131342488587e-11
2.289734642935601906e-11
2.289736051511400300e-11
2.289734745561279377e-11
4.380333412280187466e-09
1.081594057057765777e-11
3.775134216829700877e-11
2.289734642935601906e-11
2.289734642935601906e-11
2.933738101420137190e-02
2.289734642935601906e-11
2.289734642935601906e-11
2.289734642935601906e-11
1.302860859965876206e-10
2.289734642935601906e-11
1.388489052832033178e-11
2.289734642935601906e-11
2.304510609294773871e-11
2.289734653214829329e-11
1.081718541947279617e-11
1.081594057057765777e-11
5.638233886520051771e-11
1.099343065915884578e-02
4.371542646373340832e-11
2.289729393382917148e-11
1.400187386552379003e-11
1.783247133251980747e-11
1.081595382343188120e-11
2.289734645362659683e-11
2.940077484662746480e-11
2.289734690744126812e-11
1.081594058239324942e-11
2.940077484305549858e-11
3.581747650943716338e-10
3.775134220749590246e-11
1.388794262551647634e-11
2.289734645362659683e-11
2.953327229881444252e-11
4.847358558344519207e-11
1.781411967106142661e-11
2.289734645362659683e-11
2.289734645362659683e-11
2.289734645362659683e-11
3.775134220749590246e-11
3.019911368466071614e-11
2.289734645362659683e-11
2.267650549323197650e-08
3.810839962908864477e-11
2.939800065230489769e-11
2.289734645362659683e-11
4.847362882602227755e-11
2.289734645362659683e-11
8.911453530405199005e-11
2.289734645362659683e-11
7.484614536779228815e-05
2.289734645362659683e-11
2.289734645362659683e-11
6.224144109638505717e-11
1.083810734401331206e-11
2.468088484759918352e-11
3.774625015264202853e-11
2.289734645362659683e-11
4.851393287977069178e-11
2.154793907890124816e-11
2.289734645362659683e-11
2.289734645362659683e-11
7.279595284199833766e-11
1.081594058239324942e-11
5.456019158076728026e-04
2.369082538729282811e-11
2.289734645362659683e-11
2.289734645362659683e-11
8.003823025767257848e-11
1.388879995215986746e-11
2.940069965985540940e-11
2.940077484720508890e-11
3.775134220749590246e-11
2.289751931236871130e-11
2.289734645362659683e-11
2.289734699115766852e-11
6.224087572540517996e-11
1.772213818137928354e-11
2.289734645362659683e-11
1.026300793408811812e-10
2.940095104168638374e-11
1.522380681758987909e-08
2.289734645362659683e-11
1.083006609260215935e-11
2.940080711817660304e-11
2.289734645362659683e-11
2.289734645362659683e-11
5.905917671760130921e-10
2.289734645362659683e-11
2.289734645362659683e-11
2.289734645362659683e-11
2.806493823737599961e-11
2.289734645362659683e-11
1.189759982396225158e-01
2.009165836349409894e-11
6.216471805339758921e-11
1.824255230078412893e-01
