9.999999999999957812e-01
1.000000000000000000e+00
9.999999999999924505e-01
9.696522248115253539e-01
9.998937229542926852e-01
9.999838462684640383e-01
1.000000000000000000e+00
1.000000000000000000e+00
1.000000000000000000e+00
4.432558957213027506e-01
1.000000000000000000e+00
1.000000000000000000e+00
1.000000000000000000e+00
9.999486581481411562e-01
1.000000000000000000e+00
9.999999995314552415e-01
1.749643983039745904e-03
9.995701216332167904e-01
1.000000000000000000e+00
2.717817085363511548e-02
9.999999999092290537e-01
1.538318934501671786e-01
1.000000000000000000e+00
9.999416662641680276e-01
1.000000000000000000e+00
2.094771154287817724e-02
1.000000000000000000e+00
9.994700609046862638e-01
9.812274519494526004e-01
9.973425110679934313e-01
1.000000000000000000e+00
3.413012572862889615e-01
8.682230434676834196e-01
1.000000000000000000e+00
1.000000000000000000e+00
9.813498701921531397e-01
1.000000000000000000e+00
1.000000000000000000e+00
1.000000000000000000e+00
1.000000000000000000e+00
1.000000000000000000e+00
1.000000000000000000e+00
6.297328979379910319e-01
9.842628890709873568e-01
1.000000000000000000e+00
3.532476974617307364e-01
9.999999999999997780e-01
9.999999999990127897e-01
9.051691150200832370e-01
1.000000000000000000e+00
1.000000000000000000e+00
6.316536495963341775e-03
1.000000000000000000e+00
1.000000000000000000e+00
1.000000000000000000e+00
9.102926556647834566e-01
8.534798145457824781e-01
9.813507474072177272e-01
1.000000000000000000e+00
1.000000000000000000e+00
1.000000000000000000e+00
9.752152137237396490e-01
4.460700284595963683e-01
9.668045567967094023e-01
