9.999993978262728955e-01
1.961570819718631009e-01
1.000000000000000000e+00
2.406026920498234852e-05
1.000000000000000000e+00
4.714552533457742889e-02
9.068164193449973977e-10
1.000000000000000000e+00
3.126234505015036413e-01
1.000000000000000000e+00
1.000000000000000000e+00
8.138199662511939048e-01
1.000000000000000000e+00
1.000000000000000000e+00
1.000000000000000000e+00
7.870486360163839734e-01
1.000000000000000000e+00
9.370858067076348955e-03
9.999535850455827379e-01
1.000000000000000000e+00
1.000000000000000000e+00
1.000000000000000000e+00
2.636529446881025543e-03
9.940614839543184811e-01
1.000000000000000000e+00
1.000000000000000000e+00
9.999999999923603333e-01
1.140785050555499433e-02
5.892020665857669043e-24
1.000000000000000000e+00
5.448882140352747649e-01
9.295913035502234578e-01
9.997609249013991173e-01
1.000000000000000000e+00
1.726726913200735125e-02
4.357102673795575781e-02
9.837874967818593941e-01
1.000000000000000000e+00
9.857331339347391586e-01
1.583961680173977507e-05
3.205039555544988826e-27
9.998980817931343301e-01
1.000000000000000000e+00
1.625328269387497915e-02
9.999999999991182609e-01
1.000000000000000000e+00
9.712865893918258831e-01
1.000000000000000000e+00
1.000000000000000000e+00
1.000000000000000000e+00
6.175343399000020606e-01
1.000000000000000000e+00
1.000000000000000000e+00
7.218408430313436597e-01
1.000000000000000000e+00
9.999984827767161022e-01
3.277914514580662075e-01
9.999231350650421568e-01
6.608310213080912376e-01
1.981882576535503870e-01
1.000000000000000000e+00
1.000000000000000000e+00
1.651877537463010970e-01
1.000000000000000000e+00
