3.928106408762714330e-01
5.135932967844599739e-01
4.683441559855386349e-01
1.000000000000000000e+00
2.893171643636400242e-09
1.000000000000000000e+00
9.999999939582777664e-01
1.000000000000000000e+00
7.046633078150305041e-02
9.999999999999997780e-01
1.000000000000000000e+00
5.135930461122908408e-01
8.649028434549427269e-01
5.135932960307383333e-01
1.000000000000000000e+00
1.000000000000000000e+00
1.000000000000000000e+00
9.999999992604078347e-01
8.964368266112162642e-01
6.814010180669402006e-01
1.000000000000000000e+00
1.000000000000000000e+00
6.375991928968778311e-01
6.813761345899462807e-01
9.997556223830301736e-01
1.000000000000000000e+00
1.000000000000000000e+00
1.000000000000000000e+00
1.000000000000000000e+00
5.034398003707752402e-10
1.000000000000000000e+00
9.999863370666172147e-01
9.995010977425873300e-01
1.000000000000000000e+00
1.000000000000000000e+00
1.000000000000000000e+00
9.476373198092097327e-01
1.000000000000000000e+00
5.207299701982443657e-02
1.000000000000000000e+00
1.000000000000000000e+00
1.000000000000000000e+00
1.000000000000000000e+00
1.000000000000000000e+00
1.357000529236402492e-02
1.000000000000000000e+00
1.000000000000000000e+00
9.999999999810780249e-01
2.663772894404423455e-02
5.207299701979289236e-02
9.984606535926159321e-01
1.000000000000000000e+00
9.999998395272675644e-01
1.000000000000000000e+00
9.999909816756626935e-01
1.000000000000000000e+00
9.999999999527287020e-01
1.000000000000000000e+00
6.444008451180652797e-01
1.000000000000000000e+00
1.000000000000000000e+00
3.128289580930220803e-01
1.000000000000000000e+00
9.474251511076378085e-01
