9.175524146485604104e-01
1.000000000000000000e+00
1.000000000000000000e+00
3.609317683764119125e-04
1.000000000000000000e+00
1.000000000000000000e+00
1.000000000000000000e+00
9.045283865966754350e-03
9.354079604276190896e-01
1.000000000000000000e+00
1.000000000000000000e+00
2.912410254553128510e-04
1.000000000000000000e+00
6.527976529415216965e-05
9.999723105012157109e-01
1.871671639762993332e-03
1.000000000000000000e+00
9.976717074694003706e-01
1.000000000000000000e+00
6.114134436187993408e-14
1.000000000000000000e+00
9.999999999999729106e-01
9.294809307525798243e-04
1.000000000000000000e+00
1.000000000000000000e+00
1.000000000000000000e+00
1.000000000000000000e+00
1.154418919773305064e-04
9.999999999999880096e-01
1.856738419300101817e-05
9.999999999999729106e-01
1.000000000000000000e+00
7.637189867150684375e-02
8.550338343555595466e-02
9.999999858922121732e-01
1.000000000000000000e+00
1.000000000000000000e+00
9.999999819900334819e-01
3.786268547808194773e-01
9.142022427510460708e-03
1.084075974004890432e-04
9.990000530982654503e-01
4.510145139415582503e-03
9.957250718816200719e-01
5.957979836889825132e-01
8.058818405268325380e-01
2.918459662459028658e-01
1.000000000000000000e+00
1.000000000000000000e+00
1.000000000000000000e+00
8.558331444914559771e-01
1.000000000000000000e+00
3.341926554848837394e-04
5.532533448947306587e-01
4.219836559666555464e-01
8.509858621758079611e-01
9.999961220997681810e-01
7.451896358003544732e-03
1.000000000000000000e+00
1.000000000000000000e+00
1.000000000000000000e+00
3.031725278502811180e-20
1.000000000000000000e+00
1.000000000000000000e+00
