1.000000000000000000e+00
6.253475137633577588e-04
1.355134206942471276e-01
1.000000000000000000e+00
1.215944261019236442e-03
2.106338267865212536e-26
1.720915266583893793e-02
1.000000000000000000e+00
1.535319235739469879e-01
1.908143985218484912e-02
1.000000000000000000e+00
2.431513592085700944e-03
1.000000000000000000e+00
1.000000000000000000e+00
1.000000000000000000e+00
3.912290451432598893e-04
6.253475137633577588e-04
1.000000000000000000e+00
1.719144303460801854e-02
1.000000000000000000e+00
3.661138333440090297e-05
1.000000000000000000e+00
6.212081520307262709e-04
1.000000000000000000e+00
1.642645629328396434e-05
8.013712490000823823e-17
1.803040354498169212e-02
1.000000000000000000e+00
1.303131238760290743e-03
1.000000000000000000e+00
8.041897075198299605e-02
1.720915265921327611e-02
8.670178789553723356e-03
9.683677614654788712e-01
1.386003457472904943e-07
1.720909686780482811e-02
1.000000000000000000e+00
9.999075138490797210e-01
1.000000000000000000e+00
1.000000000000000000e+00
8.670176863741508796e-03
1.000000000000000000e+00
9.999999999999884537e-01
2.145623301200269561e-02
1.000000000000000000e+00
1.304649819151832216e-02
1.432491275936287195e-06
1.046433002592092815e-04
4.503649040249061222e-03
1.000000000000000000e+00
1.000000000000000000e+00
6.242849293163847115e-04
1.916333086446675438e-03
1.000000000000000000e+00
6.253475137633577588e-04
1.000000000000000000e+00
9.999684866923310711e-01
1.000000000000000000e+00
1.720915266170499822e-02
1.043419745784713329e-06
1.000000000000000000e+00
9.838494678585810518e-04
1.420316594830318269e-06
1.000000000000000000e+00
