6.465239469193641009e-01
1.000000000000000000e+00
1.000000000000000000e+00
2.751141802653507829e-01
1.000000000000000000e+00
8.973324055694332779e-01
1.000000000000000000e+00
8.456441408294511630e-01
5.074596967271846060e-01
9.875191986839542135e-01
2.283504914534816299e-01
7.827357489412434255e-01
1.000000000000000000e+00
7.125562775029731233e-01
7.956770410526776693e-01
5.262930423125510293e-01
5.380232130727123918e-01
9.828785560655923792e-01
9.013563391032050967e-03
2.076128164363401363e-01
1.000000000000000000e+00
9.999993969048133202e-01
9.342264008854556101e-01
1.000000000000000000e+00
1.000000000000000000e+00
1.000000000000000000e+00
3.756853395903373416e-01
8.533664023834750534e-01
9.999999994090931210e-01
2.258465496492529853e-02
1.000000000000000000e+00
9.976632283244145638e-01
5.078591513049431905e-01
6.039240671137752203e-01
1.000000000000000000e+00
1.000000000000000000e+00
8.946053634571623503e-01
6.286817319419889527e-01
6.615856768231344054e-01
4.070825342040731413e-10
1.000000000000000000e+00
7.746142637277682041e-01
2.170474291945621612e-24
7.217661898013823241e-02
7.961496897761909386e-01
9.997251648178886452e-01
9.321003400862662991e-01
3.837672626322419234e-01
7.827099186592236801e-01
1.000000000000000000e+00
1.000000000000000000e+00
7.372035518683344169e-01
7.125076682306198395e-01
1.687002750974709231e-03
9.999999999999331646e-01
9.351702409047717435e-01
1.000000000000000000e+00
8.779446482873262125e-01
1.551534970200130481e-01
3.463331070953343249e-02
1.000000000000000000e+00
2.806862414689069718e-01
9.527795842936591653e-01
1.000000000000000000e+00
