9.999998922242824273e-01
9.703553575017567212e-01
9.999950523608869268e-01
1.051055033812518802e-01
2.474602573647378305e-04
2.101120561953582766e-01
1.000000000000000000e+00
9.997459123378238388e-01
2.204666143037209772e-02
8.817988800506127989e-01
1.000000000000000000e+00
2.058994222691042375e-01
6.301120894443517848e-03
1.000000000000000000e+00
1.000000000000000000e+00
1.000000000000000000e+00
4.215153652558877289e-04
1.000000000000000000e+00
1.000000000000000000e+00
6.140174065440295176e-02
1.000000000000000000e+00
1.000000000000000000e+00
1.000000000000000000e+00
4.358867544998159226e-03
6.180624894850784701e-01
1.000000000000000000e+00
9.986155904060909361e-01
9.999999995796204910e-01
1.000000000000000000e+00
1.000000000000000000e+00
1.000000000000000000e+00
1.000000000000000000e+00
1.000000000000000000e+00
1.000000000000000000e+00
6.939061266168563701e-05
8.579942791863510651e-05
9.999999999991042721e-01
1.000000000000000000e+00
7.576383268827163557e-03
1.000000000000000000e+00
1.000000000000000000e+00
2.689886831308349255e-02
3.480231997996466320e-02
9.174097213007910145e-01
9.885329595478195008e-01
9.266087821387894996e-01
3.192903708439566966e-03
1.000000000000000000e+00
9.671231232078271178e-01
2.228760883195583440e-04
1.524434249096887778e-04
1.000000000000000000e+00
1.000000000000000000e+00
1.000000000000000000e+00
1.354420075710435737e-06
2.848804116600963665e-01
9.683974460035306153e-01
9.995053397138368156e-01
1.000000000000000000e+00
2.923215087389444047e-03
1.000000000000000000e+00
1.000000000000000000e+00
1.669894331298128060e-02
6.509783380381634066e-01
