1.669102081958807907e-06
2.032537602899072712e-05
9.999999999999955591e-01
1.000000000000000000e+00
4.141606922648711397e-07
1.000000000000000000e+00
1.000000000000000000e+00
8.634697338359561861e-21
1.000000000000000000e+00
5.245519738120568470e-20
9.999999999998816502e-01
1.000000000000000000e+00
1.000000000000000000e+00
9.617390667825799087e-10
1.000000000000000000e+00
1.000000000000000000e+00
1.000000000000000000e+00
1.000000000000000000e+00
1.000000000000000000e+00
1.000000000000000000e+00
1.000000000000000000e+00
1.000000000000000000e+00
2.794517047293019303e-08
1.000000000000000000e+00
1.000000000000000000e+00
9.999999997892108361e-01
1.000000000000000000e+00
9.999999999995585753e-01
1.000000000000000000e+00
1.680315541493518671e-16
1.000000000000000000e+00
1.000000000000000000e+00
1.654816754429701773e-09
1.000000000000000000e+00
1.000000000000000000e+00
2.716616908286507243e-19
9.999999999999940048e-01
1.000000000000000000e+00
5.120556378806521841e-09
1.000000000000000000e+00
1.000000000000000000e+00
1.000000000000000000e+00
1.000000000000000000e+00
1.374115121416874183e-21
1.000000000000000000e+00
1.135008993455772217e-20
1.000000000000000000e+00
1.832869402208882458e-22
1.000000000000000000e+00
4.226130910368200667e-16
1.000000000000000000e+00
1.000000000000000000e+00
1.000000000000000000e+00
9.999999998966810910e-01
3.481200685689519506e-19
1.000000000000000000e+00
1.000000000000000000e+00
1.000000000000000000e+00
2.329247698140730200e-10
9.999999999999240607e-01
9.943108037188411741e-01
1.000000000000000000e+00
9.999998334088586738e-01
9.999999999999993339e-01
