5.695537169173231685e-05
1.000000000000000000e+00
9.999961162372430490e-01
1.000000000000000000e+00
3.910124719227685801e-05
1.000000000000000000e+00
1.000000000000000000e+00
1.533019457193362183e-15
1.000000000000000000e+00
1.000000000000000000e+00
1.000000000000000000e+00
1.000000000000000000e+00
1.000000000000000000e+00
1.521316835123535041e-15
1.000000000000000000e+00
1.179692516835817265e-16
9.999999999999977796e-01
9.999958714123196035e-01
2.481515212953991915e-27
9.999999971703770196e-01
1.000000000000000000e+00
1.000000000000000000e+00
1.000000000000000000e+00
1.313171262882457318e-41
2.218160960801254445e-40
1.000000000000000000e+00
4.301354861714651221e-40
1.000000000000000000e+00
3.733295815460942885e-03
1.000000000000000000e+00
1.000000000000000000e+00
1.000000000000000000e+00
6.444436688956543711e-17
1.000000000000000000e+00
1.231550980062819085e-37
1.000000000000000000e+00
1.963897246706844510e-42
5.759014000304641923e-28
1.000000000000000000e+00
1.000000000000000000e+00
4.372296247332820204e-32
1.000000000000000000e+00
1.000000000000000000e+00
1.000000000000000000e+00
1.000000000000000000e+00
1.000000000000000000e+00
9.999999999062387790e-01
1.000000000000000000e+00
1.000000000000000000e+00
9.999999999999986677e-01
2.827434132186759420e-19
9.720325214396070761e-29
1.000000000000000000e+00
1.000000000000000000e+00
1.000000000000000000e+00
1.000000000000000000e+00
1.000000000000000000e+00
7.981283484190187775e-14
1.362466960815957505e-29
7.719064396155321528e-02
9.999999999994459987e-01
1.000000000000000000e+00
1.000000000000000000e+00
1.000000000000000000e+00
