1.000000000000000000e+00
1.000000000000000000e+00
1.000000000000000000e+00
9.999999999999997780e-01
9.999999999999988898e-01
2.673692266048136432e-09
9.999999999892110747e-01
9.999999999999973355e-01
1.492018750918889944e-24
9.999999999998228084e-01
1.000000000000000000e+00
9.999999999928452787e-01
1.000000000000000000e+00
1.457465876380666481e-18
1.000000000000000000e+00
1.000000000000000000e+00
9.999999999999913403e-01
9.999958559934641888e-01
9.999999999999777955e-01
1.000000000000000000e+00
1.000000000000000000e+00
1.000000000000000000e+00
1.000000000000000000e+00
1.000000000000000000e+00
1.000000000000000000e+00
9.999999999999535927e-01
1.152517297837902074e-13
9.999999999999988898e-01
1.000000000000000000e+00
1.093411435165533158e-02
9.999999999999993339e-01
1.000000000000000000e+00
9.999999999999911182e-01
1.000000000000000000e+00
1.000000000000000000e+00
1.000000000000000000e+00
9.999999999996398437e-01
1.000000000000000000e+00
1.000000000000000000e+00
1.000000000000000000e+00
9.999999877305848495e-01
1.000000000000000000e+00
3.563517426801920620e-20
8.365107411767460049e-17
1.000000000000000000e+00
1.000000000000000000e+00
9.999999999999700240e-01
1.000000000000000000e+00
1.000000000000000000e+00
1.000000000000000000e+00
1.000000000000000000e+00
9.999999951155806865e-01
1.000000000000000000e+00
1.000000000000000000e+00
1.000000000000000000e+00
5.135640235842593214e-24
1.000000000000000000e+00
1.000000000000000000e+00
1.000000000000000000e+00
1.000000000000000000e+00
3.717961788634953231e-25
1.000000000000000000e+00
2.874235457424288669e-22
9.999999999999831246e-01
