9.999999999999957812e-01
1.000000000000000000e+00
9.999999999999924505e-01
9.696522248115253539e-01
9.998937229542926852e-01
9.999838462684640383e-01
1.000000000000000000e+00
1.000000000000000000e+00
1.000000000000000000e+00
4.432558957213027506e-01
1.000000000000000000e+00
1.000000000000000000e+00
1.000000000000000000e+00
9.999486581481411562e-01
1.000000000000000000e+00
9.999999995314552415e-01
1.749643983039745904e-03
9.995701216332167904e-01
1.000000000000000000e+00
2.717817085363511548e-02
9.999999999092290537e-01
1.538318934501671786e-01
1.000000000000000000e+00
9.999416662641680276e-01
1.000000000000000000e+00
2.094771154287817724e-02
1.000000000000000000e+00
9.994700609046862638e-01
9.812274519494526004e-01
9.973425110679934313e-01
1.000000000000000000e+00
3.413012572862889615e-01
8.682230434676834196e-01
1.000000000000000000e+00
1.000000000000000000e+00
9.813498701921531397e-01
1.000000000000000000e+00
1.000000000000000000e+00
1.000000000000000000e+00
1.000000000000000000e+00
1.000000000000000000e+00
1.000000000000000000e+00
6.297328979379910319e-01
9.842628890709873568e-01
1.000000000000000000e+00
3.532476974617307364e-01
9.999999999999997780e-01
9.999999999990127897e-01
9.051691150200832370e-01
1.000000000000000000e+00
1.000000000000000000e+00
6.316536495963341775e-03
1.000000000000000000e+00
1.000000000000000000e+00
1.000000000000000000e+00
9.102926556647834566e-01
8.534798145457824781e-01
9.813507474072177272e-01
1.000000000000000000e+00
1.000000000000000000e+00
1.000000000000000000e+00
9.752152137237396490e-01
4.460700284595963683e-01
9.668045567967094023e-01
9.999993978262728955e-01
1.961570819718631009e-01
1.000000000000000000e+00
2.406026920498234852e-05
1.000000000000000000e+00
4.714552533457742889e-02
9.068164193449973977e-10
1.000000000000000000e+00
3.126234505015036413e-01
1.000000000000000000e+00
1.000000000000000000e+00
8.138199662511939048e-01
1.000000000000000000e+00
1.000000000000000000e+00
1.000000000000000000e+00
7.870486360163839734e-01
1.000000000000000000e+00
9.370858067076348955e-03
9.999535850455827379e-01
1.000000000000000000e+00
1.000000000000000000e+00
1.000000000000000000e+00
2.636529446881025543e-03
9.940614839543184811e-01
1.000000000000000000e+00
1.000000000000000000e+00
9.999999999923603333e-01
1.140785050555499433e-02
5.892020665857669043e-24
1.000000000000000000e+00
5.448882140352747649e-01
9.295913035502234578e-01
9.997609249013991173e-01
1.000000000000000000e+00
1.726726913200735125e-02
4.357102673795575781e-02
9.837874967818593941e-01
1.000000000000000000e+00
9.857331339347391586e-01
1.583961680173977507e-05
3.205039555544988826e-27
9.998980817931343301e-01
1.000000000000000000e+00
1.625328269387497915e-02
9.999999999991182609e-01
1.000000000000000000e+00
9.712865893918258831e-01
1.000000000000000000e+00
1.000000000000000000e+00
1.000000000000000000e+00
6.175343399000020606e-01
1.000000000000000000e+00
1.000000000000000000e+00
7.218408430313436597e-01
1.000000000000000000e+00
9.999984827767161022e-01
3.277914514580662075e-01
9.999231350650421568e-01
6.608310213080912376e-01
1.981882576535503870e-01
1.000000000000000000e+00
1.000000000000000000e+00
1.651877537463010970e-01
1.000000000000000000e+00
3.928106408762714330e-01
5.135932967844599739e-01
4.683441559855386349e-01
1.000000000000000000e+00
2.893171643636400242e-09
1.000000000000000000e+00
9.999999939582777664e-01
1.000000000000000000e+00
7.046633078150305041e-02
9.999999999999997780e-01
1.000000000000000000e+00
5.135930461122908408e-01
8.649028434549427269e-01
5.135932960307383333e-01
1.000000000000000000e+00
1.000000000000000000e+00
1.000000000000000000e+00
9.999999992604078347e-01
8.964368266112162642e-01
6.814010180669402006e-01
1.000000000000000000e+00
1.000000000000000000e+00
6.375991928968778311e-01
6.813761345899462807e-01
9.997556223830301736e-01
1.000000000000000000e+00
1.000000000000000000e+00
1.000000000000000000e+00
1.000000000000000000e+00
5.034398003707752402e-10
1.000000000000000000e+00
9.999863370666172147e-01
9.995010977425873300e-01
1.000000000000000000e+00
1.000000000000000000e+00
1.000000000000000000e+00
9.476373198092097327e-01
1.000000000000000000e+00
5.207299701982443657e-02
1.000000000000000000e+00
1.000000000000000000e+00
1.000000000000000000e+00
1.000000000000000000e+00
1.000000000000000000e+00
1.357000529236402492e-02
1.000000000000000000e+00
1.000000000000000000e+00
9.999999999810780249e-01
2.663772894404423455e-02
5.207299701979289236e-02
9.984606535926159321e-01
1.000000000000000000e+00
9.999998395272675644e-01
1.000000000000000000e+00
9.999909816756626935e-01
1.000000000000000000e+00
9.999999999527287020e-01
1.000000000000000000e+00
6.444008451180652797e-01
1.000000000000000000e+00
1.000000000000000000e+00
3.128289580930220803e-01
1.000000000000000000e+00
9.474251511076378085e-01
9.175524146485604104e-01
1.000000000000000000e+00
1.000000000000000000e+00
3.609317683764119125e-04
1.000000000000000000e+00
1.000000000000000000e+00
1.000000000000000000e+00
9.045283865966754350e-03
9.354079604276190896e-01
1.000000000000000000e+00
1.000000000000000000e+00
2.912410254553128510e-04
1.000000000000000000e+00
6.527976529415216965e-05
9.999723105012157109e-01
1.871671639762993332e-03
1.000000000000000000e+00
9.976717074694003706e-01
1.000000000000000000e+00
6.114134436187993408e-14
1.000000000000000000e+00
9.999999999999729106e-01
9.294809307525798243e-04
1.000000000000000000e+00
1.000000000000000000e+00
1.000000000000000000e+00
1.000000000000000000e+00
1.154418919773305064e-04
9.999999999999880096e-01
1.856738419300101817e-05
9.999999999999729106e-01
1.000000000000000000e+00
7.637189867150684375e-02
8.550338343555595466e-02
9.999999858922121732e-01
1.000000000000000000e+00
1.000000000000000000e+00
9.999999819900334819e-01
3.786268547808194773e-01
9.142022427510460708e-03
1.084075974004890432e-04
9.990000530982654503e-01
4.510145139415582503e-03
9.957250718816200719e-01
5.957979836889825132e-01
8.058818405268325380e-01
2.918459662459028658e-01
1.000000000000000000e+00
1.000000000000000000e+00
1.000000000000000000e+00
8.558331444914559771e-01
1.000000000000000000e+00
3.341926554848837394e-04
5.532533448947306587e-01
4.219836559666555464e-01
8.509858621758079611e-01
9.999961220997681810e-01
7.451896358003544732e-03
1.000000000000000000e+00
1.000000000000000000e+00
1.000000000000000000e+00
3.031725278502811180e-20
1.000000000000000000e+00
1.000000000000000000e+00
1.000000000000000000e+00
6.253475137633577588e-04
1.355134206942471276e-01
1.000000000000000000e+00
1.215944261019236442e-03
2.106338267865212536e-26
1.720915266583893793e-02
1.000000000000000000e+00
1.535319235739469879e-01
1.908143985218484912e-02
1.000000000000000000e+00
2.431513592085700944e-03
1.000000000000000000e+00
1.000000000000000000e+00
1.000000000000000000e+00
3.912290451432598893e-04
6.253475137633577588e-04
1.000000000000000000e+00
1.719144303460801854e-02
1.000000000000000000e+00
3.661138333440090297e-05
1.000000000000000000e+00
6.212081520307262709e-04
1.000000000000000000e+00
1.642645629328396434e-05
8.013712490000823823e-17
1.803040354498169212e-02
1.000000000000000000e+00
1.303131238760290743e-03
1.000000000000000000e+00
8.041897075198299605e-02
1.720915265921327611e-02
8.670178789553723356e-03
9.683677614654788712e-01
1.386003457472904943e-07
1.720909686780482811e-02
1.000000000000000000e+00
9.999075138490797210e-01
1.000000000000000000e+00
1.000000000000000000e+00
8.670176863741508796e-03
1.000000000000000000e+00
9.999999999999884537e-01
2.145623301200269561e-02
1.000000000000000000e+00
1.304649819151832216e-02
1.432491275936287195e-06
1.046433002592092815e-04
4.503649040249061222e-03
1.000000000000000000e+00
1.000000000000000000e+00
6.242849293163847115e-04
1.916333086446675438e-03
1.000000000000000000e+00
6.253475137633577588e-04
1.000000000000000000e+00
9.999684866923310711e-01
1.000000000000000000e+00
1.720915266170499822e-02
1.043419745784713329e-06
1.000000000000000000e+00
9.838494678585810518e-04
1.420316594830318269e-06
1.000000000000000000e+00
6.465239469193641009e-01
1.000000000000000000e+00
1.000000000000000000e+00
2.751141802653507829e-01
1.000000000000000000e+00
8.973324055694332779e-01
1.000000000000000000e+00
8.456441408294511630e-01
5.074596967271846060e-01
9.875191986839542135e-01
2.283504914534816299e-01
7.827357489412434255e-01
1.000000000000000000e+00
7.125562775029731233e-01
7.956770410526776693e-01
5.262930423125510293e-01
5.380232130727123918e-01
9.828785560655923792e-01
9.013563391032050967e-03
2.076128164363401363e-01
1.000000000000000000e+00
9.999993969048133202e-01
9.342264008854556101e-01
1.000000000000000000e+00
1.000000000000000000e+00
1.000000000000000000e+00
3.756853395903373416e-01
8.533664023834750534e-01
9.999999994090931210e-01
2.258465496492529853e-02
1.000000000000000000e+00
9.976632283244145638e-01
5.078591513049431905e-01
6.039240671137752203e-01
1.000000000000000000e+00
1.000000000000000000e+00
8.946053634571623503e-01
6.286817319419889527e-01
6.615856768231344054e-01
4.070825342040731413e-10
1.000000000000000000e+00
7.746142637277682041e-01
2.170474291945621612e-24
7.217661898013823241e-02
7.961496897761909386e-01
9.997251648178886452e-01
9.321003400862662991e-01
3.837672626322419234e-01
7.827099186592236801e-01
1.000000000000000000e+00
1.000000000000000000e+00
7.372035518683344169e-01
7.125076682306198395e-01
1.687002750974709231e-03
9.999999999999331646e-01
9.351702409047717435e-01
1.000000000000000000e+00
8.779446482873262125e-01
1.551534970200130481e-01
3.463331070953343249e-02
1.000000000000000000e+00
2.806862414689069718e-01
9.527795842936591653e-01
1.000000000000000000e+00
9.999998922242824273e-01
9.703553575017567212e-01
9.999950523608869268e-01
1.051055033812518802e-01
2.474602573647378305e-04
2.101120561953582766e-01
1.000000000000000000e+00
9.997459123378238388e-01
2.204666143037209772e-02
8.817988800506127989e-01
1.000000000000000000e+00
2.058994222691042375e-01
6.301120894443517848e-03
1.000000000000000000e+00
1.000000000000000000e+00
1.000000000000000000e+00
4.215153652558877289e-04
1.000000000000000000e+00
1.000000000000000000e+00
6.140174065440295176e-02
1.000000000000000000e+00
1.000000000000000000e+00
1.000000000000000000e+00
4.358867544998159226e-03
6.180624894850784701e-01
1.000000000000000000e+00
9.986155904060909361e-01
9.999999995796204910e-01
1.000000000000000000e+00
1.000000000000000000e+00
1.000000000000000000e+00
1.000000000000000000e+00
1.000000000000000000e+00
1.000000000000000000e+00
6.939061266168563701e-05
8.579942791863510651e-05
9.999999999991042721e-01
1.000000000000000000e+00
7.576383268827163557e-03
1.000000000000000000e+00
1.000000000000000000e+00
2.689886831308349255e-02
3.480231997996466320e-02
9.174097213007910145e-01
9.885329595478195008e-01
9.266087821387894996e-01
3.192903708439566966e-03
1.000000000000000000e+00
9.671231232078271178e-01
2.228760883195583440e-04
1.524434249096887778e-04
1.000000000000000000e+00
1.000000000000000000e+00
1.000000000000000000e+00
1.354420075710435737e-06
2.848804116600963665e-01
9.683974460035306153e-01
9.995053397138368156e-01
1.000000000000000000e+00
2.923215087389444047e-03
1.000000000000000000e+00
1.000000000000000000e+00
1.669894331298128060e-02
6.509783380381634066e-01
1.669102081958807907e-06
2.032537602899072712e-05
9.999999999999955591e-01
1.000000000000000000e+00
4.141606922648711397e-07
1.000000000000000000e+00
1.000000000000000000e+00
8.634697338359561861e-21
1.000000000000000000e+00
5.245519738120568470e-20
9.999999999998816502e-01
1.000000000000000000e+00
1.000000000000000000e+00
9.617390667825799087e-10
1.000000000000000000e+00
1.000000000000000000e+00
1.000000000000000000e+00
1.000000000000000000e+00
1.000000000000000000e+00
1.000000000000000000e+00
1.000000000000000000e+00
1.000000000000000000e+00
2.794517047293019303e-08
1.000000000000000000e+00
1.000000000000000000e+00
9.999999997892108361e-01
1.000000000000000000e+00
9.999999999995585753e-01
1.000000000000000000e+00
1.680315541493518671e-16
1.000000000000000000e+00
1.000000000000000000e+00
1.654816754429701773e-09
1.000000000000000000e+00
1.000000000000000000e+00
2.716616908286507243e-19
9.999999999999940048e-01
1.000000000000000000e+00
5.120556378806521841e-09
1.000000000000000000e+00
1.000000000000000000e+00
1.000000000000000000e+00
1.000000000000000000e+00
1.374115121416874183e-21
1.000000000000000000e+00
1.135008993455772217e-20
1.000000000000000000e+00
1.832869402208882458e-22
1.000000000000000000e+00
4.226130910368200667e-16
1.000000000000000000e+00
1.000000000000000000e+00
1.000000000000000000e+00
9.999999998966810910e-01
3.481200685689519506e-19
1.000000000000000000e+00
1.000000000000000000e+00
1.000000000000000000e+00
2.329247698140730200e-10
9.999999999999240607e-01
9.943108037188411741e-01
1.000000000000000000e+00
9.999998334088586738e-01
9.999999999999993339e-01
5.695537169173231685e-05
1.000000000000000000e+00
9.999961162372430490e-01
1.000000000000000000e+00
3.910124719227685801e-05
1.000000000000000000e+00
1.000000000000000000e+00
1.533019457193362183e-15
1.000000000000000000e+00
1.000000000000000000e+00
1.000000000000000000e+00
1.000000000000000000e+00
1.000000000000000000e+00
1.521316835123535041e-15
1.000000000000000000e+00
1.179692516835817265e-16
9.999999999999977796e-01
9.999958714123196035e-01
2.481515212953991915e-27
9.999999971703770196e-01
1.000000000000000000e+00
1.000000000000000000e+00
1.000000000000000000e+00
1.313171262882457318e-41
2.218160960801254445e-40
1.000000000000000000e+00
4.301354861714651221e-40
1.000000000000000000e+00
3.733295815460942885e-03
1.000000000000000000e+00
1.000000000000000000e+00
1.000000000000000000e+00
6.444436688956543711e-17
1.000000000000000000e+00
1.231550980062819085e-37
1.000000000000000000e+00
1.963897246706844510e-42
5.759014000304641923e-28
1.000000000000000000e+00
1.000000000000000000e+00
4.372296247332820204e-32
1.000000000000000000e+00
1.000000000000000000e+00
1.000000000000000000e+00
1.000000000000000000e+00
1.000000000000000000e+00
9.999999999062387790e-01
1.000000000000000000e+00
1.000000000000000000e+00
9.999999999999986677e-01
2.827434132186759420e-19
9.720325214396070761e-29
1.000000000000000000e+00
1.000000000000000000e+00
1.000000000000000000e+00
1.000000000000000000e+00
1.000000000000000000e+00
7.981283484190187775e-14
1.362466960815957505e-29
7.719064396155321528e-02
9.999999999994459987e-01
1.000000000000000000e+00
1.000000000000000000e+00
1.000000000000000000e+00
1.000000000000000000e+00
1.000000000000000000e+00
1.000000000000000000e+00
9.999999999999997780e-01
9.999999999999988898e-01
2.673692266048136432e-09
9.999999999892110747e-01
9.999999999999973355e-01
1.492018750918889944e-24
9.999999999998228084e-01
1.000000000000000000e+00
9.999999999928452787e-01
1.000000000000000000e+00
1.457465876380666481e-18
1.000000000000000000e+00
1.000000000000000000e+00
9.999999999999913403e-01
9.999958559934641888e-01
9.999999999999777955e-01
1.000000000000000000e+00
1.000000000000000000e+00
1.000000000000000000e+00
1.000000000000000000e+00
1.000000000000000000e+00
1.000000000000000000e+00
9.999999999999535927e-01
1.152517297837902074e-13
9.999999999999988898e-01
1.000000000000000000e+00
1.093411435165533158e-02
9.999999999999993339e-01
1.000000000000000000e+00
9.999999999999911182e-01
1.000000000000000000e+00
1.000000000000000000e+00
1.000000000000000000e+00
9.999999999996398437e-01
1.000000000000000000e+00
1.000000000000000000e+00
1.000000000000000000e+00
9.999999877305848495e-01
1.000000000000000000e+00
3.563517426801920620e-20
8.365107411767460049e-17
1.000000000000000000e+00
1.000000000000000000e+00
9.999999999999700240e-01
1.000000000000000000e+00
1.000000000000000000e+00
1.000000000000000000e+00
1.000000000000000000e+00
9.999999951155806865e-01
1.000000000000000000e+00
1.000000000000000000e+00
1.000000000000000000e+00
5.135640235842593214e-24
1.000000000000000000e+00
1.000000000000000000e+00
1.000000000000000000e+00
1.000000000000000000e+00
3.717961788634953231e-25
1.000000000000000000e+00
2.874235457424288669e-22
9.999999999999831246e-01
