6.934161124213826521e-02
6.935044645325845469e-02
6.936231626051751753e-02
6.939925628487195186e-02
6.931563483673898463e-02
6.927247022295536516e-02
6.915711155847174829e-02
6.968450726634596581e-02
6.940389545824986184e-02
6.940793105348999625e-02
6.945132986592995883e-02
6.925834680723354231e-02
6.942289616092958693e-02
6.936761952042683199e-02
6.931322423519274689e-02
6.938237562998705865e-02
6.920544169194260686e-02
6.918211088760063687e-02
6.933219468612855652e-02
6.925432291127442408e-02
6.926980636778266864e-02
6.932295553367390228e-02
6.932208451856745890e-02
6.934834722544067076e-02
6.926550417079491151e-02
6.940694058649346521e-02
6.951474796907043674e-02
6.916494855448188095e-02
6.944509015290867282e-02
6.932775567091642444e-02
6.931307880590396875e-02
6.937156390195722833e-02
6.927469033603106396e-02
6.943897983874654234e-02
6.939911223621655911e-02
6.930214293576435203e-02
6.936268891694273575e-02
6.938401520863647642e-02
6.932553157988358139e-02
