6.926375184764850534e-02
6.927775246710612955e-02
6.941992364811291893e-02
6.921664231915562737e-02
6.928035698408949172e-02
6.929965926493197870e-02
6.954639560305306278e-02
6.926623848920070159e-02
6.923913285423131947e-02
6.932154204357388050e-02
6.932292208776008602e-02
6.919656044753709490e-02
6.929856415234035560e-02
6.931336878747633434e-02
6.930411400395010413e-02
6.919654529835501944e-02
6.949115013261332463e-02
6.929696246708295926e-02
6.932025064262237191e-02
6.924277637313001887e-02
6.929667619669029055e-02
6.929725667891251106e-02
6.928474544773299826e-02
6.939848233885365092e-02
6.921434076527918644e-02
6.923583691590846911e-02
6.927216609639100242e-02
6.932754407105479189e-02
6.931580738570736200e-02
6.927376852414467157e-02
6.926564722685270292e-02
6.922348601672417834e-02
6.927170320284603555e-02
6.926273985255441967e-02
6.928117906111959379e-02
6.940585319093722783e-02
6.938640562829546943e-02
6.935268486737476701e-02
6.929502726158727477e-02
