6.919380323887941442e-02
6.929087112897205913e-02
6.909838110397151234e-02
6.921319698051840719e-02
6.916256082762729795e-02
6.924265065583803946e-02
6.921080301401247303e-02
6.935749255542722480e-02
6.922886454651050459e-02
6.912152995935333388e-02
6.910099306601966140e-02
6.921611443783545758e-02
6.962862074744681495e-02
6.921037254021536467e-02
6.938695477536839518e-02
6.923422438099055554e-02
6.916972993433447014e-02
6.926639855004636248e-02
6.926608922201323015e-02
6.932668308186089312e-02
6.909358600265783079e-02
6.921750015602358419e-02
6.920054950956103235e-02
6.918607629917208901e-02
6.909145259264910799e-02
6.916519758965948561e-02
6.919472996234765638e-02
6.908799251698166666e-02
6.917284081176947041e-02
6.928291441399495043e-02
6.921612299664382795e-02
6.930958655772119503e-02
6.916017981839148177e-02
6.924051651549700814e-02
6.927193977796286539e-02
6.918114416524212551e-02
6.911855967437263715e-02
6.916930289420093747e-02
6.923864039930080483e-02
