6.448932837345071334e-02
6.438390237383900816e-02
6.443523913300863715e-02
6.444906734429031725e-02
6.450583405908667800e-02
6.452322642735842939e-02
6.445445016025491691e-02
6.444151119579728804e-02
6.431284326778753668e-02
6.443665994879094194e-02
6.461067380901773516e-02
6.462582232949509731e-02
6.440311637446094473e-02
6.447201536714919357e-02
6.444921104745716944e-02
6.445629575850982118e-02
6.449492531099237924e-02
6.445372098588279808e-02
6.446720470851464990e-02
6.437403867233755517e-02
6.435528105034346580e-02
6.439824588757954438e-02
6.453821513209084815e-02
6.430937029991909415e-02
6.432069924010166972e-02
6.436996798336513947e-02
6.455889657369788537e-02
6.461144651139273665e-02
6.446975199577627269e-02
6.450950481645641166e-02
6.456176289301900073e-02
6.445269504954519169e-02
6.477381647773040874e-02
6.454511013879873915e-02
6.453303489629248768e-02
6.447173689011805042e-02
6.461354261300597535e-02
6.448323354522407513e-02
6.439494381322492800e-02
6.449958801956538756e-02
