6.923611546749912360e-02
6.922302705494583208e-02
6.949222177168692949e-02
6.932578948602417801e-02
6.920106577207031651e-02
6.926459635165704842e-02
6.921762406103200427e-02
6.910844674821656208e-02
6.921042585461754937e-02
6.913836451722843446e-02
6.918745980387003280e-02
6.922154137327810042e-02
6.915113676240636220e-02
6.933867289838427372e-02
6.909540019921990572e-02
6.920349338989657817e-02
6.918934970950216257e-02
6.924382700359917042e-02
6.941343536186281304e-02
6.945197582499158806e-02
6.905247173071267508e-02
6.922859306269621427e-02
6.942393308893916870e-02
6.958629762166600174e-02
6.925155839216752540e-02
6.918825297092011384e-02
6.900444754138955472e-02
6.919180720135600926e-02
6.909628407027994246e-02
6.921833838547197804e-02
6.920837115950523311e-02
6.921319313071432056e-02
6.921524476340172594e-02
6.921089562844789933e-02
6.922986086816695916e-02
6.917036616770895485e-02
6.922402349084991191e-02
6.915618379188256948e-02
6.943810263045009645e-02
