6.943810535786519578e-02
6.916224380586916132e-02
6.917036248429928036e-02
6.929410336999139441e-02
6.915040584557116676e-02
6.914520834433257601e-02
6.920596933767868275e-02
6.919045259443727669e-02
6.908165812577732323e-02
6.921795667097559168e-02
6.904668529923684017e-02
6.913331004529828239e-02
6.916942859688333944e-02
6.935703540115177590e-02
6.915357975327339479e-02
6.912807951705947362e-02
6.908783230903714490e-02
6.911101847274282728e-02
6.921244136526198687e-02
6.916287648501852348e-02
6.907478612844263066e-02
6.908899438014698413e-02
6.919808454243357720e-02
6.911625587634183387e-02
6.908204217361403610e-02
6.893610795873023056e-02
6.930263301273517640e-02
6.920230837857567485e-02
6.916451116249786035e-02
6.919203640389740007e-02
6.915700385080639223e-02
6.921433357630560335e-02
6.916001452207087841e-02
6.916701391689236700e-02
6.921753923634495209e-02
6.912162616990233377e-02
6.911469205914369529e-02
6.917240742386218666e-02
6.916726848050017140e-02
