6.462411434947906708e-02
6.454574993582802567e-02
6.436216808046602011e-02
6.462677324089888264e-02
6.453849174279650824e-02
6.452601368868698950e-02
6.447055544495461366e-02
6.463215406911092253e-02
6.444885433029082233e-02
6.459288500011904632e-02
6.450726532451506179e-02
6.457137884578564857e-02
6.449084683466135837e-02
6.451041219519795811e-02
6.448153283871536912e-02
6.453255949905052635e-02
6.442160655557620241e-02
6.445388841216936893e-02
6.441032971796643858e-02
6.453468737722808934e-02
6.449785126861491691e-02
6.455750326562011143e-02
6.457097845572519479e-02
6.446785938250275405e-02
6.457652348723798286e-02
6.449619833656060341e-02
6.446533014524953586e-02
6.459219867190922615e-02
6.458276478897996553e-02
6.451048699863019820e-02
6.454938737542863236e-02
6.452754036619613720e-02
6.467608457619621054e-02
6.476914982422014855e-02
6.450627233050044984e-02
6.458181427190598511e-02
6.443263790983159989e-02
6.455109094769999334e-02
6.450096032211199981e-02
6.449153797477501227e-02
