6.810083613140410774e-02
6.821186705730818145e-02
6.824575446753639030e-02
6.834775379129422179e-02
6.828080758498425440e-02
6.824110807966908554e-02
6.830416770260282211e-02
6.817231380396419904e-02
6.820270945111675531e-02
6.820732608224865101e-02
6.809280988082366814e-02
6.826604042373113357e-02
6.811192312769895341e-02
6.832775705361629481e-02
6.816884520572158435e-02
6.822804670621185341e-02
6.834489754630788949e-02
6.843194766862316369e-02
6.811461502604829188e-02
6.828602859213622756e-02
6.826961111016990880e-02
6.821721753781280484e-02
6.833470522549005277e-02
6.827877627317673059e-02
6.827231762684236871e-02
6.820087643062662519e-02
6.821136065754003497e-02
6.826129792800308960e-02
6.823639167602256472e-02
6.824434249958405418e-02
6.833547982025658940e-02
6.825574591759565879e-02
6.838565710604056769e-02
6.821972664626441141e-02
6.848045562533856823e-02
6.828771171429663667e-02
6.829582030892195066e-02
6.832980357398575622e-02
6.818238723342512353e-02
