2.225523945336602416e-01
2.225440758301863720e-01
2.221723199740568422e-01
2.231027755843397742e-01
2.223126623332808138e-01
2.231692511357310504e-01
2.223703068099615876e-01
2.224897532480075713e-01
2.224118691755528343e-01
2.221287192301862334e-01
2.224450725654422423e-01
2.226574320458867828e-01
2.224756828742417702e-01
2.227827437362706331e-01
2.219478475193350786e-01
2.229909860421538381e-01
2.229082309945165652e-01
2.216651346108993448e-01
2.224689124799469342e-01
2.219696025505805415e-01
2.221440084846310059e-01
2.224844278682401866e-01
2.219691805848562349e-01
2.224128338550060702e-01
2.223455567790319498e-01
2.224820076630007470e-01
2.225135865705042404e-01
2.223432310025283964e-01
2.225476369842860902e-01
2.222668838914584055e-01
2.226173638059711080e-01
2.224329698771476682e-01
2.223057683678564544e-01
2.223527610741052873e-01
2.223067543426291981e-01
2.224036388719368984e-01
2.219207161806677486e-01
2.224470145662546527e-01
2.225260829977805666e-01
