2.221928270229931446e-01
2.224931557332981980e-01
2.224739020955371349e-01
2.223437609485491018e-01
2.218892936454567311e-01
2.220573995359371444e-01
2.230062755084839254e-01
2.223240919559126560e-01
2.224899504928110061e-01
2.224408269836898877e-01
2.227245714631747031e-01
2.224500843707327147e-01
2.231638848718445478e-01
2.225770714449715748e-01
2.225284010889518049e-01
2.226325460335694395e-01
2.224925939512986672e-01
2.225594888346502931e-01
2.223940606283009158e-01
2.224074862276944342e-01
2.214238189760746045e-01
2.220547399772587749e-01
2.227261958930744079e-01
2.221345853475955867e-01
2.223754943173170961e-01
2.221576644153167301e-01
2.229623626064956010e-01
2.227240515736797488e-01
2.218659972839081840e-01
2.224675847750021973e-01
2.224818820045531831e-01
2.222941064616343887e-01
2.218688749066904109e-01
2.223736048181848557e-01
2.224523271202756003e-01
2.225184923198336995e-01
2.224000823644383673e-01
2.216239535265554783e-01
2.220558185117882111e-01
2.229580907118691724e-01
