6.934161124213826521e-02
6.935044645325845469e-02
6.936231626051751753e-02
6.939925628487195186e-02
6.931563483673898463e-02
6.927247022295536516e-02
6.915711155847174829e-02
6.968450726634596581e-02
6.940389545824986184e-02
6.940793105348999625e-02
6.945132986592995883e-02
6.925834680723354231e-02
6.942289616092958693e-02
6.936761952042683199e-02
6.931322423519274689e-02
6.938237562998705865e-02
6.920544169194260686e-02
6.918211088760063687e-02
6.933219468612855652e-02
6.925432291127442408e-02
6.926980636778266864e-02
6.932295553367390228e-02
6.932208451856745890e-02
6.934834722544067076e-02
6.926550417079491151e-02
6.940694058649346521e-02
6.951474796907043674e-02
6.916494855448188095e-02
6.944509015290867282e-02
6.932775567091642444e-02
6.931307880590396875e-02
6.937156390195722833e-02
6.927469033603106396e-02
6.943897983874654234e-02
6.939911223621655911e-02
6.930214293576435203e-02
6.936268891694273575e-02
6.938401520863647642e-02
6.932553157988358139e-02
6.926375184764850534e-02
6.927775246710612955e-02
6.941992364811291893e-02
6.921664231915562737e-02
6.928035698408949172e-02
6.929965926493197870e-02
6.954639560305306278e-02
6.926623848920070159e-02
6.923913285423131947e-02
6.932154204357388050e-02
6.932292208776008602e-02
6.919656044753709490e-02
6.929856415234035560e-02
6.931336878747633434e-02
6.930411400395010413e-02
6.919654529835501944e-02
6.949115013261332463e-02
6.929696246708295926e-02
6.932025064262237191e-02
6.924277637313001887e-02
6.929667619669029055e-02
6.929725667891251106e-02
6.928474544773299826e-02
6.939848233885365092e-02
6.921434076527918644e-02
6.923583691590846911e-02
6.927216609639100242e-02
6.932754407105479189e-02
6.931580738570736200e-02
6.927376852414467157e-02
6.926564722685270292e-02
6.922348601672417834e-02
6.927170320284603555e-02
6.926273985255441967e-02
6.928117906111959379e-02
6.940585319093722783e-02
6.938640562829546943e-02
6.935268486737476701e-02
6.929502726158727477e-02
6.919380323887941442e-02
6.929087112897205913e-02
6.909838110397151234e-02
6.921319698051840719e-02
6.916256082762729795e-02
6.924265065583803946e-02
6.921080301401247303e-02
6.935749255542722480e-02
6.922886454651050459e-02
6.912152995935333388e-02
6.910099306601966140e-02
6.921611443783545758e-02
6.962862074744681495e-02
6.921037254021536467e-02
6.938695477536839518e-02
6.923422438099055554e-02
6.916972993433447014e-02
6.926639855004636248e-02
6.926608922201323015e-02
6.932668308186089312e-02
6.909358600265783079e-02
6.921750015602358419e-02
6.920054950956103235e-02
6.918607629917208901e-02
6.909145259264910799e-02
6.916519758965948561e-02
6.919472996234765638e-02
6.908799251698166666e-02
6.917284081176947041e-02
6.928291441399495043e-02
6.921612299664382795e-02
6.930958655772119503e-02
6.916017981839148177e-02
6.924051651549700814e-02
6.927193977796286539e-02
6.918114416524212551e-02
6.911855967437263715e-02
6.916930289420093747e-02
6.923864039930080483e-02
6.448932837345071334e-02
6.438390237383900816e-02
6.443523913300863715e-02
6.444906734429031725e-02
6.450583405908667800e-02
6.452322642735842939e-02
6.445445016025491691e-02
6.444151119579728804e-02
6.431284326778753668e-02
6.443665994879094194e-02
6.461067380901773516e-02
6.462582232949509731e-02
6.440311637446094473e-02
6.447201536714919357e-02
6.444921104745716944e-02
6.445629575850982118e-02
6.449492531099237924e-02
6.445372098588279808e-02
6.446720470851464990e-02
6.437403867233755517e-02
6.435528105034346580e-02
6.439824588757954438e-02
6.453821513209084815e-02
6.430937029991909415e-02
6.432069924010166972e-02
6.436996798336513947e-02
6.455889657369788537e-02
6.461144651139273665e-02
6.446975199577627269e-02
6.450950481645641166e-02
6.456176289301900073e-02
6.445269504954519169e-02
6.477381647773040874e-02
6.454511013879873915e-02
6.453303489629248768e-02
6.447173689011805042e-02
6.461354261300597535e-02
6.448323354522407513e-02
6.439494381322492800e-02
6.449958801956538756e-02
6.923611546749912360e-02
6.922302705494583208e-02
6.949222177168692949e-02
6.932578948602417801e-02
6.920106577207031651e-02
6.926459635165704842e-02
6.921762406103200427e-02
6.910844674821656208e-02
6.921042585461754937e-02
6.913836451722843446e-02
6.918745980387003280e-02
6.922154137327810042e-02
6.915113676240636220e-02
6.933867289838427372e-02
6.909540019921990572e-02
6.920349338989657817e-02
6.918934970950216257e-02
6.924382700359917042e-02
6.941343536186281304e-02
6.945197582499158806e-02
6.905247173071267508e-02
6.922859306269621427e-02
6.942393308893916870e-02
6.958629762166600174e-02
6.925155839216752540e-02
6.918825297092011384e-02
6.900444754138955472e-02
6.919180720135600926e-02
6.909628407027994246e-02
6.921833838547197804e-02
6.920837115950523311e-02
6.921319313071432056e-02
6.921524476340172594e-02
6.921089562844789933e-02
6.922986086816695916e-02
6.917036616770895485e-02
6.922402349084991191e-02
6.915618379188256948e-02
6.943810263045009645e-02
6.943810535786519578e-02
6.916224380586916132e-02
6.917036248429928036e-02
6.929410336999139441e-02
6.915040584557116676e-02
6.914520834433257601e-02
6.920596933767868275e-02
6.919045259443727669e-02
6.908165812577732323e-02
6.921795667097559168e-02
6.904668529923684017e-02
6.913331004529828239e-02
6.916942859688333944e-02
6.935703540115177590e-02
6.915357975327339479e-02
6.912807951705947362e-02
6.908783230903714490e-02
6.911101847274282728e-02
6.921244136526198687e-02
6.916287648501852348e-02
6.907478612844263066e-02
6.908899438014698413e-02
6.919808454243357720e-02
6.911625587634183387e-02
6.908204217361403610e-02
6.893610795873023056e-02
6.930263301273517640e-02
6.920230837857567485e-02
6.916451116249786035e-02
6.919203640389740007e-02
6.915700385080639223e-02
6.921433357630560335e-02
6.916001452207087841e-02
6.916701391689236700e-02
6.921753923634495209e-02
6.912162616990233377e-02
6.911469205914369529e-02
6.917240742386218666e-02
6.916726848050017140e-02
6.462411434947906708e-02
6.454574993582802567e-02
6.436216808046602011e-02
6.462677324089888264e-02
6.453849174279650824e-02
6.452601368868698950e-02
6.447055544495461366e-02
6.463215406911092253e-02
6.444885433029082233e-02
6.459288500011904632e-02
6.450726532451506179e-02
6.457137884578564857e-02
6.449084683466135837e-02
6.451041219519795811e-02
6.448153283871536912e-02
6.453255949905052635e-02
6.442160655557620241e-02
6.445388841216936893e-02
6.441032971796643858e-02
6.453468737722808934e-02
6.449785126861491691e-02
6.455750326562011143e-02
6.457097845572519479e-02
6.446785938250275405e-02
6.457652348723798286e-02
6.449619833656060341e-02
6.446533014524953586e-02
6.459219867190922615e-02
6.458276478897996553e-02
6.451048699863019820e-02
6.454938737542863236e-02
6.452754036619613720e-02
6.467608457619621054e-02
6.476914982422014855e-02
6.450627233050044984e-02
6.458181427190598511e-02
6.443263790983159989e-02
6.455109094769999334e-02
6.450096032211199981e-02
6.449153797477501227e-02
6.810083613140410774e-02
6.821186705730818145e-02
6.824575446753639030e-02
6.834775379129422179e-02
6.828080758498425440e-02
6.824110807966908554e-02
6.830416770260282211e-02
6.817231380396419904e-02
6.820270945111675531e-02
6.820732608224865101e-02
6.809280988082366814e-02
6.826604042373113357e-02
6.811192312769895341e-02
6.832775705361629481e-02
6.816884520572158435e-02
6.822804670621185341e-02
6.834489754630788949e-02
6.843194766862316369e-02
6.811461502604829188e-02
6.828602859213622756e-02
6.826961111016990880e-02
6.821721753781280484e-02
6.833470522549005277e-02
6.827877627317673059e-02
6.827231762684236871e-02
6.820087643062662519e-02
6.821136065754003497e-02
6.826129792800308960e-02
6.823639167602256472e-02
6.824434249958405418e-02
6.833547982025658940e-02
6.825574591759565879e-02
6.838565710604056769e-02
6.821972664626441141e-02
6.848045562533856823e-02
6.828771171429663667e-02
6.829582030892195066e-02
6.832980357398575622e-02
6.818238723342512353e-02
2.225523945336602416e-01
2.225440758301863720e-01
2.221723199740568422e-01
2.231027755843397742e-01
2.223126623332808138e-01
2.231692511357310504e-01
2.223703068099615876e-01
2.224897532480075713e-01
2.224118691755528343e-01
2.221287192301862334e-01
2.224450725654422423e-01
2.226574320458867828e-01
2.224756828742417702e-01
2.227827437362706331e-01
2.219478475193350786e-01
2.229909860421538381e-01
2.229082309945165652e-01
2.216651346108993448e-01
2.224689124799469342e-01
2.219696025505805415e-01
2.221440084846310059e-01
2.224844278682401866e-01
2.219691805848562349e-01
2.224128338550060702e-01
2.223455567790319498e-01
2.224820076630007470e-01
2.225135865705042404e-01
2.223432310025283964e-01
2.225476369842860902e-01
2.222668838914584055e-01
2.226173638059711080e-01
2.224329698771476682e-01
2.223057683678564544e-01
2.223527610741052873e-01
2.223067543426291981e-01
2.224036388719368984e-01
2.219207161806677486e-01
2.224470145662546527e-01
2.225260829977805666e-01
2.221928270229931446e-01
2.224931557332981980e-01
2.224739020955371349e-01
2.223437609485491018e-01
2.218892936454567311e-01
2.220573995359371444e-01
2.230062755084839254e-01
2.223240919559126560e-01
2.224899504928110061e-01
2.224408269836898877e-01
2.227245714631747031e-01
2.224500843707327147e-01
2.231638848718445478e-01
2.225770714449715748e-01
2.225284010889518049e-01
2.226325460335694395e-01
2.224925939512986672e-01
2.225594888346502931e-01
2.223940606283009158e-01
2.224074862276944342e-01
2.214238189760746045e-01
2.220547399772587749e-01
2.227261958930744079e-01
2.221345853475955867e-01
2.223754943173170961e-01
2.221576644153167301e-01
2.229623626064956010e-01
2.227240515736797488e-01
2.218659972839081840e-01
2.224675847750021973e-01
2.224818820045531831e-01
2.222941064616343887e-01
2.218688749066904109e-01
2.223736048181848557e-01
2.224523271202756003e-01
2.225184923198336995e-01
2.224000823644383673e-01
2.216239535265554783e-01
2.220558185117882111e-01
2.229580907118691724e-01
