3.149320487334197893e-01
2.783243908469992811e-01
3.241644188515636626e-01
9.889944175902596335e-01
2.346135000603008502e-01
2.524602496128288132e-01
5.035206715617780437e-01
2.734501961207899678e-01
2.230520502544851014e-01
2.248853115947319348e-01
9.856322988185381995e-01
2.622836410129883999e-01
9.566908890588567971e-01
7.345811968035371731e-01
6.754589121740480762e-01
5.074599729344171362e-01
4.794274901012451906e-01
2.307283321252584229e-01
9.635381108038915121e-01
9.812518637291768320e-01
2.652222821728063562e-01
2.360781810980979167e-01
2.748351134615451552e-01
2.400207269137553390e-01
2.508697479976937372e-01
2.260003012099153497e-01
5.602126931910053065e-01
2.484277270556927708e-01
2.272945948009336692e-01
9.929246040749956093e-01
2.624931322039436021e-01
6.262692721266829299e-01
2.307283311541662718e-01
4.029640246626356448e-01
5.224285340019658719e-01
3.138179307472630519e-01
2.528017004023821457e-01
3.165895515396781601e-01
9.837865276542747672e-01
9.787283529134757076e-01
5.170278304553798110e-01
2.381900737760765940e-01
9.774150349741462795e-01
9.090151365288972052e-01
3.052230612869417659e-01
2.331914549276618565e-01
4.609259309937052129e-01
9.869178008693514359e-01
9.292352981205799223e-01
2.746619479969486521e-01
2.813743103102350762e-01
2.311509961960240278e-01
8.596696402787004088e-01
6.117836023267909651e-01
2.451035079528418315e-01
2.086730883615396381e-01
2.236718172976716879e-01
2.446132949658234301e-01
2.358105979230354921e-01
3.559484766526115340e-01
2.821055995807421612e-01
9.903903566185062735e-01
2.539948815338964883e-01
3.712991507913043221e-01
