5.339169652609042638e-01
9.596147452615465534e-01
2.259053870445986434e-01
2.416814599824393950e-01
2.096427485871077967e-01
1.975690104411012837e-01
3.853560473901594952e-01
9.148848512665607169e-01
2.098877772640189709e-01
2.407089180535357809e-01
1.999977462272559403e-01
9.838820650775896848e-01
2.341083534785530773e-01
2.016128018048879977e-01
2.519647229437584346e-01
1.904055401203434972e-01
2.243790709706821873e-01
1.980783989240202381e-01
5.747858504284710790e-01
2.506853841942073835e-01
1.976199793372597491e-01
2.096427732110691944e-01
1.855525575254767801e-01
9.931789083684043895e-01
2.096435901337082297e-01
2.096435724170153669e-01
8.670801239304088970e-01
2.578945055817843390e-01
2.142247233952982444e-01
5.542233595715133632e-01
8.709341377408973406e-01
2.034779533566095089e-01
9.838443298567352002e-01
9.963165639312442368e-01
1.928654425266039529e-01
1.991819709516867154e-01
3.994622837140916483e-01
9.264534626744238555e-01
1.941676471906805257e-01
2.091357409680110191e-01
4.828479867606062514e-01
9.940184087678707314e-01
2.255448793645379313e-01
4.017621895686399602e-01
2.189815647208981642e-01
9.907725677123342400e-01
8.910294673383695185e-01
2.282241129923120726e-01
2.096427118204093332e-01
9.908716564420526618e-01
9.760375327722657923e-01
2.164818964556648462e-01
9.775023586336470949e-01
2.264639549983081535e-01
2.341775283611778058e-01
9.946567823218366300e-01
1.993009944742867579e-01
2.295632742440527618e-01
2.087502376786864733e-01
2.058346753053713896e-01
2.582790065099987986e-01
2.366869839569936129e-01
1.996795749205022008e-01
2.297265077113615217e-01
