1.754777903218075197e-01
1.783083277315699045e-01
3.130495559938872852e-01
9.530683043195036230e-01
2.442506062454597171e-01
1.881296137091523213e-01
2.284216925288548861e-01
1.977906641710065194e-01
1.704735040136955149e-01
1.916720995556062956e-01
5.489266984925157411e-01
6.453582840640783580e-01
1.778559005931079073e-01
1.720718202835036237e-01
1.881274363190387766e-01
4.641241197218378689e-01
6.668048686750239762e-01
1.924191780810154684e-01
1.869448154462240441e-01
9.953279226884426123e-01
1.879185505115382182e-01
2.916131929211159823e-01
1.858279838928676986e-01
2.103374246766256950e-01
1.810743868971199932e-01
1.927345517701752053e-01
1.931706121748817118e-01
9.266709020589770640e-01
1.988626651831045811e-01
4.137243713427429248e-01
9.939279597986342418e-01
3.060479691855167994e-01
2.937217016026251182e-01
1.998685045514012881e-01
9.754198189322837997e-01
9.726117997789561764e-01
7.001841966224784386e-01
9.559981969342760122e-01
9.899091743769253826e-01
1.927320938652094251e-01
2.560925786445667485e-01
1.884304271994710900e-01
7.312361591153760942e-01
1.746450604232957227e-01
1.909367305907591350e-01
1.975794581931342719e-01
2.028115185651259145e-01
1.937461823864972676e-01
1.801563419700918933e-01
7.949870929790673335e-01
4.074704974441696881e-01
2.682825262136524502e-01
1.777069036450525386e-01
1.885902835741298800e-01
9.942576629117191311e-01
3.289245781317038930e-01
9.952585840049007482e-01
2.114092442518828718e-01
6.468536369972694988e-01
7.474831217320853094e-01
9.935342536914923972e-01
1.678717544554147179e-01
1.747061304699559781e-01
9.583888534317922536e-01
