9.960178867885123299e-01
2.379278603955325144e-01
2.411914215753733215e-01
9.829826256801765805e-01
2.798053732739324562e-01
2.178566062460666752e-01
2.637332360730795244e-01
9.877437901600876202e-01
2.116869408768055350e-01
2.514372869705523428e-01
2.987589873623460734e-01
5.671909676748649876e-01
2.608274121933248924e-01
2.060006246378472961e-01
4.695312270348606654e-01
2.169533244011499495e-01
9.940755088765507175e-01
9.974654161653866424e-01
9.102108218654177962e-01
2.797045599164863505e-01
2.211702279123708148e-01
9.220989235344957402e-01
9.726801657639653209e-01
5.818716077075063442e-01
9.962910732266402336e-01
3.171981576596953345e-01
2.458152448151176561e-01
9.910441851681371928e-01
2.571686159024852980e-01
8.677190834841843614e-01
2.684186521307010409e-01
2.693044749158512996e-01
2.162636465659091567e-01
2.111150589091350394e-01
2.985540682105370935e-01
9.936554020504103635e-01
2.264612290834901731e-01
9.917092827295019841e-01
2.157298118881695870e-01
2.127586494915468807e-01
2.836124083481593172e-01
9.959071873320473056e-01
9.846514459934602170e-01
3.018659054981985834e-01
5.509162993191507596e-01
9.961767138748632844e-01
2.378621903218931521e-01
6.470678239962930345e-01
2.365552472621018643e-01
3.412613002647793548e-01
2.081360634646538255e-01
2.439368825431556809e-01
2.457304566999133910e-01
2.175525742707392907e-01
9.824002170377756915e-01
9.735427281159071411e-01
9.035327039466047871e-01
2.643240269378403506e-01
2.355803106143441183e-01
2.825599687952161099e-01
2.400793267554676147e-01
2.238188415766612649e-01
9.939215191644045211e-01
9.785408204322306736e-01
