1.752612593520669337e-01
1.497564434786216869e-01
1.765954354931421055e-01
4.436095859085471549e-01
3.139484277732018658e-01
1.671505587198274523e-01
9.959288700028205987e-01
1.795224462734099358e-01
1.515773912464913886e-01
9.893143736587641790e-01
1.564947640764044190e-01
9.974939872654348116e-01
1.632871711958726602e-01
1.610643366061692561e-01
9.841214661799543295e-01
1.454276939392986079e-01
9.960711627696521298e-01
9.909449795134035455e-01
1.371920311148696059e-01
1.888717299456813825e-01
9.859526063055942258e-01
1.645438718023988500e-01
1.323457570987412735e-01
9.814219113216601231e-01
1.328609073733963974e-01
1.406854554081725939e-01
1.463218237939610256e-01
1.534803206412525267e-01
1.326689904940592801e-01
1.532722352028075552e-01
7.895489974989534643e-01
9.966963590770377968e-01
1.852067682934100123e-01
9.131330056460081890e-01
4.260524015208789206e-01
9.952492342219478871e-01
1.578289211164845829e-01
6.580342997741247535e-01
1.454813226407973281e-01
6.258566511305547753e-01
9.905496065095898972e-01
8.291844037529280120e-01
9.899976443995464059e-01
1.419396072347927085e-01
3.144045945987689050e-01
6.648283696773308327e-01
9.823750462484031054e-01
8.318183293518136567e-01
1.789661245351913399e-01
5.625770766822928426e-01
4.309783239458617188e-01
1.399703490492610058e-01
1.969882706487262047e-01
3.169261036842265233e-01
9.971537402132936156e-01
6.581402126488876680e-01
9.810901515928182048e-01
1.517555607898983527e-01
9.086682219960103835e-01
1.304370088952622464e-01
9.486779023725809834e-01
9.913947366108584180e-01
4.705157609347546122e-01
1.753739269385695132e-01
