9.535313816832047262e-01
2.352556897883383846e-01
3.324178856004505467e-01
2.174012977827286253e-01
2.078455818948666545e-01
9.268902499237120507e-01
9.911990221234676657e-01
9.905848341955958425e-01
5.952275835300304685e-01
2.155254484378737179e-01
2.309658166877266439e-01
1.898807239614738185e-01
2.116616640596216126e-01
6.357006829731676190e-01
2.120224133398798116e-01
2.195497258813443320e-01
7.294731929405081639e-01
3.140339840890220557e-01
1.879641651780982470e-01
1.928725672043179740e-01
2.275958387768651781e-01
6.293899381766702161e-01
2.882894313696738875e-01
2.200615104057006832e-01
9.142193983301386551e-01
9.933289095313204697e-01
2.053221799675038484e-01
2.112277909674554754e-01
4.279924561087077861e-01
3.141820825993807964e-01
2.155832849524923767e-01
9.933302117738873616e-01
7.806502076040668925e-01
2.030624299569357416e-01
9.315658312699832688e-01
6.235335565425629278e-01
9.652669386429715281e-01
9.876394726703040527e-01
9.932801127328926283e-01
2.011066154181250232e-01
2.116678701595716139e-01
9.947232566216678284e-01
7.411297042218015774e-01
2.085076985256021920e-01
8.745489333773843743e-01
2.794248073066710747e-01
9.910990046091321393e-01
2.729996868135483590e-01
2.599989811922191474e-01
9.893778683941750751e-01
9.205025508135917800e-01
4.774693686391605074e-01
1.891756369546439831e-01
2.500756832183658740e-01
2.175993354903500987e-01
9.924585406743510196e-01
2.492809948180843838e-01
9.759844374369607278e-01
2.075983121958058231e-01
1.942461283034798702e-01
9.426688856060783106e-01
4.858867712001510575e-01
9.949510694396594968e-01
1.997989178545636624e-01
