9.679733846497663441e-01
7.880354298020249004e-01
6.118473965517887692e-01
8.886031683223579725e-01
8.893191832798201801e-01
9.521065381523752258e-01
4.394987257136090397e-01
7.322971280714081210e-01
2.946336621370694853e-01
9.785742837042358255e-01
5.476713221272199172e-01
9.417783801152043166e-01
9.343391365963793493e-01
9.702463710783775230e-01
2.891915234173967342e-01
3.043218199734005203e-01
4.822377115971675510e-01
3.097172170283652437e-01
7.484718943755357401e-01
3.120225824175941742e-01
8.447998171370286746e-01
3.207220295922840192e-01
2.968384926408967339e-01
2.891402067469717729e-01
9.877546257819473929e-01
3.163958344117847599e-01
3.041634393403807035e-01
9.765474618763977377e-01
3.146622351730687384e-01
2.988931614303482198e-01
7.423684713307452387e-01
7.196893288512858922e-01
3.621669706315649440e-01
9.891862125193335853e-01
2.834346856279168492e-01
2.732467505545040365e-01
3.041637167117817175e-01
9.889452800876701311e-01
2.834416040197770270e-01
3.134946249282072328e-01
3.037896949825216186e-01
9.594487223035519374e-01
8.684533912190917082e-01
9.246251052414149463e-01
8.726663860023348152e-01
9.933834791971900557e-01
3.443216722405874064e-01
3.084274192140124549e-01
9.793872100536198388e-01
8.864413038955045732e-01
9.619791097471059871e-01
3.114374756541028466e-01
9.812459208129972188e-01
3.423041995408480642e-01
2.733935800314714060e-01
9.932856106829721643e-01
8.854971318556602577e-01
3.593970941791679863e-01
3.189935606183621486e-01
2.891267345047513482e-01
9.813214416572874077e-01
3.356015769462470377e-01
2.924266744961038222e-01
9.190870347078936575e-01
