3.457479788372538332e-01
3.849460592297788142e-01
7.308409330262944925e-01
9.307744393042765019e-01
3.633935678380789125e-01
9.581869615632313542e-01
9.102172699577508741e-01
4.523958028234916218e-01
3.792072570919067798e-01
3.103615186435300100e-01
9.901984768785839774e-01
9.642626519057111434e-01
4.094334854474703800e-01
3.587517369696147096e-01
4.572055035217952867e-01
3.871576958403630253e-01
8.400524486870785124e-01
9.112037529212781983e-01
9.789804229041272343e-01
3.930726916573836771e-01
4.186962127428447977e-01
3.537625642553408611e-01
3.540936098798989629e-01
3.216999297841693917e-01
4.164098873472309448e-01
9.881391933937918592e-01
3.556836564489982977e-01
3.540983085450565837e-01
9.695168486349136083e-01
9.823511158764368645e-01
4.289260178399941781e-01
3.756323052904602111e-01
3.475202599306302376e-01
9.357703435347686227e-01
3.768578522048325330e-01
3.825250093860420031e-01
9.900451410988873047e-01
4.628439798068683109e-01
3.228126797421051464e-01
3.788576033781832497e-01
9.357591089015573349e-01
9.170873085486038745e-01
4.108267869728142174e-01
3.534556669895732028e-01
9.886737055465956159e-01
9.239856775804831113e-01
3.617600362693190186e-01
4.745682534405035735e-01
3.892209257490892860e-01
5.741304773676930706e-01
4.824432536256167969e-01
9.000501077941001071e-01
3.739797239074664770e-01
3.742419914313687701e-01
3.366629686561068424e-01
6.223084282973517789e-01
9.861607036875413845e-01
9.871456240587043185e-01
3.545963452172323782e-01
9.908540314944573879e-01
3.612144259766344456e-01
3.607292134288034857e-01
9.832280025205224483e-01
3.889825286471865762e-01
