6.249736521290167879e-01
9.969876649528592871e-01
9.995881394519936514e-01
9.964168065877377911e-01
9.992075626662163534e-01
9.489064002328675418e-01
8.132816114867187363e-01
9.992886869876266287e-01
9.862641253335787672e-01
9.995821310644001922e-01
6.398450590764829249e-01
7.108131967165428611e-01
5.886063451180860717e-01
5.875950897916437654e-01
6.411261477108841644e-01
6.700231520734745150e-01
9.981993180741445260e-01
9.503899163135727246e-01
5.771465928971641901e-01
9.990058939447136188e-01
5.886368057348448923e-01
5.938083369592819238e-01
9.550276103870596334e-01
5.574257482834379385e-01
6.020385583017313635e-01
6.173366323005581302e-01
6.183624498095836586e-01
9.185712507429087958e-01
6.406513272024112471e-01
7.105252898658567240e-01
6.935502246391567205e-01
9.941433374502678388e-01
5.796744990310120915e-01
6.814241565615394292e-01
7.661372346496142516e-01
9.950267492772123523e-01
5.394783798674727127e-01
9.593437949272478615e-01
6.249693018218754892e-01
9.983312181765614524e-01
5.766797381214482376e-01
6.502207892822946533e-01
9.967328450054397937e-01
9.887789216626587940e-01
7.597251303490119012e-01
6.415059812744682288e-01
9.803032478984576858e-01
9.995595621834660882e-01
6.337291960645848876e-01
6.105814228896634388e-01
7.133728296286905302e-01
6.385440546788285765e-01
6.559602351007415288e-01
6.395908797241796062e-01
8.131773355034488393e-01
5.727725537208221418e-01
6.156164791723623964e-01
6.391742615736090150e-01
5.492958863542393155e-01
6.313765607159645965e-01
9.949604344094278296e-01
6.377943517907374016e-01
6.207191277170132082e-01
6.397619352827329520e-01
