9.947617884342351280e-01
4.671130150398918324e-01
4.196148961269191568e-01
9.984556403027065041e-01
6.999232816887488440e-01
3.993283835557391304e-01
5.200006856742251937e-01
9.990104500258517595e-01
3.898242964360742469e-01
8.527190380310434303e-01
5.147550740480498765e-01
7.384496789202420475e-01
4.985610413760158677e-01
3.767886072103225903e-01
5.556953435532756558e-01
4.459659090491875366e-01
4.182315148120316350e-01
7.487468367743110864e-01
4.690734182008512443e-01
9.173215962159566583e-01
4.342523886616485584e-01
3.663290988683400862e-01
4.429690328631289420e-01
9.739489632070216230e-01
4.003853248598540082e-01
3.978839769972893903e-01
4.775770080011304541e-01
9.946185804558456134e-01
5.947974747810587104e-01
4.622871577703814294e-01
3.683417917945130404e-01
8.120151120243273013e-01
9.972008834242034325e-01
4.549701662076298114e-01
4.599435997863882686e-01
4.371069222137026755e-01
8.736997282492006134e-01
9.936473475829783464e-01
3.981655942152970695e-01
4.445908137380412684e-01
9.982716367227107979e-01
4.236906152059506381e-01
4.377324788319393867e-01
4.621807974637374694e-01
9.928713432151672347e-01
5.215184130265123619e-01
4.043389751790505970e-01
3.978840534332814260e-01
4.466069471703311144e-01
9.958460618151639965e-01
4.602874524545560453e-01
3.827811067595756622e-01
7.758476971796863797e-01
9.771732579918999129e-01
4.658499205472678706e-01
3.611974807844580693e-01
4.337297077293230663e-01
9.935743489887114421e-01
9.397492144894047383e-01
4.047046447620815113e-01
3.840680028427147508e-01
3.589883202211226476e-01
3.705971014204014757e-01
8.007219505879900057e-01
9.987642096773355904e-01
