3.149320487334197893e-01
2.783243908469992811e-01
3.241644188515636626e-01
9.889944175902596335e-01
2.346135000603008502e-01
2.524602496128288132e-01
5.035206715617780437e-01
2.734501961207899678e-01
2.230520502544851014e-01
2.248853115947319348e-01
9.856322988185381995e-01
2.622836410129883999e-01
9.566908890588567971e-01
7.345811968035371731e-01
6.754589121740480762e-01
5.074599729344171362e-01
4.794274901012451906e-01
2.307283321252584229e-01
9.635381108038915121e-01
9.812518637291768320e-01
2.652222821728063562e-01
2.360781810980979167e-01
2.748351134615451552e-01
2.400207269137553390e-01
2.508697479976937372e-01
2.260003012099153497e-01
5.602126931910053065e-01
2.484277270556927708e-01
2.272945948009336692e-01
9.929246040749956093e-01
2.624931322039436021e-01
6.262692721266829299e-01
2.307283311541662718e-01
4.029640246626356448e-01
5.224285340019658719e-01
3.138179307472630519e-01
2.528017004023821457e-01
3.165895515396781601e-01
9.837865276542747672e-01
9.787283529134757076e-01
5.170278304553798110e-01
2.381900737760765940e-01
9.774150349741462795e-01
9.090151365288972052e-01
3.052230612869417659e-01
2.331914549276618565e-01
4.609259309937052129e-01
9.869178008693514359e-01
9.292352981205799223e-01
2.746619479969486521e-01
2.813743103102350762e-01
2.311509961960240278e-01
8.596696402787004088e-01
6.117836023267909651e-01
2.451035079528418315e-01
2.086730883615396381e-01
2.236718172976716879e-01
2.446132949658234301e-01
2.358105979230354921e-01
3.559484766526115340e-01
2.821055995807421612e-01
9.903903566185062735e-01
2.539948815338964883e-01
3.712991507913043221e-01
5.339169652609042638e-01
9.596147452615465534e-01
2.259053870445986434e-01
2.416814599824393950e-01
2.096427485871077967e-01
1.975690104411012837e-01
3.853560473901594952e-01
9.148848512665607169e-01
2.098877772640189709e-01
2.407089180535357809e-01
1.999977462272559403e-01
9.838820650775896848e-01
2.341083534785530773e-01
2.016128018048879977e-01
2.519647229437584346e-01
1.904055401203434972e-01
2.243790709706821873e-01
1.980783989240202381e-01
5.747858504284710790e-01
2.506853841942073835e-01
1.976199793372597491e-01
2.096427732110691944e-01
1.855525575254767801e-01
9.931789083684043895e-01
2.096435901337082297e-01
2.096435724170153669e-01
8.670801239304088970e-01
2.578945055817843390e-01
2.142247233952982444e-01
5.542233595715133632e-01
8.709341377408973406e-01
2.034779533566095089e-01
9.838443298567352002e-01
9.963165639312442368e-01
1.928654425266039529e-01
1.991819709516867154e-01
3.994622837140916483e-01
9.264534626744238555e-01
1.941676471906805257e-01
2.091357409680110191e-01
4.828479867606062514e-01
9.940184087678707314e-01
2.255448793645379313e-01
4.017621895686399602e-01
2.189815647208981642e-01
9.907725677123342400e-01
8.910294673383695185e-01
2.282241129923120726e-01
2.096427118204093332e-01
9.908716564420526618e-01
9.760375327722657923e-01
2.164818964556648462e-01
9.775023586336470949e-01
2.264639549983081535e-01
2.341775283611778058e-01
9.946567823218366300e-01
1.993009944742867579e-01
2.295632742440527618e-01
2.087502376786864733e-01
2.058346753053713896e-01
2.582790065099987986e-01
2.366869839569936129e-01
1.996795749205022008e-01
2.297265077113615217e-01
1.754777903218075197e-01
1.783083277315699045e-01
3.130495559938872852e-01
9.530683043195036230e-01
2.442506062454597171e-01
1.881296137091523213e-01
2.284216925288548861e-01
1.977906641710065194e-01
1.704735040136955149e-01
1.916720995556062956e-01
5.489266984925157411e-01
6.453582840640783580e-01
1.778559005931079073e-01
1.720718202835036237e-01
1.881274363190387766e-01
4.641241197218378689e-01
6.668048686750239762e-01
1.924191780810154684e-01
1.869448154462240441e-01
9.953279226884426123e-01
1.879185505115382182e-01
2.916131929211159823e-01
1.858279838928676986e-01
2.103374246766256950e-01
1.810743868971199932e-01
1.927345517701752053e-01
1.931706121748817118e-01
9.266709020589770640e-01
1.988626651831045811e-01
4.137243713427429248e-01
9.939279597986342418e-01
3.060479691855167994e-01
2.937217016026251182e-01
1.998685045514012881e-01
9.754198189322837997e-01
9.726117997789561764e-01
7.001841966224784386e-01
9.559981969342760122e-01
9.899091743769253826e-01
1.927320938652094251e-01
2.560925786445667485e-01
1.884304271994710900e-01
7.312361591153760942e-01
1.746450604232957227e-01
1.909367305907591350e-01
1.975794581931342719e-01
2.028115185651259145e-01
1.937461823864972676e-01
1.801563419700918933e-01
7.949870929790673335e-01
4.074704974441696881e-01
2.682825262136524502e-01
1.777069036450525386e-01
1.885902835741298800e-01
9.942576629117191311e-01
3.289245781317038930e-01
9.952585840049007482e-01
2.114092442518828718e-01
6.468536369972694988e-01
7.474831217320853094e-01
9.935342536914923972e-01
1.678717544554147179e-01
1.747061304699559781e-01
9.583888534317922536e-01
9.960178867885123299e-01
2.379278603955325144e-01
2.411914215753733215e-01
9.829826256801765805e-01
2.798053732739324562e-01
2.178566062460666752e-01
2.637332360730795244e-01
9.877437901600876202e-01
2.116869408768055350e-01
2.514372869705523428e-01
2.987589873623460734e-01
5.671909676748649876e-01
2.608274121933248924e-01
2.060006246378472961e-01
4.695312270348606654e-01
2.169533244011499495e-01
9.940755088765507175e-01
9.974654161653866424e-01
9.102108218654177962e-01
2.797045599164863505e-01
2.211702279123708148e-01
9.220989235344957402e-01
9.726801657639653209e-01
5.818716077075063442e-01
9.962910732266402336e-01
3.171981576596953345e-01
2.458152448151176561e-01
9.910441851681371928e-01
2.571686159024852980e-01
8.677190834841843614e-01
2.684186521307010409e-01
2.693044749158512996e-01
2.162636465659091567e-01
2.111150589091350394e-01
2.985540682105370935e-01
9.936554020504103635e-01
2.264612290834901731e-01
9.917092827295019841e-01
2.157298118881695870e-01
2.127586494915468807e-01
2.836124083481593172e-01
9.959071873320473056e-01
9.846514459934602170e-01
3.018659054981985834e-01
5.509162993191507596e-01
9.961767138748632844e-01
2.378621903218931521e-01
6.470678239962930345e-01
2.365552472621018643e-01
3.412613002647793548e-01
2.081360634646538255e-01
2.439368825431556809e-01
2.457304566999133910e-01
2.175525742707392907e-01
9.824002170377756915e-01
9.735427281159071411e-01
9.035327039466047871e-01
2.643240269378403506e-01
2.355803106143441183e-01
2.825599687952161099e-01
2.400793267554676147e-01
2.238188415766612649e-01
9.939215191644045211e-01
9.785408204322306736e-01
1.752612593520669337e-01
1.497564434786216869e-01
1.765954354931421055e-01
4.436095859085471549e-01
3.139484277732018658e-01
1.671505587198274523e-01
9.959288700028205987e-01
1.795224462734099358e-01
1.515773912464913886e-01
9.893143736587641790e-01
1.564947640764044190e-01
9.974939872654348116e-01
1.632871711958726602e-01
1.610643366061692561e-01
9.841214661799543295e-01
1.454276939392986079e-01
9.960711627696521298e-01
9.909449795134035455e-01
1.371920311148696059e-01
1.888717299456813825e-01
9.859526063055942258e-01
1.645438718023988500e-01
1.323457570987412735e-01
9.814219113216601231e-01
1.328609073733963974e-01
1.406854554081725939e-01
1.463218237939610256e-01
1.534803206412525267e-01
1.326689904940592801e-01
1.532722352028075552e-01
7.895489974989534643e-01
9.966963590770377968e-01
1.852067682934100123e-01
9.131330056460081890e-01
4.260524015208789206e-01
9.952492342219478871e-01
1.578289211164845829e-01
6.580342997741247535e-01
1.454813226407973281e-01
6.258566511305547753e-01
9.905496065095898972e-01
8.291844037529280120e-01
9.899976443995464059e-01
1.419396072347927085e-01
3.144045945987689050e-01
6.648283696773308327e-01
9.823750462484031054e-01
8.318183293518136567e-01
1.789661245351913399e-01
5.625770766822928426e-01
4.309783239458617188e-01
1.399703490492610058e-01
1.969882706487262047e-01
3.169261036842265233e-01
9.971537402132936156e-01
6.581402126488876680e-01
9.810901515928182048e-01
1.517555607898983527e-01
9.086682219960103835e-01
1.304370088952622464e-01
9.486779023725809834e-01
9.913947366108584180e-01
4.705157609347546122e-01
1.753739269385695132e-01
9.535313816832047262e-01
2.352556897883383846e-01
3.324178856004505467e-01
2.174012977827286253e-01
2.078455818948666545e-01
9.268902499237120507e-01
9.911990221234676657e-01
9.905848341955958425e-01
5.952275835300304685e-01
2.155254484378737179e-01
2.309658166877266439e-01
1.898807239614738185e-01
2.116616640596216126e-01
6.357006829731676190e-01
2.120224133398798116e-01
2.195497258813443320e-01
7.294731929405081639e-01
3.140339840890220557e-01
1.879641651780982470e-01
1.928725672043179740e-01
2.275958387768651781e-01
6.293899381766702161e-01
2.882894313696738875e-01
2.200615104057006832e-01
9.142193983301386551e-01
9.933289095313204697e-01
2.053221799675038484e-01
2.112277909674554754e-01
4.279924561087077861e-01
3.141820825993807964e-01
2.155832849524923767e-01
9.933302117738873616e-01
7.806502076040668925e-01
2.030624299569357416e-01
9.315658312699832688e-01
6.235335565425629278e-01
9.652669386429715281e-01
9.876394726703040527e-01
9.932801127328926283e-01
2.011066154181250232e-01
2.116678701595716139e-01
9.947232566216678284e-01
7.411297042218015774e-01
2.085076985256021920e-01
8.745489333773843743e-01
2.794248073066710747e-01
9.910990046091321393e-01
2.729996868135483590e-01
2.599989811922191474e-01
9.893778683941750751e-01
9.205025508135917800e-01
4.774693686391605074e-01
1.891756369546439831e-01
2.500756832183658740e-01
2.175993354903500987e-01
9.924585406743510196e-01
2.492809948180843838e-01
9.759844374369607278e-01
2.075983121958058231e-01
1.942461283034798702e-01
9.426688856060783106e-01
4.858867712001510575e-01
9.949510694396594968e-01
1.997989178545636624e-01
9.679733846497663441e-01
7.880354298020249004e-01
6.118473965517887692e-01
8.886031683223579725e-01
8.893191832798201801e-01
9.521065381523752258e-01
4.394987257136090397e-01
7.322971280714081210e-01
2.946336621370694853e-01
9.785742837042358255e-01
5.476713221272199172e-01
9.417783801152043166e-01
9.343391365963793493e-01
9.702463710783775230e-01
2.891915234173967342e-01
3.043218199734005203e-01
4.822377115971675510e-01
3.097172170283652437e-01
7.484718943755357401e-01
3.120225824175941742e-01
8.447998171370286746e-01
3.207220295922840192e-01
2.968384926408967339e-01
2.891402067469717729e-01
9.877546257819473929e-01
3.163958344117847599e-01
3.041634393403807035e-01
9.765474618763977377e-01
3.146622351730687384e-01
2.988931614303482198e-01
7.423684713307452387e-01
7.196893288512858922e-01
3.621669706315649440e-01
9.891862125193335853e-01
2.834346856279168492e-01
2.732467505545040365e-01
3.041637167117817175e-01
9.889452800876701311e-01
2.834416040197770270e-01
3.134946249282072328e-01
3.037896949825216186e-01
9.594487223035519374e-01
8.684533912190917082e-01
9.246251052414149463e-01
8.726663860023348152e-01
9.933834791971900557e-01
3.443216722405874064e-01
3.084274192140124549e-01
9.793872100536198388e-01
8.864413038955045732e-01
9.619791097471059871e-01
3.114374756541028466e-01
9.812459208129972188e-01
3.423041995408480642e-01
2.733935800314714060e-01
9.932856106829721643e-01
8.854971318556602577e-01
3.593970941791679863e-01
3.189935606183621486e-01
2.891267345047513482e-01
9.813214416572874077e-01
3.356015769462470377e-01
2.924266744961038222e-01
9.190870347078936575e-01
3.457479788372538332e-01
3.849460592297788142e-01
7.308409330262944925e-01
9.307744393042765019e-01
3.633935678380789125e-01
9.581869615632313542e-01
9.102172699577508741e-01
4.523958028234916218e-01
3.792072570919067798e-01
3.103615186435300100e-01
9.901984768785839774e-01
9.642626519057111434e-01
4.094334854474703800e-01
3.587517369696147096e-01
4.572055035217952867e-01
3.871576958403630253e-01
8.400524486870785124e-01
9.112037529212781983e-01
9.789804229041272343e-01
3.930726916573836771e-01
4.186962127428447977e-01
3.537625642553408611e-01
3.540936098798989629e-01
3.216999297841693917e-01
4.164098873472309448e-01
9.881391933937918592e-01
3.556836564489982977e-01
3.540983085450565837e-01
9.695168486349136083e-01
9.823511158764368645e-01
4.289260178399941781e-01
3.756323052904602111e-01
3.475202599306302376e-01
9.357703435347686227e-01
3.768578522048325330e-01
3.825250093860420031e-01
9.900451410988873047e-01
4.628439798068683109e-01
3.228126797421051464e-01
3.788576033781832497e-01
9.357591089015573349e-01
9.170873085486038745e-01
4.108267869728142174e-01
3.534556669895732028e-01
9.886737055465956159e-01
9.239856775804831113e-01
3.617600362693190186e-01
4.745682534405035735e-01
3.892209257490892860e-01
5.741304773676930706e-01
4.824432536256167969e-01
9.000501077941001071e-01
3.739797239074664770e-01
3.742419914313687701e-01
3.366629686561068424e-01
6.223084282973517789e-01
9.861607036875413845e-01
9.871456240587043185e-01
3.545963452172323782e-01
9.908540314944573879e-01
3.612144259766344456e-01
3.607292134288034857e-01
9.832280025205224483e-01
3.889825286471865762e-01
6.249736521290167879e-01
9.969876649528592871e-01
9.995881394519936514e-01
9.964168065877377911e-01
9.992075626662163534e-01
9.489064002328675418e-01
8.132816114867187363e-01
9.992886869876266287e-01
9.862641253335787672e-01
9.995821310644001922e-01
6.398450590764829249e-01
7.108131967165428611e-01
5.886063451180860717e-01
5.875950897916437654e-01
6.411261477108841644e-01
6.700231520734745150e-01
9.981993180741445260e-01
9.503899163135727246e-01
5.771465928971641901e-01
9.990058939447136188e-01
5.886368057348448923e-01
5.938083369592819238e-01
9.550276103870596334e-01
5.574257482834379385e-01
6.020385583017313635e-01
6.173366323005581302e-01
6.183624498095836586e-01
9.185712507429087958e-01
6.406513272024112471e-01
7.105252898658567240e-01
6.935502246391567205e-01
9.941433374502678388e-01
5.796744990310120915e-01
6.814241565615394292e-01
7.661372346496142516e-01
9.950267492772123523e-01
5.394783798674727127e-01
9.593437949272478615e-01
6.249693018218754892e-01
9.983312181765614524e-01
5.766797381214482376e-01
6.502207892822946533e-01
9.967328450054397937e-01
9.887789216626587940e-01
7.597251303490119012e-01
6.415059812744682288e-01
9.803032478984576858e-01
9.995595621834660882e-01
6.337291960645848876e-01
6.105814228896634388e-01
7.133728296286905302e-01
6.385440546788285765e-01
6.559602351007415288e-01
6.395908797241796062e-01
8.131773355034488393e-01
5.727725537208221418e-01
6.156164791723623964e-01
6.391742615736090150e-01
5.492958863542393155e-01
6.313765607159645965e-01
9.949604344094278296e-01
6.377943517907374016e-01
6.207191277170132082e-01
6.397619352827329520e-01
9.947617884342351280e-01
4.671130150398918324e-01
4.196148961269191568e-01
9.984556403027065041e-01
6.999232816887488440e-01
3.993283835557391304e-01
5.200006856742251937e-01
9.990104500258517595e-01
3.898242964360742469e-01
8.527190380310434303e-01
5.147550740480498765e-01
7.384496789202420475e-01
4.985610413760158677e-01
3.767886072103225903e-01
5.556953435532756558e-01
4.459659090491875366e-01
4.182315148120316350e-01
7.487468367743110864e-01
4.690734182008512443e-01
9.173215962159566583e-01
4.342523886616485584e-01
3.663290988683400862e-01
4.429690328631289420e-01
9.739489632070216230e-01
4.003853248598540082e-01
3.978839769972893903e-01
4.775770080011304541e-01
9.946185804558456134e-01
5.947974747810587104e-01
4.622871577703814294e-01
3.683417917945130404e-01
8.120151120243273013e-01
9.972008834242034325e-01
4.549701662076298114e-01
4.599435997863882686e-01
4.371069222137026755e-01
8.736997282492006134e-01
9.936473475829783464e-01
3.981655942152970695e-01
4.445908137380412684e-01
9.982716367227107979e-01
4.236906152059506381e-01
4.377324788319393867e-01
4.621807974637374694e-01
9.928713432151672347e-01
5.215184130265123619e-01
4.043389751790505970e-01
3.978840534332814260e-01
4.466069471703311144e-01
9.958460618151639965e-01
4.602874524545560453e-01
3.827811067595756622e-01
7.758476971796863797e-01
9.771732579918999129e-01
4.658499205472678706e-01
3.611974807844580693e-01
4.337297077293230663e-01
9.935743489887114421e-01
9.397492144894047383e-01
4.047046447620815113e-01
3.840680028427147508e-01
3.589883202211226476e-01
3.705971014204014757e-01
8.007219505879900057e-01
9.987642096773355904e-01
