1.248087985632575766e-22
1.248087985632575766e-22
1.248087985632575766e-22
1.248087985632575766e-22
1.248087985632575766e-22
1.248087985632575766e-22
1.248087985632575766e-22
1.248087985632575766e-22
1.248087985632575766e-22
1.248087985632575766e-22
1.248087985632575766e-22
1.248087985632575766e-22
1.248087985632575766e-22
1.248087985632575766e-22
1.248087985632575766e-22
1.248087985632575766e-22
1.248087985632575766e-22
1.248087985632575766e-22
1.248087985632575766e-22
1.248087985632575766e-22
1.248087985632575766e-22
1.248087985632575766e-22
1.248087985632575766e-22
1.248087985632575766e-22
2.574261366356224592e-09
1.248087985632575766e-22
1.248087985632575766e-22
1.248087985632575766e-22
1.248087985632575766e-22
1.248087985632575766e-22
1.248087985632575766e-22
1.248087985632575766e-22
1.248087985632575766e-22
1.248087985632575766e-22
1.248087985632575766e-22
1.248087985632575766e-22
1.248087985632575766e-22
1.248087985632575766e-22
1.248087985632575766e-22
1.248087985632575766e-22
1.248087985632575766e-22
1.248087985632575766e-22
1.248087985632575766e-22
1.248087985632575766e-22
1.248087985632575766e-22
1.248087985632575766e-22
1.248087985632575766e-22
1.248087985632575766e-22
1.248087985632575766e-22
1.248087985632575766e-22
1.248087985632575766e-22
1.248087985632575766e-22
1.248087985632575766e-22
1.248087985632575766e-22
1.248087985632575766e-22
1.248087985632575766e-22
1.248087985632575766e-22
1.248087985632575766e-22
1.248087985632575766e-22
1.248087985632575766e-22
1.248087985632575766e-22
1.248087985632575766e-22
1.248087985632575766e-22
1.248087985632575766e-22
