1.062712726047226231e-15
1.062712726047226231e-15
1.062712726047226231e-15
1.062712726047226231e-15
1.062712726047226231e-15
1.062712726047226231e-15
1.062712726047226231e-15
1.062712726047226231e-15
1.062712726047226231e-15
1.062712726047226231e-15
1.062712726047226231e-15
1.062712726047226231e-15
1.062712726047226231e-15
1.062712726047226231e-15
1.062712726047226231e-15
1.062712726047226231e-15
1.062712726047226231e-15
1.062712726047226231e-15
1.062712726047226231e-15
1.062712726047226231e-15
2.685984105267567779e-15
1.062712726047226231e-15
1.062712726047226231e-15
1.062712726047226231e-15
1.062712726047226231e-15
1.062712726047226231e-15
1.062712726047226231e-15
1.062712726047226231e-15
1.062712726047226231e-15
1.062712726047226231e-15
1.062712726047226231e-15
1.062712726047226231e-15
1.062712726047226231e-15
1.062712726047226231e-15
1.062712726047226231e-15
1.062712726047226231e-15
1.062712726047226231e-15
1.062712726047226231e-15
1.062712726047226231e-15
1.062712726047226231e-15
1.062712726047226231e-15
1.062712726047226231e-15
1.062712726047226231e-15
1.062712726047226231e-15
1.062712726047226231e-15
1.062712726047226231e-15
1.062712726047226231e-15
1.062712726047226231e-15
1.062712726047226231e-15
1.062712726047226231e-15
1.062712726047226231e-15
1.062712726047226231e-15
1.062712726047226231e-15
1.062712726047226231e-15
1.062712726047226231e-15
1.062712726047226231e-15
1.062712726047226231e-15
1.062712726047226231e-15
1.062712726047226231e-15
1.062712726047226231e-15
1.062712726047226231e-15
1.062712726047226231e-15
1.062712726047226231e-15
2.095442522423904731e-10
