9.999999999488704550e-01
9.999999999488704550e-01
9.999999999488704550e-01
9.999999999488704550e-01
9.999999999488704550e-01
9.999999999488704550e-01
9.999999999488704550e-01
9.999999999488704550e-01
9.999999999488704550e-01
9.999999999488704550e-01
9.999999999488704550e-01
9.999999999488704550e-01
9.999999999488704550e-01
9.999999999488704550e-01
9.999999999488704550e-01
9.999999999488704550e-01
9.999999999488704550e-01
9.999999999488704550e-01
9.999999999488704550e-01
9.999999999488704550e-01
9.999999999488704550e-01
9.999999999488704550e-01
9.999999999488704550e-01
9.999999999488704550e-01
9.999999999488704550e-01
9.999999999488704550e-01
9.999999999488704550e-01
9.999999999488704550e-01
9.999999999488704550e-01
9.999999999488704550e-01
9.999999999488704550e-01
9.999999999488704550e-01
9.999999999488704550e-01
9.999999999488704550e-01
9.999999999488704550e-01
9.999999999488704550e-01
9.999999999488704550e-01
9.999999999488704550e-01
9.999999999488704550e-01
9.999999999488704550e-01
9.999999999488704550e-01
9.999999999488704550e-01
9.999999999488704550e-01
9.999999999488704550e-01
9.999999999488704550e-01
9.999999999488704550e-01
9.999999999488704550e-01
9.999999999488704550e-01
9.999999999488704550e-01
9.999999999488704550e-01
9.999999999488704550e-01
9.999999999488704550e-01
9.999999999488704550e-01
9.999999999488704550e-01
9.999999999488704550e-01
9.999999999488704550e-01
9.999999999488704550e-01
9.999999999488704550e-01
9.999999999488704550e-01
9.999999999488704550e-01
9.999999999488704550e-01
9.999999999488704550e-01
9.999999999488704550e-01
9.999999999488704550e-01
