2.691799238966265090e-18
2.691799238966265090e-18
2.691799238966265090e-18
2.691799238966265090e-18
2.691799238966265090e-18
2.691799238966265090e-18
2.691799238966265090e-18
2.691799238966265090e-18
2.691799238966265090e-18
2.691799238966265090e-18
2.691799238966265090e-18
2.691799238966265090e-18
2.691799238966265090e-18
2.691799238966265090e-18
2.691799238966265090e-18
2.691799238966265090e-18
2.691799238966265090e-18
2.691799238966265090e-18
2.691799238966265090e-18
2.691799238966265090e-18
2.691799238966265090e-18
2.691799238966265090e-18
2.691799238966265090e-18
2.691799238966265090e-18
2.691799238966265090e-18
2.691799238966265090e-18
2.691799238966265090e-18
2.691799238966265090e-18
2.691799238966265090e-18
2.691799238966265090e-18
2.691799238966265090e-18
2.691799238966265090e-18
2.691799238966265090e-18
2.691799238966265090e-18
2.691799238966265090e-18
2.691799238966265090e-18
2.691799238966265090e-18
2.691799238966265090e-18
2.691799238966265090e-18
2.691799238966265090e-18
2.691799238966265090e-18
2.691799238966265090e-18
2.691799238966265090e-18
2.691799238966265090e-18
2.691799238966265090e-18
2.691799238966265090e-18
2.691799238966265090e-18
4.663232205873288905e-01
2.691799238966265090e-18
2.691799238966265090e-18
2.691799238966265090e-18
2.691799238966265090e-18
2.691799238966265090e-18
2.691799238966265090e-18
2.691799238966265090e-18
2.691799238966265090e-18
2.691799238966265090e-18
2.691799238966265090e-18
2.691799238966265090e-18
2.691799238966265090e-18
2.691799238966265090e-18
2.691799238966265090e-18
2.691799238966265090e-18
2.691799238966265090e-18
