1.036984464830061045e-22
1.036984464830061045e-22
1.036984464830061045e-22
4.580155456492819299e-01
1.036984464830061045e-22
1.036984464830061045e-22
1.036984464830061045e-22
1.489250025758860063e-01
1.036984464830061045e-22
4.580155456492819299e-01
4.579851162640687923e-01
1.036984464830061045e-22
4.580155456492819299e-01
1.036984464830061045e-22
1.036984464830061045e-22
1.036984464830061045e-22
1.036984464830061045e-22
1.036984464830061045e-22
1.036984464830061045e-22
1.036984464830061045e-22
1.036984464830061045e-22
1.036984464830061045e-22
1.036984464830061045e-22
1.036984464830061045e-22
1.036984464830061045e-22
1.036984464830061045e-22
1.036984464830061045e-22
1.036984464830061045e-22
1.036984464830061045e-22
1.036984464830061045e-22
1.036984464830061045e-22
1.036984464830061045e-22
1.036984464830061045e-22
1.036984464830061045e-22
1.036984464830061045e-22
1.036984464830061045e-22
1.036984464830061045e-22
1.036984464830061045e-22
1.036984464830061045e-22
4.580155456492819299e-01
1.036984464830061045e-22
1.226936589133225031e-22
1.036984464830061045e-22
1.036984464830061045e-22
1.036984464830061045e-22
1.036984464830061045e-22
1.036984464830061045e-22
1.036984464830061045e-22
1.036984464830061045e-22
1.036984464830061045e-22
1.036984464830061045e-22
1.036984464830061045e-22
1.036984464830061045e-22
1.036984464830061045e-22
1.036984464830061045e-22
1.036984464830061045e-22
4.580155456492819299e-01
4.580155456492819299e-01
1.036984464830061045e-22
1.036984464830061045e-22
3.378715192813696033e-01
1.036984464830061045e-22
1.036984464830061045e-22
1.036984464830061045e-22
