9.999192941971303261e-01
9.999192941971303261e-01
9.999192941971303261e-01
8.605241638890694933e-01
9.999192941971303261e-01
9.999192941971303261e-01
9.999192941971303261e-01
9.999192941971303261e-01
9.999192941971303261e-01
6.232576239500782211e-01
9.999192941971303261e-01
9.999192941971303261e-01
9.999192941971303261e-01
9.999192941971303261e-01
9.953077031561033960e-01
9.999192941971303261e-01
9.999192941971303261e-01
9.999192941971303261e-01
9.999192941971303261e-01
5.077353729571555396e-01
9.999192941971303261e-01
9.999192941971303261e-01
9.999192941971303261e-01
5.077353729571555396e-01
9.999192941971303261e-01
9.999192941971303261e-01
9.999192941971303261e-01
9.999192941971303261e-01
9.999192941971303261e-01
9.999192941971303261e-01
9.999192941971303261e-01
9.999192941971303261e-01
9.999192941971303261e-01
5.077353729571555396e-01
9.999192941971303261e-01
9.999192941971303261e-01
9.999192941971303261e-01
5.077353729571555396e-01
9.999192941971303261e-01
9.998962084648772564e-01
9.999192941971303261e-01
9.999192941971303261e-01
5.077353729571555396e-01
9.999192941971303261e-01
9.999192941971303261e-01
9.999192941971303261e-01
5.077353729571555396e-01
9.999192941971303261e-01
9.999192941971303261e-01
9.999192941971303261e-01
9.999192941971303261e-01
9.999192941971303261e-01
9.999192941971303261e-01
9.999192941971303261e-01
9.999192941971303261e-01
9.999192941971303261e-01
5.077353729571555396e-01
9.935098417350901601e-01
9.999192941971303261e-01
9.999192941971303261e-01
9.999192941971303261e-01
9.999192941971303261e-01
9.999192941971303261e-01
9.999192941971303261e-01
