9.999999999997133404e-01
9.999999999997133404e-01
9.999999999997133404e-01
9.999999999997133404e-01
9.999999999997133404e-01
9.999999999997133404e-01
9.999999999997133404e-01
9.999999999997133404e-01
9.999999999997133404e-01
9.999999999997133404e-01
9.999999999997133404e-01
9.999999999997133404e-01
9.999999999997133404e-01
9.999999999997133404e-01
9.999999999997133404e-01
9.999999999997133404e-01
9.919765657427245253e-01
9.999999999997133404e-01
9.999999999997133404e-01
9.999999999997133404e-01
9.999999999997133404e-01
9.999999999997133404e-01
9.999999999997133404e-01
9.999999999997133404e-01
9.999999999997133404e-01
9.999999999997133404e-01
9.999999999997133404e-01
9.999999999997133404e-01
9.999999999997133404e-01
9.999999999997133404e-01
9.999999999997133404e-01
9.999999999997133404e-01
9.999999999997133404e-01
9.999999999997133404e-01
9.999999999997133404e-01
9.999999999997133404e-01
9.999999999997133404e-01
9.999999999997133404e-01
9.999999999997133404e-01
9.999999999997133404e-01
9.999999999997133404e-01
9.999999999997133404e-01
9.999999999997133404e-01
9.999999999997133404e-01
9.999999999997133404e-01
9.999999999997133404e-01
9.999999999997133404e-01
9.999999999997133404e-01
9.999999999997133404e-01
9.999999999997133404e-01
9.999999999997133404e-01
9.999999999997133404e-01
9.999999999997133404e-01
9.999999999997133404e-01
9.999999999997133404e-01
9.999999999997133404e-01
9.999999999997133404e-01
9.999999999997133404e-01
9.999999999997133404e-01
9.999999999997133404e-01
9.999999999997133404e-01
9.999999999997133404e-01
9.999999999997133404e-01
5.238066116092755520e-01
