9.156642127576684560e-23
9.156642127576684560e-23
9.156642127576684560e-23
9.156642127576684560e-23
9.156642127576684560e-23
9.156642127576684560e-23
9.156642127576684560e-23
9.156642127576684560e-23
9.156642127576684560e-23
9.156642127576684560e-23
9.156642127576684560e-23
9.156642127576684560e-23
9.156642127576684560e-23
9.156642127576684560e-23
9.156642127576684560e-23
9.156642127576684560e-23
9.156642127576684560e-23
9.156642127576684560e-23
9.156642127576684560e-23
9.156642127576684560e-23
9.156642127576684560e-23
9.156642127576684560e-23
9.156642127576684560e-23
9.156642127576684560e-23
9.156642127576684560e-23
9.156642127576684560e-23
9.156642127576684560e-23
9.156642127576684560e-23
9.156642127576684560e-23
9.156642127576684560e-23
9.156642127576684560e-23
9.156642127576684560e-23
9.156642127576684560e-23
9.156642127576684560e-23
9.156642127576684560e-23
9.156642127576684560e-23
9.156642127576684560e-23
9.156642127576684560e-23
9.156642127576684560e-23
9.156643510149415134e-23
9.156642127576684560e-23
9.156642127576684560e-23
9.156642127576684560e-23
9.156642127576684560e-23
9.156642127576684560e-23
9.156642127576684560e-23
9.156642127576684560e-23
9.156642127576684560e-23
9.156642127576684560e-23
9.156642127576684560e-23
9.156642127576684560e-23
9.156642127576684560e-23
9.156642127576684560e-23
9.156642127576684560e-23
9.156642127576684560e-23
9.156642127576684560e-23
9.156642127576684560e-23
9.156642127576684560e-23
9.156642127576684560e-23
9.156642127576684560e-23
9.156642127576684560e-23
9.156642127576684560e-23
9.156642127576684560e-23
9.156642127576684560e-23
