9.999999630239797543e-01
9.999999630239797543e-01
9.999999630239797543e-01
9.999999630239797543e-01
9.999999630239797543e-01
9.999999630239797543e-01
9.999999630239797543e-01
9.999999630239797543e-01
9.999999630239797543e-01
9.999999630239797543e-01
9.999999630239797543e-01
9.999999630239797543e-01
9.999999630239797543e-01
9.999999630239797543e-01
9.999999630239797543e-01
9.999999630239797543e-01
9.999999630239797543e-01
9.999999630239797543e-01
9.999999630239797543e-01
9.999999630239797543e-01
9.999999630239797543e-01
9.999999630239797543e-01
9.999999630239797543e-01
9.999999630239797543e-01
9.999999630239797543e-01
9.999999630239797543e-01
9.999999630239797543e-01
9.999999630239797543e-01
9.999999630239797543e-01
9.999999630239797543e-01
9.999999630239797543e-01
9.999999630239797543e-01
9.999999630239797543e-01
9.999999630239797543e-01
9.999999630239797543e-01
9.999999630239797543e-01
9.999999630239797543e-01
9.999999630239797543e-01
9.999999630239797543e-01
9.999999630239797543e-01
9.999999630239797543e-01
9.999999630239797543e-01
9.999999630239797543e-01
9.999999630239797543e-01
9.999999630239797543e-01
9.999999630239797543e-01
9.999999630239797543e-01
9.999999630239797543e-01
9.999999630239797543e-01
9.999999630239797543e-01
9.999999630239797543e-01
9.999999630239797543e-01
9.999999630239797543e-01
9.999999630239797543e-01
9.999999630239797543e-01
9.999999630239797543e-01
9.999999630239797543e-01
9.999999630239797543e-01
9.999999630239797543e-01
9.999999630239797543e-01
9.999999630239797543e-01
9.999999630239797543e-01
9.999999630239797543e-01
9.999999630239797543e-01
