9.999999999999951150e-01
9.999999999999951150e-01
9.999999999999951150e-01
9.999999999999951150e-01
9.999999999999951150e-01
9.999999999999951150e-01
9.999999999999951150e-01
9.999999999999951150e-01
9.999999999999951150e-01
9.999999999999951150e-01
9.999999999999951150e-01
9.999999999999951150e-01
9.999999999999951150e-01
9.999999999999951150e-01
9.999999999999951150e-01
9.999999999999951150e-01
9.999999999999951150e-01
9.999999999999951150e-01
9.999999999999951150e-01
9.999999999999951150e-01
9.999999999999951150e-01
9.999999999999951150e-01
9.999999999999951150e-01
9.999999999999951150e-01
9.999999999999951150e-01
9.999999999999951150e-01
9.999999999999951150e-01
9.999999999999951150e-01
9.999999999999951150e-01
9.999999999999951150e-01
9.999999999999951150e-01
9.999999999999951150e-01
9.999999999999951150e-01
9.999999999999951150e-01
9.999999999999951150e-01
9.999999999999951150e-01
9.999999999999951150e-01
9.999999999999951150e-01
9.999999999999951150e-01
9.999999999999951150e-01
9.999999999999951150e-01
9.999999999999951150e-01
9.999999999999951150e-01
9.999999999999951150e-01
9.999999999999951150e-01
9.999999999999951150e-01
9.999999999999951150e-01
9.999999999999951150e-01
9.999999999999951150e-01
9.999999999999951150e-01
9.999999999999951150e-01
9.999999999999951150e-01
9.999999999999951150e-01
9.999999999999951150e-01
9.999999999999951150e-01
9.999999999999951150e-01
9.999999999999951150e-01
9.999999999999951150e-01
9.999999999999951150e-01
9.999999999999951150e-01
9.999999999999951150e-01
9.999999999999951150e-01
9.999999999999951150e-01
9.999999999999951150e-01
