1.248087985632575766e-22
1.248087985632575766e-22
1.248087985632575766e-22
1.248087985632575766e-22
1.248087985632575766e-22
1.248087985632575766e-22
1.248087985632575766e-22
1.248087985632575766e-22
1.248087985632575766e-22
1.248087985632575766e-22
1.248087985632575766e-22
1.248087985632575766e-22
1.248087985632575766e-22
1.248087985632575766e-22
1.248087985632575766e-22
1.248087985632575766e-22
1.248087985632575766e-22
1.248087985632575766e-22
1.248087985632575766e-22
1.248087985632575766e-22
1.248087985632575766e-22
1.248087985632575766e-22
1.248087985632575766e-22
1.248087985632575766e-22
2.574261366356224592e-09
1.248087985632575766e-22
1.248087985632575766e-22
1.248087985632575766e-22
1.248087985632575766e-22
1.248087985632575766e-22
1.248087985632575766e-22
1.248087985632575766e-22
1.248087985632575766e-22
1.248087985632575766e-22
1.248087985632575766e-22
1.248087985632575766e-22
1.248087985632575766e-22
1.248087985632575766e-22
1.248087985632575766e-22
1.248087985632575766e-22
1.248087985632575766e-22
1.248087985632575766e-22
1.248087985632575766e-22
1.248087985632575766e-22
1.248087985632575766e-22
1.248087985632575766e-22
1.248087985632575766e-22
1.248087985632575766e-22
1.248087985632575766e-22
1.248087985632575766e-22
1.248087985632575766e-22
1.248087985632575766e-22
1.248087985632575766e-22
1.248087985632575766e-22
1.248087985632575766e-22
1.248087985632575766e-22
1.248087985632575766e-22
1.248087985632575766e-22
1.248087985632575766e-22
1.248087985632575766e-22
1.248087985632575766e-22
1.248087985632575766e-22
1.248087985632575766e-22
1.248087985632575766e-22
1.062712726047226231e-15
1.062712726047226231e-15
1.062712726047226231e-15
1.062712726047226231e-15
1.062712726047226231e-15
1.062712726047226231e-15
1.062712726047226231e-15
1.062712726047226231e-15
1.062712726047226231e-15
1.062712726047226231e-15
1.062712726047226231e-15
1.062712726047226231e-15
1.062712726047226231e-15
1.062712726047226231e-15
1.062712726047226231e-15
1.062712726047226231e-15
1.062712726047226231e-15
1.062712726047226231e-15
1.062712726047226231e-15
1.062712726047226231e-15
2.685984105267567779e-15
1.062712726047226231e-15
1.062712726047226231e-15
1.062712726047226231e-15
1.062712726047226231e-15
1.062712726047226231e-15
1.062712726047226231e-15
1.062712726047226231e-15
1.062712726047226231e-15
1.062712726047226231e-15
1.062712726047226231e-15
1.062712726047226231e-15
1.062712726047226231e-15
1.062712726047226231e-15
1.062712726047226231e-15
1.062712726047226231e-15
1.062712726047226231e-15
1.062712726047226231e-15
1.062712726047226231e-15
1.062712726047226231e-15
1.062712726047226231e-15
1.062712726047226231e-15
1.062712726047226231e-15
1.062712726047226231e-15
1.062712726047226231e-15
1.062712726047226231e-15
1.062712726047226231e-15
1.062712726047226231e-15
1.062712726047226231e-15
1.062712726047226231e-15
1.062712726047226231e-15
1.062712726047226231e-15
1.062712726047226231e-15
1.062712726047226231e-15
1.062712726047226231e-15
1.062712726047226231e-15
1.062712726047226231e-15
1.062712726047226231e-15
1.062712726047226231e-15
1.062712726047226231e-15
1.062712726047226231e-15
1.062712726047226231e-15
1.062712726047226231e-15
2.095442522423904731e-10
9.999999999488704550e-01
9.999999999488704550e-01
9.999999999488704550e-01
9.999999999488704550e-01
9.999999999488704550e-01
9.999999999488704550e-01
9.999999999488704550e-01
9.999999999488704550e-01
9.999999999488704550e-01
9.999999999488704550e-01
9.999999999488704550e-01
9.999999999488704550e-01
9.999999999488704550e-01
9.999999999488704550e-01
9.999999999488704550e-01
9.999999999488704550e-01
9.999999999488704550e-01
9.999999999488704550e-01
9.999999999488704550e-01
9.999999999488704550e-01
9.999999999488704550e-01
9.999999999488704550e-01
9.999999999488704550e-01
9.999999999488704550e-01
9.999999999488704550e-01
9.999999999488704550e-01
9.999999999488704550e-01
9.999999999488704550e-01
9.999999999488704550e-01
9.999999999488704550e-01
9.999999999488704550e-01
9.999999999488704550e-01
9.999999999488704550e-01
9.999999999488704550e-01
9.999999999488704550e-01
9.999999999488704550e-01
9.999999999488704550e-01
9.999999999488704550e-01
9.999999999488704550e-01
9.999999999488704550e-01
9.999999999488704550e-01
9.999999999488704550e-01
9.999999999488704550e-01
9.999999999488704550e-01
9.999999999488704550e-01
9.999999999488704550e-01
9.999999999488704550e-01
9.999999999488704550e-01
9.999999999488704550e-01
9.999999999488704550e-01
9.999999999488704550e-01
9.999999999488704550e-01
9.999999999488704550e-01
9.999999999488704550e-01
9.999999999488704550e-01
9.999999999488704550e-01
9.999999999488704550e-01
9.999999999488704550e-01
9.999999999488704550e-01
9.999999999488704550e-01
9.999999999488704550e-01
9.999999999488704550e-01
9.999999999488704550e-01
9.999999999488704550e-01
2.691799238966265090e-18
2.691799238966265090e-18
2.691799238966265090e-18
2.691799238966265090e-18
2.691799238966265090e-18
2.691799238966265090e-18
2.691799238966265090e-18
2.691799238966265090e-18
2.691799238966265090e-18
2.691799238966265090e-18
2.691799238966265090e-18
2.691799238966265090e-18
2.691799238966265090e-18
2.691799238966265090e-18
2.691799238966265090e-18
2.691799238966265090e-18
2.691799238966265090e-18
2.691799238966265090e-18
2.691799238966265090e-18
2.691799238966265090e-18
2.691799238966265090e-18
2.691799238966265090e-18
2.691799238966265090e-18
2.691799238966265090e-18
2.691799238966265090e-18
2.691799238966265090e-18
2.691799238966265090e-18
2.691799238966265090e-18
2.691799238966265090e-18
2.691799238966265090e-18
2.691799238966265090e-18
2.691799238966265090e-18
2.691799238966265090e-18
2.691799238966265090e-18
2.691799238966265090e-18
2.691799238966265090e-18
2.691799238966265090e-18
2.691799238966265090e-18
2.691799238966265090e-18
2.691799238966265090e-18
2.691799238966265090e-18
2.691799238966265090e-18
2.691799238966265090e-18
2.691799238966265090e-18
2.691799238966265090e-18
2.691799238966265090e-18
2.691799238966265090e-18
4.663232205873288905e-01
2.691799238966265090e-18
2.691799238966265090e-18
2.691799238966265090e-18
2.691799238966265090e-18
2.691799238966265090e-18
2.691799238966265090e-18
2.691799238966265090e-18
2.691799238966265090e-18
2.691799238966265090e-18
2.691799238966265090e-18
2.691799238966265090e-18
2.691799238966265090e-18
2.691799238966265090e-18
2.691799238966265090e-18
2.691799238966265090e-18
2.691799238966265090e-18
1.036984464830061045e-22
1.036984464830061045e-22
1.036984464830061045e-22
4.580155456492819299e-01
1.036984464830061045e-22
1.036984464830061045e-22
1.036984464830061045e-22
1.489250025758860063e-01
1.036984464830061045e-22
4.580155456492819299e-01
4.579851162640687923e-01
1.036984464830061045e-22
4.580155456492819299e-01
1.036984464830061045e-22
1.036984464830061045e-22
1.036984464830061045e-22
1.036984464830061045e-22
1.036984464830061045e-22
1.036984464830061045e-22
1.036984464830061045e-22
1.036984464830061045e-22
1.036984464830061045e-22
1.036984464830061045e-22
1.036984464830061045e-22
1.036984464830061045e-22
1.036984464830061045e-22
1.036984464830061045e-22
1.036984464830061045e-22
1.036984464830061045e-22
1.036984464830061045e-22
1.036984464830061045e-22
1.036984464830061045e-22
1.036984464830061045e-22
1.036984464830061045e-22
1.036984464830061045e-22
1.036984464830061045e-22
1.036984464830061045e-22
1.036984464830061045e-22
1.036984464830061045e-22
4.580155456492819299e-01
1.036984464830061045e-22
1.226936589133225031e-22
1.036984464830061045e-22
1.036984464830061045e-22
1.036984464830061045e-22
1.036984464830061045e-22
1.036984464830061045e-22
1.036984464830061045e-22
1.036984464830061045e-22
1.036984464830061045e-22
1.036984464830061045e-22
1.036984464830061045e-22
1.036984464830061045e-22
1.036984464830061045e-22
1.036984464830061045e-22
1.036984464830061045e-22
4.580155456492819299e-01
4.580155456492819299e-01
1.036984464830061045e-22
1.036984464830061045e-22
3.378715192813696033e-01
1.036984464830061045e-22
1.036984464830061045e-22
1.036984464830061045e-22
9.999192941971303261e-01
9.999192941971303261e-01
9.999192941971303261e-01
8.605241638890694933e-01
9.999192941971303261e-01
9.999192941971303261e-01
9.999192941971303261e-01
9.999192941971303261e-01
9.999192941971303261e-01
6.232576239500782211e-01
9.999192941971303261e-01
9.999192941971303261e-01
9.999192941971303261e-01
9.999192941971303261e-01
9.953077031561033960e-01
9.999192941971303261e-01
9.999192941971303261e-01
9.999192941971303261e-01
9.999192941971303261e-01
5.077353729571555396e-01
9.999192941971303261e-01
9.999192941971303261e-01
9.999192941971303261e-01
5.077353729571555396e-01
9.999192941971303261e-01
9.999192941971303261e-01
9.999192941971303261e-01
9.999192941971303261e-01
9.999192941971303261e-01
9.999192941971303261e-01
9.999192941971303261e-01
9.999192941971303261e-01
9.999192941971303261e-01
5.077353729571555396e-01
9.999192941971303261e-01
9.999192941971303261e-01
9.999192941971303261e-01
5.077353729571555396e-01
9.999192941971303261e-01
9.998962084648772564e-01
9.999192941971303261e-01
9.999192941971303261e-01
5.077353729571555396e-01
9.999192941971303261e-01
9.999192941971303261e-01
9.999192941971303261e-01
5.077353729571555396e-01
9.999192941971303261e-01
9.999192941971303261e-01
9.999192941971303261e-01
9.999192941971303261e-01
9.999192941971303261e-01
9.999192941971303261e-01
9.999192941971303261e-01
9.999192941971303261e-01
9.999192941971303261e-01
5.077353729571555396e-01
9.935098417350901601e-01
9.999192941971303261e-01
9.999192941971303261e-01
9.999192941971303261e-01
9.999192941971303261e-01
9.999192941971303261e-01
9.999192941971303261e-01
9.999999999997133404e-01
9.999999999997133404e-01
9.999999999997133404e-01
9.999999999997133404e-01
9.999999999997133404e-01
9.999999999997133404e-01
9.999999999997133404e-01
9.999999999997133404e-01
9.999999999997133404e-01
9.999999999997133404e-01
9.999999999997133404e-01
9.999999999997133404e-01
9.999999999997133404e-01
9.999999999997133404e-01
9.999999999997133404e-01
9.999999999997133404e-01
9.919765657427245253e-01
9.999999999997133404e-01
9.999999999997133404e-01
9.999999999997133404e-01
9.999999999997133404e-01
9.999999999997133404e-01
9.999999999997133404e-01
9.999999999997133404e-01
9.999999999997133404e-01
9.999999999997133404e-01
9.999999999997133404e-01
9.999999999997133404e-01
9.999999999997133404e-01
9.999999999997133404e-01
9.999999999997133404e-01
9.999999999997133404e-01
9.999999999997133404e-01
9.999999999997133404e-01
9.999999999997133404e-01
9.999999999997133404e-01
9.999999999997133404e-01
9.999999999997133404e-01
9.999999999997133404e-01
9.999999999997133404e-01
9.999999999997133404e-01
9.999999999997133404e-01
9.999999999997133404e-01
9.999999999997133404e-01
9.999999999997133404e-01
9.999999999997133404e-01
9.999999999997133404e-01
9.999999999997133404e-01
9.999999999997133404e-01
9.999999999997133404e-01
9.999999999997133404e-01
9.999999999997133404e-01
9.999999999997133404e-01
9.999999999997133404e-01
9.999999999997133404e-01
9.999999999997133404e-01
9.999999999997133404e-01
9.999999999997133404e-01
9.999999999997133404e-01
9.999999999997133404e-01
9.999999999997133404e-01
9.999999999997133404e-01
9.999999999997133404e-01
5.238066116092755520e-01
9.156642127576684560e-23
9.156642127576684560e-23
9.156642127576684560e-23
9.156642127576684560e-23
9.156642127576684560e-23
9.156642127576684560e-23
9.156642127576684560e-23
9.156642127576684560e-23
9.156642127576684560e-23
9.156642127576684560e-23
9.156642127576684560e-23
9.156642127576684560e-23
9.156642127576684560e-23
9.156642127576684560e-23
9.156642127576684560e-23
9.156642127576684560e-23
9.156642127576684560e-23
9.156642127576684560e-23
9.156642127576684560e-23
9.156642127576684560e-23
9.156642127576684560e-23
9.156642127576684560e-23
9.156642127576684560e-23
9.156642127576684560e-23
9.156642127576684560e-23
9.156642127576684560e-23
9.156642127576684560e-23
9.156642127576684560e-23
9.156642127576684560e-23
9.156642127576684560e-23
9.156642127576684560e-23
9.156642127576684560e-23
9.156642127576684560e-23
9.156642127576684560e-23
9.156642127576684560e-23
9.156642127576684560e-23
9.156642127576684560e-23
9.156642127576684560e-23
9.156642127576684560e-23
9.156643510149415134e-23
9.156642127576684560e-23
9.156642127576684560e-23
9.156642127576684560e-23
9.156642127576684560e-23
9.156642127576684560e-23
9.156642127576684560e-23
9.156642127576684560e-23
9.156642127576684560e-23
9.156642127576684560e-23
9.156642127576684560e-23
9.156642127576684560e-23
9.156642127576684560e-23
9.156642127576684560e-23
9.156642127576684560e-23
9.156642127576684560e-23
9.156642127576684560e-23
9.156642127576684560e-23
9.156642127576684560e-23
9.156642127576684560e-23
9.156642127576684560e-23
9.156642127576684560e-23
9.156642127576684560e-23
9.156642127576684560e-23
9.156642127576684560e-23
9.999999630239797543e-01
9.999999630239797543e-01
9.999999630239797543e-01
9.999999630239797543e-01
9.999999630239797543e-01
9.999999630239797543e-01
9.999999630239797543e-01
9.999999630239797543e-01
9.999999630239797543e-01
9.999999630239797543e-01
9.999999630239797543e-01
9.999999630239797543e-01
9.999999630239797543e-01
9.999999630239797543e-01
9.999999630239797543e-01
9.999999630239797543e-01
9.999999630239797543e-01
9.999999630239797543e-01
9.999999630239797543e-01
9.999999630239797543e-01
9.999999630239797543e-01
9.999999630239797543e-01
9.999999630239797543e-01
9.999999630239797543e-01
9.999999630239797543e-01
9.999999630239797543e-01
9.999999630239797543e-01
9.999999630239797543e-01
9.999999630239797543e-01
9.999999630239797543e-01
9.999999630239797543e-01
9.999999630239797543e-01
9.999999630239797543e-01
9.999999630239797543e-01
9.999999630239797543e-01
9.999999630239797543e-01
9.999999630239797543e-01
9.999999630239797543e-01
9.999999630239797543e-01
9.999999630239797543e-01
9.999999630239797543e-01
9.999999630239797543e-01
9.999999630239797543e-01
9.999999630239797543e-01
9.999999630239797543e-01
9.999999630239797543e-01
9.999999630239797543e-01
9.999999630239797543e-01
9.999999630239797543e-01
9.999999630239797543e-01
9.999999630239797543e-01
9.999999630239797543e-01
9.999999630239797543e-01
9.999999630239797543e-01
9.999999630239797543e-01
9.999999630239797543e-01
9.999999630239797543e-01
9.999999630239797543e-01
9.999999630239797543e-01
9.999999630239797543e-01
9.999999630239797543e-01
9.999999630239797543e-01
9.999999630239797543e-01
9.999999630239797543e-01
9.999999999999951150e-01
9.999999999999951150e-01
9.999999999999951150e-01
9.999999999999951150e-01
9.999999999999951150e-01
9.999999999999951150e-01
9.999999999999951150e-01
9.999999999999951150e-01
9.999999999999951150e-01
9.999999999999951150e-01
9.999999999999951150e-01
9.999999999999951150e-01
9.999999999999951150e-01
9.999999999999951150e-01
9.999999999999951150e-01
9.999999999999951150e-01
9.999999999999951150e-01
9.999999999999951150e-01
9.999999999999951150e-01
9.999999999999951150e-01
9.999999999999951150e-01
9.999999999999951150e-01
9.999999999999951150e-01
9.999999999999951150e-01
9.999999999999951150e-01
9.999999999999951150e-01
9.999999999999951150e-01
9.999999999999951150e-01
9.999999999999951150e-01
9.999999999999951150e-01
9.999999999999951150e-01
9.999999999999951150e-01
9.999999999999951150e-01
9.999999999999951150e-01
9.999999999999951150e-01
9.999999999999951150e-01
9.999999999999951150e-01
9.999999999999951150e-01
9.999999999999951150e-01
9.999999999999951150e-01
9.999999999999951150e-01
9.999999999999951150e-01
9.999999999999951150e-01
9.999999999999951150e-01
9.999999999999951150e-01
9.999999999999951150e-01
9.999999999999951150e-01
9.999999999999951150e-01
9.999999999999951150e-01
9.999999999999951150e-01
9.999999999999951150e-01
9.999999999999951150e-01
9.999999999999951150e-01
9.999999999999951150e-01
9.999999999999951150e-01
9.999999999999951150e-01
9.999999999999951150e-01
9.999999999999951150e-01
9.999999999999951150e-01
9.999999999999951150e-01
9.999999999999951150e-01
9.999999999999951150e-01
9.999999999999951150e-01
9.999999999999951150e-01
