1.000000000000000000e+00
1.000000000000000000e+00
1.000000000000000000e+00
1.544414068092948646e-37
3.060606056920205163e-33
1.000000000000000000e+00
1.000000000000000000e+00
1.000000000000000000e+00
1.000000000000000000e+00
3.562018292101744208e-48
1.000000000000000000e+00
1.000000000000000000e+00
1.000000000000000000e+00
1.000000000000000000e+00
1.000000000000000000e+00
1.000000000000000000e+00
2.429260449081741530e-54
2.341853067648627249e-52
1.000000000000000000e+00
1.577133099455377454e-49
1.000000000000000000e+00
2.876319061479702820e-39
1.000000000000000000e+00
1.864070942405042928e-19
1.000000000000000000e+00
1.448272872150981465e-59
1.000000000000000000e+00
1.000000000000000000e+00
1.000000000000000000e+00
7.556623787571495450e-06
1.000000000000000000e+00
2.358210659193795768e-53
1.000000000000000000e+00
1.000000000000000000e+00
1.000000000000000000e+00
2.766567182020198749e-30
1.000000000000000000e+00
1.000000000000000000e+00
1.000000000000000000e+00
1.000000000000000000e+00
1.000000000000000000e+00
1.000000000000000000e+00
3.907035030035963159e-60
1.000000000000000000e+00
1.000000000000000000e+00
1.057144881777004753e-55
1.000000000000000000e+00
1.000000000000000000e+00
1.000000000000000000e+00
1.000000000000000000e+00
1.000000000000000000e+00
1.032083766820709135e-70
1.000000000000000000e+00
1.000000000000000000e+00
1.000000000000000000e+00
2.903462507791322632e-24
7.008792987827762582e-59
1.000000000000000000e+00
1.000000000000000000e+00
1.000000000000000000e+00
1.000000000000000000e+00
1.000000000000000000e+00
1.549857280359196827e-56
1.000000000000000000e+00
