1.000000000000000000e+00
1.000000000000000000e+00
1.000000000000000000e+00
1.473055354805906936e-01
1.000000000000000000e+00
8.780092129539098296e-07
2.499319040926857609e-43
1.000000000000000000e+00
4.922811922692323749e-27
1.000000000000000000e+00
1.000000000000000000e+00
1.000000000000000000e+00
1.000000000000000000e+00
1.000000000000000000e+00
1.000000000000000000e+00
9.999999999998561151e-01
1.000000000000000000e+00
9.999999998538227075e-01
1.000000000000000000e+00
1.000000000000000000e+00
1.000000000000000000e+00
1.000000000000000000e+00
5.587293486378590133e-32
1.000000000000000000e+00
1.000000000000000000e+00
1.000000000000000000e+00
1.000000000000000000e+00
4.803714479524638319e-30
2.781415607883493406e-29
1.000000000000000000e+00
5.424617438676471084e-04
1.000000000000000000e+00
1.000000000000000000e+00
1.000000000000000000e+00
9.999999660836218496e-01
2.335106574354499488e-32
1.000000000000000000e+00
1.000000000000000000e+00
9.999999996747872544e-01
9.999968728976720289e-01
5.790325108517602108e-32
1.000000000000000000e+00
1.000000000000000000e+00
1.000000000000000000e+00
1.000000000000000000e+00
1.000000000000000000e+00
1.000000000000000000e+00
1.000000000000000000e+00
1.000000000000000000e+00
1.000000000000000000e+00
7.493225133720721187e-01
1.000000000000000000e+00
1.000000000000000000e+00
9.999999992197874388e-01
1.000000000000000000e+00
1.000000000000000000e+00
1.000000000000000000e+00
1.000000000000000000e+00
1.000000000000000000e+00
1.000000000000000000e+00
1.000000000000000000e+00
1.000000000000000000e+00
9.970903032424501822e-01
1.000000000000000000e+00
