9.921561695408294135e-01
9.945462900868176082e-01
9.975552242566964045e-01
8.430250892201732738e-01
8.124114762495063813e-01
9.251608679018218373e-01
1.000000000000000000e+00
9.970017008137218584e-01
8.610815446314248334e-01
9.515469120722440666e-01
1.000000000000000000e+00
8.951050731490379775e-01
9.310195335356649116e-01
1.000000000000000000e+00
1.000000000000000000e+00
1.000000000000000000e+00
1.162982422905999152e-01
1.000000000000000000e+00
1.000000000000000000e+00
9.868885226351167272e-01
1.000000000000000000e+00
1.000000000000000000e+00
1.000000000000000000e+00
9.312769170486739911e-01
8.951050731491336787e-01
1.000000000000000000e+00
9.914764518107275215e-01
1.000000000000000000e+00
1.000000000000000000e+00
1.000000000000000000e+00
1.000000000000000000e+00
1.000000000000000000e+00
1.000000000000000000e+00
1.000000000000000000e+00
1.701815096707909559e-06
7.664138348990376672e-22
9.999999999999680256e-01
1.000000000000000000e+00
2.239806402290694942e-01
1.000000000000000000e+00
1.000000000000000000e+00
9.515469903939880458e-01
8.429353739094672671e-01
9.990108648768165622e-01
9.513162942389489229e-01
9.780962072739011193e-01
3.500522660913959160e-07
1.000000000000000000e+00
9.509879671431682446e-01
2.837722784167400487e-16
1.321359205421192574e-11
1.000000000000000000e+00
1.000000000000000000e+00
1.000000000000000000e+00
1.906721749019948586e-14
8.951050731490379775e-01
9.711842486363244653e-01
9.977597961287185679e-01
1.000000000000000000e+00
4.794845761008108553e-01
1.000000000000000000e+00
1.000000000000000000e+00
8.951051803847458466e-01
9.948770442218777266e-01
