8.813453075062291123e-16
4.706948148557688755e-02
9.999999997506241467e-01
1.000000000000000000e+00
9.999998585029450382e-01
1.000000000000000000e+00
1.000000000000000000e+00
2.012618580184427007e-10
1.000000000000000000e+00
4.409142855079428799e-15
9.999990097313168347e-01
1.000000000000000000e+00
1.000000000000000000e+00
9.916605313326438687e-01
1.000000000000000000e+00
1.000000000000000000e+00
1.000000000000000000e+00
9.999999999453732524e-01
1.000000000000000000e+00
1.000000000000000000e+00
1.000000000000000000e+00
1.000000000000000000e+00
9.977016067289732337e-01
1.000000000000000000e+00
1.000000000000000000e+00
9.994519246630785281e-01
1.000000000000000000e+00
9.999999931023701993e-01
9.999999107786221586e-01
3.815144364836135341e-10
1.000000000000000000e+00
1.000000000000000000e+00
8.375789615455054779e-03
9.999999998812891810e-01
1.000000000000000000e+00
9.143878438629705618e-01
9.999999999999780176e-01
1.000000000000000000e+00
7.624714420370130030e-01
1.000000000000000000e+00
1.000000000000000000e+00
1.000000000000000000e+00
1.000000000000000000e+00
2.029822749690579158e-21
9.999999999999997780e-01
5.675516190790717667e-04
1.000000000000000000e+00
1.909949651294948334e-22
1.000000000000000000e+00
1.258254713267295270e-11
1.000000000000000000e+00
1.000000000000000000e+00
1.000000000000000000e+00
9.999710876098772960e-01
3.299534252913789917e-40
1.000000000000000000e+00
9.999999999999993339e-01
1.000000000000000000e+00
3.246159698884927829e-05
9.999999975384521456e-01
9.999999999993307576e-01
1.000000000000000000e+00
9.999994574397365055e-01
9.998678580868046728e-01
