3.393029893594501477e-43
1.000000000000000000e+00
1.276069402844948517e-15
1.000000000000000000e+00
9.111684937150302258e-33
9.999984141355792167e-01
4.999886850852827546e-11
8.776576742462999539e-36
1.000000000000000000e+00
9.996235266663134889e-01
1.000000000000000000e+00
1.000000000000000000e+00
1.000000000000000000e+00
2.910177103660065593e-18
1.000000000000000000e+00
3.474471458066288060e-38
3.191172201037189016e-01
6.026600461452186750e-05
7.516483732245010460e-12
5.952266236238602042e-11
1.000000000000000000e+00
6.059046978954486392e-28
1.000000000000000000e+00
6.864620309436930037e-48
6.552542823492107906e-46
1.000000000000000000e+00
1.200531350410510274e-47
1.000000000000000000e+00
3.673539060132633927e-09
1.000000000000000000e+00
1.000000000000000000e+00
1.000000000000000000e+00
6.885150437349437096e-45
9.999999998957456171e-01
4.092695187751710722e-48
1.000000000000000000e+00
9.165807327136959916e-49
1.661009686801373503e-47
1.000000000000000000e+00
1.000000000000000000e+00
6.111213104525753450e-47
9.999999999480013724e-01
1.000000000000000000e+00
1.000000000000000000e+00
1.000000000000000000e+00
3.583965725506461485e-03
9.285172427419339236e-01
8.702274650706951498e-01
1.000000000000000000e+00
2.065294113659970671e-28
5.405487942981719579e-44
6.003684355880665033e-49
1.000000000000000000e+00
1.000000000000000000e+00
9.999999965793580081e-01
1.000000000000000000e+00
9.999999999000115380e-01
2.234349461299393082e-44
4.329719122976772441e-47
9.999999992438874941e-01
9.999999999011677243e-01
1.000000000000000000e+00
1.000000000000000000e+00
1.000000000000000000e+00
