1.000000000000000000e+00
9.999999999999618083e-01
1.000000000000000000e+00
7.444955388959280433e-23
4.834057169897217031e-35
9.052927238808242372e-49
1.173277131577585438e-50
2.911878495255672423e-10
2.670379611250846415e-57
1.830365305925000131e-37
1.000000000000000000e+00
9.999999999819069174e-01
1.000000000000000000e+00
4.223067322083825430e-58
1.000000000000000000e+00
1.000000000000000000e+00
4.050250635990719709e-11
2.598049146389123386e-56
1.398923508013399708e-46
1.000000000000000000e+00
1.000000000000000000e+00
1.000000000000000000e+00
1.000000000000000000e+00
1.000000000000000000e+00
1.000000000000000000e+00
1.116419942483610134e-43
1.722939136882174865e-55
3.960474425979618287e-34
1.018669419038114209e-26
3.281721845106732702e-23
1.993737493352531829e-17
1.000000000000000000e+00
6.706562090406047027e-40
1.000000000000000000e+00
1.000000000000000000e+00
1.000000000000000000e+00
1.795952533301954272e-45
1.000000000000000000e+00
1.000000000000000000e+00
1.000000000000000000e+00
3.070532173991251526e-52
1.000000000000000000e+00
1.627753253680932068e-50
1.970716640380687280e-51
1.903258550324187929e-07
1.000000000000000000e+00
7.299433054017338457e-52
1.000000000000000000e+00
9.999999999999797939e-01
1.000000000000000000e+00
1.000000000000000000e+00
9.999998653907905544e-01
9.999999999996942446e-01
1.000000000000000000e+00
1.000000000000000000e+00
4.906215408878468334e-58
1.000000000000000000e+00
1.000000000000000000e+00
2.785123243960617053e-06
1.000000000000000000e+00
1.957078227027801472e-57
9.999999999999797939e-01
2.390486298617699390e-57
1.614411653300149088e-43
3.128088513025404589e-27
