1.000000000000000000e+00
1.000000000000000000e+00
1.000000000000000000e+00
1.544414068092948646e-37
3.060606056920205163e-33
1.000000000000000000e+00
1.000000000000000000e+00
1.000000000000000000e+00
1.000000000000000000e+00
3.562018292101744208e-48
1.000000000000000000e+00
1.000000000000000000e+00
1.000000000000000000e+00
1.000000000000000000e+00
1.000000000000000000e+00
1.000000000000000000e+00
2.429260449081741530e-54
2.341853067648627249e-52
1.000000000000000000e+00
1.577133099455377454e-49
1.000000000000000000e+00
2.876319061479702820e-39
1.000000000000000000e+00
1.864070942405042928e-19
1.000000000000000000e+00
1.448272872150981465e-59
1.000000000000000000e+00
1.000000000000000000e+00
1.000000000000000000e+00
7.556623787571495450e-06
1.000000000000000000e+00
2.358210659193795768e-53
1.000000000000000000e+00
1.000000000000000000e+00
1.000000000000000000e+00
2.766567182020198749e-30
1.000000000000000000e+00
1.000000000000000000e+00
1.000000000000000000e+00
1.000000000000000000e+00
1.000000000000000000e+00
1.000000000000000000e+00
3.907035030035963159e-60
1.000000000000000000e+00
1.000000000000000000e+00
1.057144881777004753e-55
1.000000000000000000e+00
1.000000000000000000e+00
1.000000000000000000e+00
1.000000000000000000e+00
1.000000000000000000e+00
1.032083766820709135e-70
1.000000000000000000e+00
1.000000000000000000e+00
1.000000000000000000e+00
2.903462507791322632e-24
7.008792987827762582e-59
1.000000000000000000e+00
1.000000000000000000e+00
1.000000000000000000e+00
1.000000000000000000e+00
1.000000000000000000e+00
1.549857280359196827e-56
1.000000000000000000e+00
1.000000000000000000e+00
1.000000000000000000e+00
1.000000000000000000e+00
1.473055354805906936e-01
1.000000000000000000e+00
8.780092129539098296e-07
2.499319040926857609e-43
1.000000000000000000e+00
4.922811922692323749e-27
1.000000000000000000e+00
1.000000000000000000e+00
1.000000000000000000e+00
1.000000000000000000e+00
1.000000000000000000e+00
1.000000000000000000e+00
9.999999999998561151e-01
1.000000000000000000e+00
9.999999998538227075e-01
1.000000000000000000e+00
1.000000000000000000e+00
1.000000000000000000e+00
1.000000000000000000e+00
5.587293486378590133e-32
1.000000000000000000e+00
1.000000000000000000e+00
1.000000000000000000e+00
1.000000000000000000e+00
4.803714479524638319e-30
2.781415607883493406e-29
1.000000000000000000e+00
5.424617438676471084e-04
1.000000000000000000e+00
1.000000000000000000e+00
1.000000000000000000e+00
9.999999660836218496e-01
2.335106574354499488e-32
1.000000000000000000e+00
1.000000000000000000e+00
9.999999996747872544e-01
9.999968728976720289e-01
5.790325108517602108e-32
1.000000000000000000e+00
1.000000000000000000e+00
1.000000000000000000e+00
1.000000000000000000e+00
1.000000000000000000e+00
1.000000000000000000e+00
1.000000000000000000e+00
1.000000000000000000e+00
1.000000000000000000e+00
7.493225133720721187e-01
1.000000000000000000e+00
1.000000000000000000e+00
9.999999992197874388e-01
1.000000000000000000e+00
1.000000000000000000e+00
1.000000000000000000e+00
1.000000000000000000e+00
1.000000000000000000e+00
1.000000000000000000e+00
1.000000000000000000e+00
1.000000000000000000e+00
9.970903032424501822e-01
1.000000000000000000e+00
1.000000000000000000e+00
1.000000000000000000e+00
9.999999999515596372e-01
1.000000000000000000e+00
4.303029397535245522e-51
1.000000000000000000e+00
1.000000000000000000e+00
1.000000000000000000e+00
1.000000000000000000e+00
1.000000000000000000e+00
1.000000000000000000e+00
1.000000000000000000e+00
1.000000000000000000e+00
1.447761127600398478e-19
1.000000000000000000e+00
1.000000000000000000e+00
1.000000000000000000e+00
1.000000000000000000e+00
1.000000000000000000e+00
1.000000000000000000e+00
1.000000000000000000e+00
1.000000000000000000e+00
1.000000000000000000e+00
1.000000000000000000e+00
1.000000000000000000e+00
1.000000000000000000e+00
1.000000000000000000e+00
1.000000000000000000e+00
1.000000000000000000e+00
3.742496479878647148e-40
1.000000000000000000e+00
1.000000000000000000e+00
1.000000000000000000e+00
1.000000000000000000e+00
1.000000000000000000e+00
1.000000000000000000e+00
1.000000000000000000e+00
1.000000000000000000e+00
3.728551066051919577e-02
1.000000000000000000e+00
1.000000000000000000e+00
1.000000000000000000e+00
1.000000000000000000e+00
1.000000000000000000e+00
3.459931846830793635e-12
1.000000000000000000e+00
1.000000000000000000e+00
1.000000000000000000e+00
2.032938948805891432e-07
7.683557701975571735e-28
1.000000000000000000e+00
1.000000000000000000e+00
1.000000000000000000e+00
1.000000000000000000e+00
1.000000000000000000e+00
1.000000000000000000e+00
1.000000000000000000e+00
1.000000000000000000e+00
1.000000000000000000e+00
1.000000000000000000e+00
1.000000000000000000e+00
1.000000000000000000e+00
1.000000000000000000e+00
9.704980349234597625e-01
1.000000000000000000e+00
1.000000000000000000e+00
1.000000000000000000e+00
1.000000000000000000e+00
1.000000000000000000e+00
1.000000000000000000e+00
1.000000000000000000e+00
1.000000000000000000e+00
1.000000000000000000e+00
1.000000000000000000e+00
1.000000000000000000e+00
1.385656934867709310e-10
1.000000000000000000e+00
1.571232392623922100e-02
1.000000000000000000e+00
1.000000000000000000e+00
1.000000000000000000e+00
1.000000000000000000e+00
1.000000000000000000e+00
9.997701376822347719e-01
1.000000000000000000e+00
1.000000000000000000e+00
9.999999974640074729e-01
1.000000000000000000e+00
1.000000000000000000e+00
1.000000000000000000e+00
1.000000000000000000e+00
1.000000000000000000e+00
1.000000000000000000e+00
1.336096608092735082e-11
1.000000000000000000e+00
1.000000000000000000e+00
1.000000000000000000e+00
1.000000000000000000e+00
1.000000000000000000e+00
1.000000000000000000e+00
1.000000000000000000e+00
1.000000000000000000e+00
1.000000000000000000e+00
1.000000000000000000e+00
1.000000000000000000e+00
1.000000000000000000e+00
9.765045025007742518e-01
1.000000000000000000e+00
1.000000000000000000e+00
1.000000000000000000e+00
1.000000000000000000e+00
1.000000000000000000e+00
1.000000000000000000e+00
1.000000000000000000e+00
1.000000000000000000e+00
1.000000000000000000e+00
3.290584316476246453e-07
1.000000000000000000e+00
1.000000000000000000e+00
1.000000000000000000e+00
1.000000000000000000e+00
1.000000000000000000e+00
1.000000000000000000e+00
1.000000000000000000e+00
1.000000000000000000e+00
1.000000000000000000e+00
1.000000000000000000e+00
1.000000000000000000e+00
1.000000000000000000e+00
1.000000000000000000e+00
1.000000000000000000e+00
1.000000000000000000e+00
1.000000000000000000e+00
1.205268784893065013e-05
1.000000000000000000e+00
1.000000000000000000e+00
1.000000000000000000e+00
1.000000000000000000e+00
1.000000000000000000e+00
1.000000000000000000e+00
1.000000000000000000e+00
1.000000000000000000e+00
1.000000000000000000e+00
1.000000000000000000e+00
1.000000000000000000e+00
1.000000000000000000e+00
1.000000000000000000e+00
1.000000000000000000e+00
1.535671454251646018e-04
1.000000000000000000e+00
1.000000000000000000e+00
1.000000000000000000e+00
1.000000000000000000e+00
1.478509014669868846e-25
1.000000000000000000e+00
1.000000000000000000e+00
1.000000000000000000e+00
1.000000000000000000e+00
1.000000000000000000e+00
1.000000000000000000e+00
1.000000000000000000e+00
1.000000000000000000e+00
3.968638334398551931e-02
1.000000000000000000e+00
1.000000000000000000e+00
1.000000000000000000e+00
1.000000000000000000e+00
1.000000000000000000e+00
1.000000000000000000e+00
1.000000000000000000e+00
1.000000000000000000e+00
1.000000000000000000e+00
1.000000000000000000e+00
1.000000000000000000e+00
9.418805555543179331e-01
1.000000000000000000e+00
1.000000000000000000e+00
1.000000000000000000e+00
1.000000000000000000e+00
1.000000000000000000e+00
1.000000000000000000e+00
1.000000000000000000e+00
1.000000000000000000e+00
1.000000000000000000e+00
1.000000000000000000e+00
1.000000000000000000e+00
1.000000000000000000e+00
1.007740185767313085e-01
1.000000000000000000e+00
1.000000000000000000e+00
9.999999999999991118e-01
1.000000000000000000e+00
1.000000000000000000e+00
1.000000000000000000e+00
1.000000000000000000e+00
3.010403705743180306e-08
1.000000000000000000e+00
1.000000000000000000e+00
1.000000000000000000e+00
1.000000000000000000e+00
9.999999998130186807e-01
1.000000000000000000e+00
1.000000000000000000e+00
1.000000000000000000e+00
1.000000000000000000e+00
1.000000000000000000e+00
1.000000000000000000e+00
1.000000000000000000e+00
1.000000000000000000e+00
1.000000000000000000e+00
9.999999823619266648e-01
9.999998815175075162e-01
1.000000000000000000e+00
1.000000000000000000e+00
1.000000000000000000e+00
1.000000000000000000e+00
1.000000000000000000e+00
1.000000000000000000e+00
1.000000000000000000e+00
1.000000000000000000e+00
1.000000000000000000e+00
5.258720033153504482e-11
1.000000000000000000e+00
1.000000000000000000e+00
1.000000000000000000e+00
1.000000000000000000e+00
1.000000000000000000e+00
1.000000000000000000e+00
1.000000000000000000e+00
1.000000000000000000e+00
1.000000000000000000e+00
1.000000000000000000e+00
1.000000000000000000e+00
1.000000000000000000e+00
6.695635909433141075e-02
9.999984483414938730e-01
1.000000000000000000e+00
1.000000000000000000e+00
1.000000000000000000e+00
1.000000000000000000e+00
1.000000000000000000e+00
1.000000000000000000e+00
1.000000000000000000e+00
1.000000000000000000e+00
1.000000000000000000e+00
9.999999812652619058e-01
1.000000000000000000e+00
1.000000000000000000e+00
1.000000000000000000e+00
1.000000000000000000e+00
1.023207628042624461e-04
1.000000000000000000e+00
1.000000000000000000e+00
1.239049395080395244e-23
1.000000000000000000e+00
1.000000000000000000e+00
9.921561695408294135e-01
9.945462900868176082e-01
9.975552242566964045e-01
8.430250892201732738e-01
8.124114762495063813e-01
9.251608679018218373e-01
1.000000000000000000e+00
9.970017008137218584e-01
8.610815446314248334e-01
9.515469120722440666e-01
1.000000000000000000e+00
8.951050731490379775e-01
9.310195335356649116e-01
1.000000000000000000e+00
1.000000000000000000e+00
1.000000000000000000e+00
1.162982422905999152e-01
1.000000000000000000e+00
1.000000000000000000e+00
9.868885226351167272e-01
1.000000000000000000e+00
1.000000000000000000e+00
1.000000000000000000e+00
9.312769170486739911e-01
8.951050731491336787e-01
1.000000000000000000e+00
9.914764518107275215e-01
1.000000000000000000e+00
1.000000000000000000e+00
1.000000000000000000e+00
1.000000000000000000e+00
1.000000000000000000e+00
1.000000000000000000e+00
1.000000000000000000e+00
1.701815096707909559e-06
7.664138348990376672e-22
9.999999999999680256e-01
1.000000000000000000e+00
2.239806402290694942e-01
1.000000000000000000e+00
1.000000000000000000e+00
9.515469903939880458e-01
8.429353739094672671e-01
9.990108648768165622e-01
9.513162942389489229e-01
9.780962072739011193e-01
3.500522660913959160e-07
1.000000000000000000e+00
9.509879671431682446e-01
2.837722784167400487e-16
1.321359205421192574e-11
1.000000000000000000e+00
1.000000000000000000e+00
1.000000000000000000e+00
1.906721749019948586e-14
8.951050731490379775e-01
9.711842486363244653e-01
9.977597961287185679e-01
1.000000000000000000e+00
4.794845761008108553e-01
1.000000000000000000e+00
1.000000000000000000e+00
8.951051803847458466e-01
9.948770442218777266e-01
8.813453075062291123e-16
4.706948148557688755e-02
9.999999997506241467e-01
1.000000000000000000e+00
9.999998585029450382e-01
1.000000000000000000e+00
1.000000000000000000e+00
2.012618580184427007e-10
1.000000000000000000e+00
4.409142855079428799e-15
9.999990097313168347e-01
1.000000000000000000e+00
1.000000000000000000e+00
9.916605313326438687e-01
1.000000000000000000e+00
1.000000000000000000e+00
1.000000000000000000e+00
9.999999999453732524e-01
1.000000000000000000e+00
1.000000000000000000e+00
1.000000000000000000e+00
1.000000000000000000e+00
9.977016067289732337e-01
1.000000000000000000e+00
1.000000000000000000e+00
9.994519246630785281e-01
1.000000000000000000e+00
9.999999931023701993e-01
9.999999107786221586e-01
3.815144364836135341e-10
1.000000000000000000e+00
1.000000000000000000e+00
8.375789615455054779e-03
9.999999998812891810e-01
1.000000000000000000e+00
9.143878438629705618e-01
9.999999999999780176e-01
1.000000000000000000e+00
7.624714420370130030e-01
1.000000000000000000e+00
1.000000000000000000e+00
1.000000000000000000e+00
1.000000000000000000e+00
2.029822749690579158e-21
9.999999999999997780e-01
5.675516190790717667e-04
1.000000000000000000e+00
1.909949651294948334e-22
1.000000000000000000e+00
1.258254713267295270e-11
1.000000000000000000e+00
1.000000000000000000e+00
1.000000000000000000e+00
9.999710876098772960e-01
3.299534252913789917e-40
1.000000000000000000e+00
9.999999999999993339e-01
1.000000000000000000e+00
3.246159698884927829e-05
9.999999975384521456e-01
9.999999999993307576e-01
1.000000000000000000e+00
9.999994574397365055e-01
9.998678580868046728e-01
3.393029893594501477e-43
1.000000000000000000e+00
1.276069402844948517e-15
1.000000000000000000e+00
9.111684937150302258e-33
9.999984141355792167e-01
4.999886850852827546e-11
8.776576742462999539e-36
1.000000000000000000e+00
9.996235266663134889e-01
1.000000000000000000e+00
1.000000000000000000e+00
1.000000000000000000e+00
2.910177103660065593e-18
1.000000000000000000e+00
3.474471458066288060e-38
3.191172201037189016e-01
6.026600461452186750e-05
7.516483732245010460e-12
5.952266236238602042e-11
1.000000000000000000e+00
6.059046978954486392e-28
1.000000000000000000e+00
6.864620309436930037e-48
6.552542823492107906e-46
1.000000000000000000e+00
1.200531350410510274e-47
1.000000000000000000e+00
3.673539060132633927e-09
1.000000000000000000e+00
1.000000000000000000e+00
1.000000000000000000e+00
6.885150437349437096e-45
9.999999998957456171e-01
4.092695187751710722e-48
1.000000000000000000e+00
9.165807327136959916e-49
1.661009686801373503e-47
1.000000000000000000e+00
1.000000000000000000e+00
6.111213104525753450e-47
9.999999999480013724e-01
1.000000000000000000e+00
1.000000000000000000e+00
1.000000000000000000e+00
3.583965725506461485e-03
9.285172427419339236e-01
8.702274650706951498e-01
1.000000000000000000e+00
2.065294113659970671e-28
5.405487942981719579e-44
6.003684355880665033e-49
1.000000000000000000e+00
1.000000000000000000e+00
9.999999965793580081e-01
1.000000000000000000e+00
9.999999999000115380e-01
2.234349461299393082e-44
4.329719122976772441e-47
9.999999992438874941e-01
9.999999999011677243e-01
1.000000000000000000e+00
1.000000000000000000e+00
1.000000000000000000e+00
1.000000000000000000e+00
9.999999999999618083e-01
1.000000000000000000e+00
7.444955388959280433e-23
4.834057169897217031e-35
9.052927238808242372e-49
1.173277131577585438e-50
2.911878495255672423e-10
2.670379611250846415e-57
1.830365305925000131e-37
1.000000000000000000e+00
9.999999999819069174e-01
1.000000000000000000e+00
4.223067322083825430e-58
1.000000000000000000e+00
1.000000000000000000e+00
4.050250635990719709e-11
2.598049146389123386e-56
1.398923508013399708e-46
1.000000000000000000e+00
1.000000000000000000e+00
1.000000000000000000e+00
1.000000000000000000e+00
1.000000000000000000e+00
1.000000000000000000e+00
1.116419942483610134e-43
1.722939136882174865e-55
3.960474425979618287e-34
1.018669419038114209e-26
3.281721845106732702e-23
1.993737493352531829e-17
1.000000000000000000e+00
6.706562090406047027e-40
1.000000000000000000e+00
1.000000000000000000e+00
1.000000000000000000e+00
1.795952533301954272e-45
1.000000000000000000e+00
1.000000000000000000e+00
1.000000000000000000e+00
3.070532173991251526e-52
1.000000000000000000e+00
1.627753253680932068e-50
1.970716640380687280e-51
1.903258550324187929e-07
1.000000000000000000e+00
7.299433054017338457e-52
1.000000000000000000e+00
9.999999999999797939e-01
1.000000000000000000e+00
1.000000000000000000e+00
9.999998653907905544e-01
9.999999999996942446e-01
1.000000000000000000e+00
1.000000000000000000e+00
4.906215408878468334e-58
1.000000000000000000e+00
1.000000000000000000e+00
2.785123243960617053e-06
1.000000000000000000e+00
1.957078227027801472e-57
9.999999999999797939e-01
2.390486298617699390e-57
1.614411653300149088e-43
3.128088513025404589e-27
