6.831973334145526877e-01
6.491267005219716335e-01
6.753140756726490057e-01
6.751858969773897323e-01
6.626668945819126355e-01
6.693332568031837848e-01
6.740423089191556194e-01
6.500636875136925896e-01
6.549580268253395454e-01
6.704096050773759030e-01
6.744612987292696316e-01
6.679827529638633354e-01
6.793541742306955511e-01
6.727656811102368239e-01
6.742893669347751473e-01
6.759223957933729876e-01
6.675191420066309833e-01
6.151511505270041980e-01
6.800298992226789796e-01
6.830645512082518245e-01
6.698513329329390809e-01
6.748590291044738176e-01
6.756500757340904162e-01
6.685998326996881458e-01
6.538838510501387979e-01
6.755411178873600431e-01
6.566227156715136459e-01
6.830776334939178129e-01
6.775783909888136725e-01
6.852101336777316476e-01
6.678383314432997375e-01
6.710469251284999492e-01
6.626206628816152522e-01
6.718976049957920971e-01
6.741926796628854301e-01
6.772374029601383461e-01
6.641533519082019055e-01
6.792677848286128306e-01
6.763369116034644302e-01
6.803309629217563215e-01
6.728249234155896374e-01
6.795647037806081814e-01
6.787244933348542952e-01
6.623276264666455582e-01
6.793301445005125450e-01
6.676002286308528877e-01
6.825130096227951526e-01
6.842448823557830684e-01
6.831625503552711809e-01
6.708697756303281245e-01
6.838398615759819776e-01
6.583921779819746911e-01
6.855433999645311749e-01
6.831341230626786221e-01
6.742418148555935353e-01
6.708035628276630691e-01
6.647684173761574389e-01
6.738633941918233949e-01
6.859457108489436239e-01
6.755035393197390547e-01
6.671982692115376867e-01
6.801718184873382089e-01
6.700680754434247266e-01
6.822809240748876070e-01
