6.846317814404550006e-01
6.624207789184894946e-01
6.592334434083302330e-01
6.600237299770457255e-01
6.727728595584652194e-01
6.708807047548238645e-01
6.725053940530807406e-01
6.799212467701857276e-01
6.687838323160588683e-01
6.683413412268509601e-01
6.691548640074033161e-01
6.770564192518110369e-01
6.722677760188129348e-01
6.596897234552036027e-01
6.601297942156787446e-01
6.750768743862409771e-01
6.787766945679601926e-01
6.636229789782612798e-01
6.723435962338556449e-01
6.634447480466404423e-01
6.521142803317550030e-01
6.712572161527992076e-01
6.680712684726592965e-01
6.758135835752187015e-01
6.553072516314286666e-01
6.621457239300618802e-01
6.688612123465380588e-01
6.671945296069456965e-01
6.543851728671987722e-01
6.738650729953556962e-01
6.769596004681966983e-01
6.640563493744191526e-01
6.746357305569714580e-01
6.822493602722506933e-01
6.580911901903130357e-01
6.585905828422855546e-01
6.788765613653314768e-01
6.845914777902731840e-01
6.724328434184451142e-01
6.587877946966838039e-01
6.553701090882215752e-01
6.779435488737208804e-01
6.640202309184889407e-01
6.734713317378736575e-01
6.806547964059173061e-01
6.912251870486205707e-01
6.645348733698293042e-01
6.777076752903566925e-01
6.735650197211650037e-01
6.833872955029112184e-01
6.764906294666546138e-01
6.717814836860915850e-01
6.805932115089800005e-01
6.678933481324177412e-01
6.708411053201585039e-01
6.797800264977826856e-01
6.703363106947501926e-01
6.762564582953004555e-01
6.702867558855247765e-01
6.487955457725257391e-01
6.771331124060933071e-01
6.760768062604913808e-01
6.666271681131303861e-01
6.408117640756113564e-01
