9.906741707598891722e-01
1.599103509203277373e-01
3.144596996630320881e-06
1.000000000000000000e+00
2.609299685087938284e-23
1.000000000000000000e+00
1.000000000000000000e+00
1.000000000000000000e+00
2.965926995720287697e-16
1.000000000000000000e+00
1.000000000000000000e+00
1.483824024557440889e-10
9.999864377613130184e-01
2.504788572467295328e-14
1.000000000000000000e+00
1.000000000000000000e+00
1.000000000000000000e+00
9.999999999999995559e-01
9.999999999999882316e-01
9.621883515527365205e-01
1.000000000000000000e+00
1.000000000000000000e+00
1.921756859793482637e-08
1.732530534118654740e-10
1.000000000000000000e+00
1.000000000000000000e+00
1.000000000000000000e+00
1.000000000000000000e+00
1.000000000000000000e+00
1.187083854353852997e-22
1.000000000000000000e+00
1.000000000000000000e+00
9.999999999999993339e-01
1.000000000000000000e+00
1.000000000000000000e+00
1.000000000000000000e+00
3.621556280906745333e-11
1.000000000000000000e+00
1.014334490387101435e-08
1.000000000000000000e+00
1.000000000000000000e+00
1.000000000000000000e+00
1.000000000000000000e+00
1.000000000000000000e+00
1.539301930630235086e-17
1.000000000000000000e+00
1.000000000000000000e+00
1.000000000000000000e+00
2.411569910770183123e-12
4.592292277778929135e-12
1.000000000000000000e+00
1.000000000000000000e+00
1.000000000000000000e+00
1.000000000000000000e+00
1.000000000000000000e+00
1.000000000000000000e+00
1.000000000000000000e+00
1.000000000000000000e+00
9.999999803668931930e-01
1.000000000000000000e+00
1.000000000000000000e+00
9.723069567948346972e-04
1.000000000000000000e+00
9.999999999999993339e-01
