1.755327040687396090e-01
1.000000000000000000e+00
1.000000000000000000e+00
1.050175968099052205e-02
1.000000000000000000e+00
1.000000000000000000e+00
1.000000000000000000e+00
2.520472501075452301e-02
9.999999996729103113e-01
1.000000000000000000e+00
1.000000000000000000e+00
2.557603389486348655e-20
1.000000000000000000e+00
8.251037783482735038e-12
1.000000000000000000e+00
9.997705687811991870e-01
1.000000000000000000e+00
1.000000000000000000e+00
1.000000000000000000e+00
8.503237058083945841e-16
1.000000000000000000e+00
1.000000000000000000e+00
9.950290210761903828e-12
1.000000000000000000e+00
1.000000000000000000e+00
1.000000000000000000e+00
1.000000000000000000e+00
6.223358176150459419e-07
1.000000000000000000e+00
2.137941925769377709e-12
1.000000000000000000e+00
1.000000000000000000e+00
5.847381778946302038e-05
9.419090105063806506e-01
9.999999999999904521e-01
1.000000000000000000e+00
1.000000000000000000e+00
9.999999343411435371e-01
1.000000000000000000e+00
1.041782947145749381e-06
6.829461456932061554e-08
9.999999999796340688e-01
2.115824937734764310e-17
9.999999999783295568e-01
1.401031190986946158e-03
9.999999985139902403e-01
3.029677586461732193e-03
1.000000000000000000e+00
1.000000000000000000e+00
1.000000000000000000e+00
9.999996125021448634e-01
1.000000000000000000e+00
1.759750376056977900e-07
8.664894845772323773e-02
7.135581674758983278e-03
7.105835753353662021e-01
9.999998966571450598e-01
1.417867245694601469e-07
1.000000000000000000e+00
1.000000000000000000e+00
1.000000000000000000e+00
7.205422793720578367e-01
1.000000000000000000e+00
1.000000000000000000e+00
