1.000000000000000000e+00
1.471921450022878851e-09
1.000000000000000000e+00
1.000000000000000000e+00
8.782394997346842924e-01
3.825161530390670663e-39
1.000000000000000000e+00
1.000000000000000000e+00
1.000000000000000000e+00
1.000000000000000000e+00
1.000000000000000000e+00
9.999999999998678835e-01
1.000000000000000000e+00
1.000000000000000000e+00
1.000000000000000000e+00
4.302135387478171521e-14
1.163488522543570242e-02
1.000000000000000000e+00
1.000000000000000000e+00
1.000000000000000000e+00
4.183613512194549986e-10
1.000000000000000000e+00
7.742986159265075424e-11
1.000000000000000000e+00
2.347661487177407658e-15
2.352231535095041622e-31
1.000000000000000000e+00
1.000000000000000000e+00
9.999951643198905504e-01
1.000000000000000000e+00
1.000000000000000000e+00
1.000000000000000000e+00
9.999999965984163186e-01
1.000000000000000000e+00
1.958781521525299978e-24
1.000000000000000000e+00
1.000000000000000000e+00
1.000000000000000000e+00
1.000000000000000000e+00
1.000000000000000000e+00
9.999999999993316457e-01
1.000000000000000000e+00
1.000000000000000000e+00
1.000000000000000000e+00
1.000000000000000000e+00
1.000000000000000000e+00
7.962771028258984726e-07
2.087235646691910085e-01
1.000000000000000000e+00
1.000000000000000000e+00
1.000000000000000000e+00
2.508053831964582259e-12
1.000000000000000000e+00
1.000000000000000000e+00
9.999799584713515710e-01
1.000000000000000000e+00
1.000000000000000000e+00
1.000000000000000000e+00
1.000000000000000000e+00
1.018508168588899367e-27
1.000000000000000000e+00
2.204823237080170417e-01
3.098872591436624571e-10
1.000000000000000000e+00
