6.755773591498973607e-01
6.693973764213889677e-01
6.498326501765040453e-01
6.689916571734244588e-01
6.737558188399203063e-01
6.873141392049496590e-01
6.702747795432367761e-01
6.818878390240452614e-01
6.739898694971886428e-01
6.525966113822954107e-01
6.733382319077232392e-01
6.508846558833016882e-01
6.606958946985672654e-01
6.725888161506224927e-01
6.665520389979561200e-01
6.679165329626873815e-01
6.748698017759473533e-01
6.785703427846753177e-01
6.649751489697216522e-01
6.521929093082966533e-01
6.746907584351994336e-01
6.676274505813996063e-01
6.625706224344591888e-01
6.575474234536160534e-01
6.693342260772530139e-01
6.893502394841072300e-01
6.752998090361440608e-01
6.572214481796299079e-01
6.828080796962197052e-01
6.824682650576081588e-01
6.664588251003858987e-01
6.858895381332793528e-01
6.817812055061822640e-01
6.820640699397699791e-01
6.600163123048526925e-01
6.769996178259227726e-01
6.714340396294770086e-01
6.662693035580127265e-01
6.841675557282366205e-01
6.650993452973036346e-01
6.570286746075257867e-01
6.848745245884088062e-01
6.610424519118018871e-01
6.604737799316807711e-01
6.804993455640298006e-01
6.710407268845897111e-01
6.724264001057629336e-01
6.799988499822510191e-01
6.791129135182067955e-01
6.722523681548810970e-01
6.800499766920636846e-01
6.805771116163775725e-01
6.589095686144472719e-01
6.745073989916562374e-01
6.760392387846335671e-01
6.819683152324912401e-01
6.493624507705164639e-01
6.648912857303312940e-01
6.667056744528484513e-01
6.570776022123430149e-01
6.630957404311548231e-01
6.773416565130849776e-01
6.847404127076140989e-01
6.650628791668685702e-01
