6.977958238684569547e-01
6.837841213249706840e-01
7.041471706489224047e-01
6.808100179495693016e-01
6.965879516027200236e-01
6.891903073733887108e-01
6.797623073952159256e-01
6.994213793483763375e-01
6.823308948376191063e-01
6.920912505196161746e-01
6.918945745855522578e-01
6.924192585621691265e-01
6.851414933582105071e-01
6.987142258062407629e-01
6.566059232445959903e-01
6.802843112021041971e-01
6.835684693247996435e-01
7.010977362389696488e-01
6.989274864763684869e-01
6.843834146013898501e-01
7.045808770452219871e-01
6.463158876220380655e-01
6.758175059391046124e-01
6.798888503734666910e-01
6.942643913795970567e-01
6.746159965258795577e-01
6.908111366085396554e-01
6.910129630870742723e-01
6.726564679975460814e-01
6.823375507435739395e-01
6.974807853198862206e-01
7.037216458984724143e-01
6.941532201239103417e-01
7.020935067858354861e-01
6.823752168170363896e-01
6.848940758710564403e-01
6.497541281690774051e-01
7.066057322366963156e-01
6.913353982149251786e-01
6.983732739887910101e-01
6.681644796096780636e-01
6.829045820893279162e-01
6.869754659346013481e-01
7.003102626500458117e-01
6.927118915959947776e-01
7.052118457434477516e-01
6.927259427474210529e-01
6.957930706904618123e-01
7.002922339551564956e-01
6.772030043828624057e-01
6.822167770311711177e-01
6.723824468244007369e-01
7.049026773242877963e-01
6.806769329881332542e-01
6.753199057937629979e-01
6.926610234296237678e-01
7.074350605773814804e-01
6.704411514174586362e-01
6.850536953703709742e-01
6.273848946052293929e-01
6.918032961883568976e-01
6.962464773021446174e-01
6.821739463478035947e-01
6.758078332683814526e-01
