1.013256984206412429e-21
1.594210030433636279e-17
1.000000000000000000e+00
1.000000000000000000e+00
3.417824969288449319e-15
1.000000000000000000e+00
1.000000000000000000e+00
2.674826811923261255e-31
1.000000000000000000e+00
6.877383117239434592e-31
9.999044554360053683e-01
1.000000000000000000e+00
1.000000000000000000e+00
3.915296366194484706e-15
1.000000000000000000e+00
1.000000000000000000e+00
1.000000000000000000e+00
1.000000000000000000e+00
1.000000000000000000e+00
1.000000000000000000e+00
1.000000000000000000e+00
1.000000000000000000e+00
4.584178303702661902e-09
1.000000000000000000e+00
1.000000000000000000e+00
6.231313296849385619e-01
1.000000000000000000e+00
1.392441641386031720e-12
1.000000000000000000e+00
5.380267382646410388e-30
1.000000000000000000e+00
1.000000000000000000e+00
4.153891004654377608e-21
1.000000000000000000e+00
1.000000000000000000e+00
1.210300054935519167e-25
1.000000000000000000e+00
1.000000000000000000e+00
3.168305026056199714e-24
1.000000000000000000e+00
1.000000000000000000e+00
1.000000000000000000e+00
1.000000000000000000e+00
1.652546266661729262e-30
1.000000000000000000e+00
2.450766291510750133e-31
1.000000000000000000e+00
4.778682416450081638e-33
1.000000000000000000e+00
2.636014258702354631e-31
1.000000000000000000e+00
1.000000000000000000e+00
1.000000000000000000e+00
9.999999999880837542e-01
4.595592362517368840e-27
1.000000000000000000e+00
1.000000000000000000e+00
1.000000000000000000e+00
4.990677454605997380e-27
1.000000000000000000e+00
9.997858339455217846e-01
1.000000000000000000e+00
4.213655785834237677e-05
9.999767107924376619e-01
