8.893902201416217235e-01
8.884006419241265995e-01
8.925946550561010273e-01
8.872006902339563128e-01
8.969070260872810119e-01
8.596907907854361985e-01
8.847553556657666851e-01
8.812747714260756871e-01
8.900819734530399652e-01
9.136264748878434316e-01
8.911997097226077580e-01
8.940912953251516360e-01
8.531726221314721581e-01
8.729190636287568195e-01
8.834821317019825315e-01
8.807656778114582030e-01
8.863529735265027742e-01
8.941764955396697134e-01
8.801042446091428273e-01
8.810935281571365962e-01
8.651815904353507003e-01
8.798873793716797120e-01
8.813723259204255811e-01
8.704390779648918386e-01
8.914105039780536588e-01
8.754160446634373649e-01
8.823221534857114134e-01
8.970219407011439383e-01
8.554825290026588647e-01
8.929204076498430398e-01
8.696803544928890517e-01
8.802655238679533145e-01
8.801221100587982571e-01
8.934435521319322726e-01
8.754782439445987219e-01
8.850297192747201835e-01
8.671791402636741530e-01
8.839441766760400832e-01
8.748807300754104510e-01
8.846830471938913476e-01
8.747965842333145225e-01
8.966415299224569369e-01
8.948535341419147082e-01
8.942540367251179401e-01
8.748939081299752507e-01
8.983098273811731538e-01
8.572847347882210922e-01
8.962511742878072063e-01
8.779425307931176814e-01
8.809499854671652974e-01
8.693361185833321514e-01
8.708991272374333459e-01
8.790436493217302916e-01
8.849666619915100840e-01
8.884245100086333169e-01
8.921146205866883339e-01
8.871589085513416073e-01
8.783899345652658175e-01
8.864566049842170781e-01
8.905926480868656681e-01
9.062052134810569815e-01
8.960181671399835013e-01
8.979171199785078716e-01
9.009029618718642496e-01
