1.000000000000000000e+00
1.000000000000000000e+00
1.000000000000000000e+00
1.000000000000000000e+00
1.000000000000000000e+00
9.976197320204465147e-01
9.999999999998971933e-01
1.000000000000000000e+00
7.076645389075002072e-25
1.000000000000000000e+00
1.000000000000000000e+00
1.000000000000000000e+00
1.000000000000000000e+00
1.215821085113001982e-25
1.000000000000000000e+00
1.000000000000000000e+00
1.000000000000000000e+00
7.718683872769420076e-28
3.261172018206247483e-19
1.000000000000000000e+00
1.000000000000000000e+00
1.000000000000000000e+00
1.000000000000000000e+00
1.000000000000000000e+00
1.000000000000000000e+00
1.061614856448160007e-17
4.432807225663818632e-23
1.000000000000000000e+00
9.999999999999995559e-01
5.207352055049288640e-04
1.000000000000000000e+00
1.000000000000000000e+00
2.822994793149702661e-13
1.000000000000000000e+00
1.000000000000000000e+00
1.000000000000000000e+00
1.000000000000000000e+00
1.000000000000000000e+00
1.000000000000000000e+00
1.000000000000000000e+00
5.234654069499906516e-13
1.000000000000000000e+00
6.978310087181799269e-31
2.454165598043364573e-25
1.000000000000000000e+00
1.000000000000000000e+00
9.999999922166610267e-01
1.000000000000000000e+00
1.000000000000000000e+00
1.000000000000000000e+00
1.000000000000000000e+00
1.000000000000000000e+00
1.000000000000000000e+00
1.000000000000000000e+00
1.000000000000000000e+00
1.233277888185755804e-31
1.000000000000000000e+00
1.000000000000000000e+00
1.000000000000000000e+00
1.000000000000000000e+00
2.578886426983254946e-31
1.000000000000000000e+00
1.982005279480829704e-22
1.000000000000000000e+00
