6.831973334145526877e-01
6.491267005219716335e-01
6.753140756726490057e-01
6.751858969773897323e-01
6.626668945819126355e-01
6.693332568031837848e-01
6.740423089191556194e-01
6.500636875136925896e-01
6.549580268253395454e-01
6.704096050773759030e-01
6.744612987292696316e-01
6.679827529638633354e-01
6.793541742306955511e-01
6.727656811102368239e-01
6.742893669347751473e-01
6.759223957933729876e-01
6.675191420066309833e-01
6.151511505270041980e-01
6.800298992226789796e-01
6.830645512082518245e-01
6.698513329329390809e-01
6.748590291044738176e-01
6.756500757340904162e-01
6.685998326996881458e-01
6.538838510501387979e-01
6.755411178873600431e-01
6.566227156715136459e-01
6.830776334939178129e-01
6.775783909888136725e-01
6.852101336777316476e-01
6.678383314432997375e-01
6.710469251284999492e-01
6.626206628816152522e-01
6.718976049957920971e-01
6.741926796628854301e-01
6.772374029601383461e-01
6.641533519082019055e-01
6.792677848286128306e-01
6.763369116034644302e-01
6.803309629217563215e-01
6.728249234155896374e-01
6.795647037806081814e-01
6.787244933348542952e-01
6.623276264666455582e-01
6.793301445005125450e-01
6.676002286308528877e-01
6.825130096227951526e-01
6.842448823557830684e-01
6.831625503552711809e-01
6.708697756303281245e-01
6.838398615759819776e-01
6.583921779819746911e-01
6.855433999645311749e-01
6.831341230626786221e-01
6.742418148555935353e-01
6.708035628276630691e-01
6.647684173761574389e-01
6.738633941918233949e-01
6.859457108489436239e-01
6.755035393197390547e-01
6.671982692115376867e-01
6.801718184873382089e-01
6.700680754434247266e-01
6.822809240748876070e-01
6.846317814404550006e-01
6.624207789184894946e-01
6.592334434083302330e-01
6.600237299770457255e-01
6.727728595584652194e-01
6.708807047548238645e-01
6.725053940530807406e-01
6.799212467701857276e-01
6.687838323160588683e-01
6.683413412268509601e-01
6.691548640074033161e-01
6.770564192518110369e-01
6.722677760188129348e-01
6.596897234552036027e-01
6.601297942156787446e-01
6.750768743862409771e-01
6.787766945679601926e-01
6.636229789782612798e-01
6.723435962338556449e-01
6.634447480466404423e-01
6.521142803317550030e-01
6.712572161527992076e-01
6.680712684726592965e-01
6.758135835752187015e-01
6.553072516314286666e-01
6.621457239300618802e-01
6.688612123465380588e-01
6.671945296069456965e-01
6.543851728671987722e-01
6.738650729953556962e-01
6.769596004681966983e-01
6.640563493744191526e-01
6.746357305569714580e-01
6.822493602722506933e-01
6.580911901903130357e-01
6.585905828422855546e-01
6.788765613653314768e-01
6.845914777902731840e-01
6.724328434184451142e-01
6.587877946966838039e-01
6.553701090882215752e-01
6.779435488737208804e-01
6.640202309184889407e-01
6.734713317378736575e-01
6.806547964059173061e-01
6.912251870486205707e-01
6.645348733698293042e-01
6.777076752903566925e-01
6.735650197211650037e-01
6.833872955029112184e-01
6.764906294666546138e-01
6.717814836860915850e-01
6.805932115089800005e-01
6.678933481324177412e-01
6.708411053201585039e-01
6.797800264977826856e-01
6.703363106947501926e-01
6.762564582953004555e-01
6.702867558855247765e-01
6.487955457725257391e-01
6.771331124060933071e-01
6.760768062604913808e-01
6.666271681131303861e-01
6.408117640756113564e-01
9.906741707598891722e-01
1.599103509203277373e-01
3.144596996630320881e-06
1.000000000000000000e+00
2.609299685087938284e-23
1.000000000000000000e+00
1.000000000000000000e+00
1.000000000000000000e+00
2.965926995720287697e-16
1.000000000000000000e+00
1.000000000000000000e+00
1.483824024557440889e-10
9.999864377613130184e-01
2.504788572467295328e-14
1.000000000000000000e+00
1.000000000000000000e+00
1.000000000000000000e+00
9.999999999999995559e-01
9.999999999999882316e-01
9.621883515527365205e-01
1.000000000000000000e+00
1.000000000000000000e+00
1.921756859793482637e-08
1.732530534118654740e-10
1.000000000000000000e+00
1.000000000000000000e+00
1.000000000000000000e+00
1.000000000000000000e+00
1.000000000000000000e+00
1.187083854353852997e-22
1.000000000000000000e+00
1.000000000000000000e+00
9.999999999999993339e-01
1.000000000000000000e+00
1.000000000000000000e+00
1.000000000000000000e+00
3.621556280906745333e-11
1.000000000000000000e+00
1.014334490387101435e-08
1.000000000000000000e+00
1.000000000000000000e+00
1.000000000000000000e+00
1.000000000000000000e+00
1.000000000000000000e+00
1.539301930630235086e-17
1.000000000000000000e+00
1.000000000000000000e+00
1.000000000000000000e+00
2.411569910770183123e-12
4.592292277778929135e-12
1.000000000000000000e+00
1.000000000000000000e+00
1.000000000000000000e+00
1.000000000000000000e+00
1.000000000000000000e+00
1.000000000000000000e+00
1.000000000000000000e+00
1.000000000000000000e+00
9.999999803668931930e-01
1.000000000000000000e+00
1.000000000000000000e+00
9.723069567948346972e-04
1.000000000000000000e+00
9.999999999999993339e-01
1.755327040687396090e-01
1.000000000000000000e+00
1.000000000000000000e+00
1.050175968099052205e-02
1.000000000000000000e+00
1.000000000000000000e+00
1.000000000000000000e+00
2.520472501075452301e-02
9.999999996729103113e-01
1.000000000000000000e+00
1.000000000000000000e+00
2.557603389486348655e-20
1.000000000000000000e+00
8.251037783482735038e-12
1.000000000000000000e+00
9.997705687811991870e-01
1.000000000000000000e+00
1.000000000000000000e+00
1.000000000000000000e+00
8.503237058083945841e-16
1.000000000000000000e+00
1.000000000000000000e+00
9.950290210761903828e-12
1.000000000000000000e+00
1.000000000000000000e+00
1.000000000000000000e+00
1.000000000000000000e+00
6.223358176150459419e-07
1.000000000000000000e+00
2.137941925769377709e-12
1.000000000000000000e+00
1.000000000000000000e+00
5.847381778946302038e-05
9.419090105063806506e-01
9.999999999999904521e-01
1.000000000000000000e+00
1.000000000000000000e+00
9.999999343411435371e-01
1.000000000000000000e+00
1.041782947145749381e-06
6.829461456932061554e-08
9.999999999796340688e-01
2.115824937734764310e-17
9.999999999783295568e-01
1.401031190986946158e-03
9.999999985139902403e-01
3.029677586461732193e-03
1.000000000000000000e+00
1.000000000000000000e+00
1.000000000000000000e+00
9.999996125021448634e-01
1.000000000000000000e+00
1.759750376056977900e-07
8.664894845772323773e-02
7.135581674758983278e-03
7.105835753353662021e-01
9.999998966571450598e-01
1.417867245694601469e-07
1.000000000000000000e+00
1.000000000000000000e+00
1.000000000000000000e+00
7.205422793720578367e-01
1.000000000000000000e+00
1.000000000000000000e+00
1.000000000000000000e+00
1.471921450022878851e-09
1.000000000000000000e+00
1.000000000000000000e+00
8.782394997346842924e-01
3.825161530390670663e-39
1.000000000000000000e+00
1.000000000000000000e+00
1.000000000000000000e+00
1.000000000000000000e+00
1.000000000000000000e+00
9.999999999998678835e-01
1.000000000000000000e+00
1.000000000000000000e+00
1.000000000000000000e+00
4.302135387478171521e-14
1.163488522543570242e-02
1.000000000000000000e+00
1.000000000000000000e+00
1.000000000000000000e+00
4.183613512194549986e-10
1.000000000000000000e+00
7.742986159265075424e-11
1.000000000000000000e+00
2.347661487177407658e-15
2.352231535095041622e-31
1.000000000000000000e+00
1.000000000000000000e+00
9.999951643198905504e-01
1.000000000000000000e+00
1.000000000000000000e+00
1.000000000000000000e+00
9.999999965984163186e-01
1.000000000000000000e+00
1.958781521525299978e-24
1.000000000000000000e+00
1.000000000000000000e+00
1.000000000000000000e+00
1.000000000000000000e+00
1.000000000000000000e+00
9.999999999993316457e-01
1.000000000000000000e+00
1.000000000000000000e+00
1.000000000000000000e+00
1.000000000000000000e+00
1.000000000000000000e+00
7.962771028258984726e-07
2.087235646691910085e-01
1.000000000000000000e+00
1.000000000000000000e+00
1.000000000000000000e+00
2.508053831964582259e-12
1.000000000000000000e+00
1.000000000000000000e+00
9.999799584713515710e-01
1.000000000000000000e+00
1.000000000000000000e+00
1.000000000000000000e+00
1.000000000000000000e+00
1.018508168588899367e-27
1.000000000000000000e+00
2.204823237080170417e-01
3.098872591436624571e-10
1.000000000000000000e+00
6.755773591498973607e-01
6.693973764213889677e-01
6.498326501765040453e-01
6.689916571734244588e-01
6.737558188399203063e-01
6.873141392049496590e-01
6.702747795432367761e-01
6.818878390240452614e-01
6.739898694971886428e-01
6.525966113822954107e-01
6.733382319077232392e-01
6.508846558833016882e-01
6.606958946985672654e-01
6.725888161506224927e-01
6.665520389979561200e-01
6.679165329626873815e-01
6.748698017759473533e-01
6.785703427846753177e-01
6.649751489697216522e-01
6.521929093082966533e-01
6.746907584351994336e-01
6.676274505813996063e-01
6.625706224344591888e-01
6.575474234536160534e-01
6.693342260772530139e-01
6.893502394841072300e-01
6.752998090361440608e-01
6.572214481796299079e-01
6.828080796962197052e-01
6.824682650576081588e-01
6.664588251003858987e-01
6.858895381332793528e-01
6.817812055061822640e-01
6.820640699397699791e-01
6.600163123048526925e-01
6.769996178259227726e-01
6.714340396294770086e-01
6.662693035580127265e-01
6.841675557282366205e-01
6.650993452973036346e-01
6.570286746075257867e-01
6.848745245884088062e-01
6.610424519118018871e-01
6.604737799316807711e-01
6.804993455640298006e-01
6.710407268845897111e-01
6.724264001057629336e-01
6.799988499822510191e-01
6.791129135182067955e-01
6.722523681548810970e-01
6.800499766920636846e-01
6.805771116163775725e-01
6.589095686144472719e-01
6.745073989916562374e-01
6.760392387846335671e-01
6.819683152324912401e-01
6.493624507705164639e-01
6.648912857303312940e-01
6.667056744528484513e-01
6.570776022123430149e-01
6.630957404311548231e-01
6.773416565130849776e-01
6.847404127076140989e-01
6.650628791668685702e-01
6.977958238684569547e-01
6.837841213249706840e-01
7.041471706489224047e-01
6.808100179495693016e-01
6.965879516027200236e-01
6.891903073733887108e-01
6.797623073952159256e-01
6.994213793483763375e-01
6.823308948376191063e-01
6.920912505196161746e-01
6.918945745855522578e-01
6.924192585621691265e-01
6.851414933582105071e-01
6.987142258062407629e-01
6.566059232445959903e-01
6.802843112021041971e-01
6.835684693247996435e-01
7.010977362389696488e-01
6.989274864763684869e-01
6.843834146013898501e-01
7.045808770452219871e-01
6.463158876220380655e-01
6.758175059391046124e-01
6.798888503734666910e-01
6.942643913795970567e-01
6.746159965258795577e-01
6.908111366085396554e-01
6.910129630870742723e-01
6.726564679975460814e-01
6.823375507435739395e-01
6.974807853198862206e-01
7.037216458984724143e-01
6.941532201239103417e-01
7.020935067858354861e-01
6.823752168170363896e-01
6.848940758710564403e-01
6.497541281690774051e-01
7.066057322366963156e-01
6.913353982149251786e-01
6.983732739887910101e-01
6.681644796096780636e-01
6.829045820893279162e-01
6.869754659346013481e-01
7.003102626500458117e-01
6.927118915959947776e-01
7.052118457434477516e-01
6.927259427474210529e-01
6.957930706904618123e-01
7.002922339551564956e-01
6.772030043828624057e-01
6.822167770311711177e-01
6.723824468244007369e-01
7.049026773242877963e-01
6.806769329881332542e-01
6.753199057937629979e-01
6.926610234296237678e-01
7.074350605773814804e-01
6.704411514174586362e-01
6.850536953703709742e-01
6.273848946052293929e-01
6.918032961883568976e-01
6.962464773021446174e-01
6.821739463478035947e-01
6.758078332683814526e-01
1.013256984206412429e-21
1.594210030433636279e-17
1.000000000000000000e+00
1.000000000000000000e+00
3.417824969288449319e-15
1.000000000000000000e+00
1.000000000000000000e+00
2.674826811923261255e-31
1.000000000000000000e+00
6.877383117239434592e-31
9.999044554360053683e-01
1.000000000000000000e+00
1.000000000000000000e+00
3.915296366194484706e-15
1.000000000000000000e+00
1.000000000000000000e+00
1.000000000000000000e+00
1.000000000000000000e+00
1.000000000000000000e+00
1.000000000000000000e+00
1.000000000000000000e+00
1.000000000000000000e+00
4.584178303702661902e-09
1.000000000000000000e+00
1.000000000000000000e+00
6.231313296849385619e-01
1.000000000000000000e+00
1.392441641386031720e-12
1.000000000000000000e+00
5.380267382646410388e-30
1.000000000000000000e+00
1.000000000000000000e+00
4.153891004654377608e-21
1.000000000000000000e+00
1.000000000000000000e+00
1.210300054935519167e-25
1.000000000000000000e+00
1.000000000000000000e+00
3.168305026056199714e-24
1.000000000000000000e+00
1.000000000000000000e+00
1.000000000000000000e+00
1.000000000000000000e+00
1.652546266661729262e-30
1.000000000000000000e+00
2.450766291510750133e-31
1.000000000000000000e+00
4.778682416450081638e-33
1.000000000000000000e+00
2.636014258702354631e-31
1.000000000000000000e+00
1.000000000000000000e+00
1.000000000000000000e+00
9.999999999880837542e-01
4.595592362517368840e-27
1.000000000000000000e+00
1.000000000000000000e+00
1.000000000000000000e+00
4.990677454605997380e-27
1.000000000000000000e+00
9.997858339455217846e-01
1.000000000000000000e+00
4.213655785834237677e-05
9.999767107924376619e-01
8.893902201416217235e-01
8.884006419241265995e-01
8.925946550561010273e-01
8.872006902339563128e-01
8.969070260872810119e-01
8.596907907854361985e-01
8.847553556657666851e-01
8.812747714260756871e-01
8.900819734530399652e-01
9.136264748878434316e-01
8.911997097226077580e-01
8.940912953251516360e-01
8.531726221314721581e-01
8.729190636287568195e-01
8.834821317019825315e-01
8.807656778114582030e-01
8.863529735265027742e-01
8.941764955396697134e-01
8.801042446091428273e-01
8.810935281571365962e-01
8.651815904353507003e-01
8.798873793716797120e-01
8.813723259204255811e-01
8.704390779648918386e-01
8.914105039780536588e-01
8.754160446634373649e-01
8.823221534857114134e-01
8.970219407011439383e-01
8.554825290026588647e-01
8.929204076498430398e-01
8.696803544928890517e-01
8.802655238679533145e-01
8.801221100587982571e-01
8.934435521319322726e-01
8.754782439445987219e-01
8.850297192747201835e-01
8.671791402636741530e-01
8.839441766760400832e-01
8.748807300754104510e-01
8.846830471938913476e-01
8.747965842333145225e-01
8.966415299224569369e-01
8.948535341419147082e-01
8.942540367251179401e-01
8.748939081299752507e-01
8.983098273811731538e-01
8.572847347882210922e-01
8.962511742878072063e-01
8.779425307931176814e-01
8.809499854671652974e-01
8.693361185833321514e-01
8.708991272374333459e-01
8.790436493217302916e-01
8.849666619915100840e-01
8.884245100086333169e-01
8.921146205866883339e-01
8.871589085513416073e-01
8.783899345652658175e-01
8.864566049842170781e-01
8.905926480868656681e-01
9.062052134810569815e-01
8.960181671399835013e-01
8.979171199785078716e-01
9.009029618718642496e-01
1.000000000000000000e+00
1.000000000000000000e+00
1.000000000000000000e+00
1.000000000000000000e+00
1.000000000000000000e+00
9.976197320204465147e-01
9.999999999998971933e-01
1.000000000000000000e+00
7.076645389075002072e-25
1.000000000000000000e+00
1.000000000000000000e+00
1.000000000000000000e+00
1.000000000000000000e+00
1.215821085113001982e-25
1.000000000000000000e+00
1.000000000000000000e+00
1.000000000000000000e+00
7.718683872769420076e-28
3.261172018206247483e-19
1.000000000000000000e+00
1.000000000000000000e+00
1.000000000000000000e+00
1.000000000000000000e+00
1.000000000000000000e+00
1.000000000000000000e+00
1.061614856448160007e-17
4.432807225663818632e-23
1.000000000000000000e+00
9.999999999999995559e-01
5.207352055049288640e-04
1.000000000000000000e+00
1.000000000000000000e+00
2.822994793149702661e-13
1.000000000000000000e+00
1.000000000000000000e+00
1.000000000000000000e+00
1.000000000000000000e+00
1.000000000000000000e+00
1.000000000000000000e+00
1.000000000000000000e+00
5.234654069499906516e-13
1.000000000000000000e+00
6.978310087181799269e-31
2.454165598043364573e-25
1.000000000000000000e+00
1.000000000000000000e+00
9.999999922166610267e-01
1.000000000000000000e+00
1.000000000000000000e+00
1.000000000000000000e+00
1.000000000000000000e+00
1.000000000000000000e+00
1.000000000000000000e+00
1.000000000000000000e+00
1.000000000000000000e+00
1.233277888185755804e-31
1.000000000000000000e+00
1.000000000000000000e+00
1.000000000000000000e+00
1.000000000000000000e+00
2.578886426983254946e-31
1.000000000000000000e+00
1.982005279480829704e-22
1.000000000000000000e+00
