1.000000000000000000e+00
1.000000000000000000e+00
8.103871734059999864e-65
5.867980653688371727e-54
1.000000000000000000e+00
5.538022689085338495e-66
1.000000000000000000e+00
1.000000000000000000e+00
1.000000000000000000e+00
1.000000000000000000e+00
1.000000000000000000e+00
7.577939314053447151e-59
1.000000000000000000e+00
1.000000000000000000e+00
1.000000000000000000e+00
1.654426163778586186e-67
2.516402374401867837e-61
8.756725909218260599e-58
1.000000000000000000e+00
8.016247261382775626e-61
3.512078815366557360e-61
1.000000000000000000e+00
1.000000000000000000e+00
1.285888567059041260e-64
1.811994404511228733e-37
6.872052772584454312e-65
1.000000000000000000e+00
7.487540408236406917e-67
1.000000000000000000e+00
1.000000000000000000e+00
1.000000000000000000e+00
1.000000000000000000e+00
2.040127127930847337e-57
4.790719217218298922e-54
1.000000000000000000e+00
9.999999999850091026e-01
5.514768477886314853e-37
1.000000000000000000e+00
1.000000000000000000e+00
1.000000000000000000e+00
4.766320165812993690e-65
1.000000000000000000e+00
2.836751752521505737e-62
3.116395330020978314e-60
2.384570801348018343e-53
1.810294262604661472e-61
1.485228750068761500e-65
1.000000000000000000e+00
1.000000000000000000e+00
5.585781381174043914e-49
3.056765612228804996e-54
2.121717465468527268e-65
6.846843021525996978e-59
2.443429650608405163e-65
2.157019973279037837e-57
1.000000000000000000e+00
9.390560994438547994e-65
1.291821008734577681e-55
2.833810960997117894e-44
1.000000000000000000e+00
