1.219649018517537698e-17
1.000000000000000000e+00
7.356889185837408205e-46
1.315632038236910383e-32
4.709408173236453480e-47
1.000000000000000000e+00
1.000000000000000000e+00
8.362870315291416993e-46
1.798519615505256593e-42
1.000000000000000000e+00
6.809843434324056474e-46
8.126955641760482067e-48
1.000000000000000000e+00
4.605057532330268156e-42
1.000000000000000000e+00
1.000000000000000000e+00
3.782339170771530963e-46
4.008277340146541547e-45
1.000000000000000000e+00
3.921409967978274483e-43
1.000000000000000000e+00
3.678017405350933529e-46
5.782413539867979082e-44
6.075747911002676685e-34
1.103322172168626270e-45
9.999999999999737987e-01
1.000000000000000000e+00
1.160281580623578761e-44
1.000000000000000000e+00
1.000000000000000000e+00
3.703369984342209766e-45
1.000000000000000000e+00
6.069342193273952352e-37
7.906266959823029083e-44
4.046858817250856204e-47
4.589056554175172032e-44
1.000000000000000000e+00
1.000000000000000000e+00
5.731986500626561899e-41
3.521159624710231163e-41
1.000000000000000000e+00
1.000000000000000000e+00
1.055795447437505093e-45
4.995823020537654045e-44
1.000000000000000000e+00
5.987966752043921577e-46
7.279301430741726382e-11
9.658270099154464550e-01
1.000000000000000000e+00
1.528002362596644981e-44
1.913140083595851050e-21
5.604229550642546767e-45
1.000000000000000000e+00
9.698120417072345212e-46
4.654145791689983953e-35
2.391244107735050941e-45
1.219197626855870643e-40
1.000000000000000000e+00
1.961112615829565800e-46
1.000000000000000000e+00
