1.000000000000000000e+00
2.188279738375126131e-41
1.566931214857218912e-38
1.598058481480046438e-38
3.056298369553385745e-44
1.000000000000000000e+00
1.000000000000000000e+00
1.000000000000000000e+00
1.000000000000000000e+00
1.000000000000000000e+00
1.000000000000000000e+00
9.725177650677862859e-42
1.000000000000000000e+00
6.508102833444470703e-34
4.597853506724711941e-43
9.999926780562976569e-01
1.000000000000000000e+00
1.032995630798713184e-38
9.303874027428050147e-25
4.888057984042050956e-35
1.758873983576622262e-40
3.146833245832284191e-43
7.486320870236290413e-35
3.904011524162872890e-43
8.211043761279530923e-33
5.173849486703546622e-43
1.000000000000000000e+00
4.931163534798259999e-41
1.000000000000000000e+00
1.000000000000000000e+00
1.000000000000000000e+00
1.000000000000000000e+00
1.000000000000000000e+00
1.000000000000000000e+00
1.000000000000000000e+00
1.757193567173177749e-22
3.968605859342420146e-43
1.000000000000000000e+00
4.421130477294149453e-25
1.000000000000000000e+00
1.817267725086215345e-36
1.000000000000000000e+00
5.930566703783910829e-32
2.519771752916012000e-43
1.000000000000000000e+00
8.676719146364976883e-33
3.520704155141703299e-40
1.000000000000000000e+00
7.036151197927133166e-40
4.303709918417400664e-42
7.627374593243547448e-43
8.068074235314651872e-37
1.000000000000000000e+00
1.000000000000000000e+00
1.530620008861924923e-44
3.325221022037121338e-39
2.838354852558199937e-21
1.000000000000000000e+00
9.999999999999997780e-01
8.180615705026182321e-42
