1.000000000000000000e+00
3.570190100259829701e-41
1.000000000000000000e+00
9.023487926874441648e-41
1.000000000000000000e+00
2.101838391680042880e-41
1.909795441076269961e-41
1.879654847060807077e-44
1.000000000000000000e+00
1.196039664739633134e-43
4.928734394198730864e-37
1.437201169209255073e-45
1.419218974008976545e-43
1.947324160028980521e-22
1.000000000000000000e+00
5.084539409191576360e-44
1.294195101957240855e-38
9.999996608030747858e-01
9.999999999996638245e-01
1.000000000000000000e+00
1.005076077692464294e-42
1.000000000000000000e+00
1.000000000000000000e+00
1.000000000000000000e+00
1.000000000000000000e+00
1.282906288888960393e-44
5.577566275697121135e-44
1.000000000000000000e+00
5.813270397169114229e-34
5.209564484931295546e-43
1.000000000000000000e+00
1.732157298757296927e-46
2.569584783306095458e-28
1.216450897121521743e-41
1.000000000000000000e+00
9.446945582137142408e-45
1.000000000000000000e+00
1.000000000000000000e+00
9.999999999890281099e-01
1.000000000000000000e+00
1.717576576442073896e-42
1.143522715338450433e-44
1.512839418000784355e-45
9.999999999832389630e-01
1.000000000000000000e+00
1.000000000000000000e+00
6.570598179102135295e-45
1.000000000000000000e+00
2.234561616786334913e-43
1.000000000000000000e+00
2.776654815985888372e-25
9.999999999999926725e-01
4.816535095546332556e-46
1.000000000000000000e+00
5.367862381608426628e-42
1.000000000000000000e+00
4.836379453466254330e-45
4.483372130491798241e-28
7.826537024217193914e-44
1.000000000000000000e+00
