3.258033496433592074e-42
1.000000000000000000e+00
5.509875206743390103e-45
7.648002042286672980e-41
9.212959381069933864e-20
1.000000000000000000e+00
1.725763759881529202e-42
2.257296117406708420e-46
2.444442543054078824e-30
1.000000000000000000e+00
3.226408407392781596e-46
1.000000000000000000e+00
1.000000000000000000e+00
1.000000000000000000e+00
1.000000000000000000e+00
5.293260745049753107e-45
6.013571311716280331e-40
6.594781021820617153e-45
7.254199404647099697e-45
1.000000000000000000e+00
9.999999989557126767e-01
9.999248680188859151e-01
1.000000000000000000e+00
9.999999999999940048e-01
1.000000000000000000e+00
1.735759250087275445e-45
1.000000000000000000e+00
3.960372994184904918e-33
1.000000000000000000e+00
1.000000000000000000e+00
2.888644336911817854e-46
1.211670746614338834e-40
5.976062356247579116e-45
1.000000000000000000e+00
2.842899501482928764e-37
9.999999999998880895e-01
4.607224577888185885e-24
9.391047307833412239e-01
9.999999999997792877e-01
1.000000000000000000e+00
1.025683272234846186e-34
1.000000000000000000e+00
1.000000000000000000e+00
1.000000000000000000e+00
1.264133050477601836e-42
1.043916322397162906e-42
1.000000000000000000e+00
2.314527804964273153e-42
1.709983810832528813e-43
5.861710062599952544e-44
1.000000000000000000e+00
1.100537913827365881e-45
1.086954049259718693e-38
7.789722992078966235e-45
9.999999995696959854e-01
1.000000000000000000e+00
1.000000000000000000e+00
1.000000000000000000e+00
1.000000000000000000e+00
1.000000000000000000e+00
