1.000000000000000000e+00
5.150438487054605148e-44
5.218977862414831490e-33
3.333166400937728765e-38
3.305035954809333537e-46
1.277595300342859584e-36
1.465474035959098786e-42
1.000000000000000000e+00
2.508393188802292465e-44
1.000000000000000000e+00
8.470643254827674440e-01
2.287154968364228646e-29
1.000000000000000000e+00
4.686208694083457159e-46
3.263557958688592500e-17
1.000000000000000000e+00
4.907070818200287831e-46
1.274821602493505606e-06
8.280809302291375191e-47
1.000000000000000000e+00
1.000000000000000000e+00
3.227414284576211935e-32
8.534558894435721769e-33
2.607278640636708574e-24
7.954115350898599692e-37
1.261856966744417972e-39
2.762452628045947342e-26
9.663964458039154826e-01
1.901349497356946530e-30
9.997291726205765894e-01
5.210212733183837582e-41
3.866686053510540522e-47
1.000000000000000000e+00
9.999999999897881686e-01
1.000000000000000000e+00
1.000000000000000000e+00
1.000000000000000000e+00
1.000000000000000000e+00
9.816244561258191804e-44
6.114928372647429656e-36
8.821694309680080896e-46
3.875681348342787393e-31
3.962924423685461813e-20
4.602582893534640283e-32
1.000000000000000000e+00
5.571164106865572255e-34
1.527107044262978770e-44
3.577235596927134558e-46
5.193637457881006416e-36
1.000000000000000000e+00
1.000000000000000000e+00
2.350224393676651305e-43
1.000000000000000000e+00
1.859041585886373655e-20
1.000000000000000000e+00
1.000000000000000000e+00
8.766834239813836925e-42
1.355541307559394451e-45
1.000000000000000000e+00
9.999999999963695707e-01
