8.562857072526865210e-39
6.026018771907520126e-38
1.000000000000000000e+00
1.000000000000000000e+00
9.999999988694101560e-01
7.882777894015961997e-38
1.000000000000000000e+00
9.451009962891736555e-39
1.000000000000000000e+00
3.440942217022917321e-37
3.839030847743949836e-36
8.231554408590449712e-37
1.000000000000000000e+00
1.000000000000000000e+00
1.000000000000000000e+00
1.000000000000000000e+00
1.979692481605904613e-32
1.000000000000000000e+00
1.000000000000000000e+00
1.000000000000000000e+00
4.639064401756594501e-29
5.339930729110390414e-39
1.000000000000000000e+00
1.719819154128390641e-36
1.000000000000000000e+00
1.000000000000000000e+00
9.999999999986621813e-01
1.000000000000000000e+00
4.281126322702985919e-40
1.000000000000000000e+00
1.292211609503900183e-03
6.117630932026355715e-37
1.000000000000000000e+00
1.000000000000000000e+00
1.388518226163211893e-39
1.000000000000000000e+00
9.999999995251667162e-01
2.816929018800796867e-38
1.010927107267942771e-38
9.999999999999868994e-01
4.383294563951150471e-38
2.087493347066134737e-37
1.246009207857141449e-24
6.565121606383982003e-37
1.910811418564360707e-36
1.000000000000000000e+00
1.468865776030191124e-36
1.000000000000000000e+00
2.742378541094191097e-38
3.776170846926315581e-38
2.075881063396477453e-31
1.421838434933724970e-04
6.697101415294623468e-40
1.000000000000000000e+00
3.554574971392345262e-32
3.284442171447270552e-29
5.286214091592985558e-34
1.000000000000000000e+00
9.999999999999569233e-01
1.000000000000000000e+00
