1.524011094292595640e-39
1.000000000000000000e+00
1.000000000000000000e+00
1.000000000000000000e+00
1.000000000000000000e+00
1.480304792983981997e-45
2.207736304208352332e-02
2.712660498808897469e-47
7.230251203285288032e-47
9.999999997710835586e-01
1.000000000000000000e+00
1.000000000000000000e+00
3.922005077138209085e-43
1.000000000000000000e+00
2.883918227162023817e-45
1.000000000000000000e+00
1.000000000000000000e+00
1.000000000000000000e+00
1.000000000000000000e+00
9.999999999999997780e-01
3.138985042663865016e-44
3.233573048809226831e-49
1.000000000000000000e+00
1.000000000000000000e+00
1.000000000000000000e+00
3.313994399534497294e-48
5.331300184087613443e-40
1.000000000000000000e+00
1.000000000000000000e+00
1.000000000000000000e+00
1.000000000000000000e+00
2.689130265482407510e-49
2.331658529748772781e-40
1.000000000000000000e+00
4.333039372741715091e-36
1.000000000000000000e+00
1.000000000000000000e+00
2.149377150214637584e-42
3.497683221512322488e-38
5.335578294496389982e-42
1.050540296027713468e-47
4.860964446510060356e-42
3.561812553257856925e-46
6.324947304702229175e-37
3.475244906286643810e-49
1.000000000000000000e+00
1.000000000000000000e+00
1.000000000000000000e+00
1.731022169668107957e-47
4.357480741119762339e-42
3.581389459596885982e-47
5.389198218247497025e-40
1.000000000000000000e+00
1.000000000000000000e+00
3.666373651805709118e-44
1.452676115967351205e-45
1.740198972541548609e-41
9.999999961902181767e-01
1.532785451798274728e-44
7.938420734343331797e-30
