1.761440222997898945e-28
8.776585872171639905e-29
9.726617711665993538e-01
9.999999997753892256e-01
9.999999450873188200e-01
9.370584632351356552e-03
9.990172777481804989e-01
9.999994525201143514e-01
1.268935528419630921e-04
9.999999142181845713e-01
5.184038134808638776e-32
1.411950138884183495e-30
1.666924669301387502e-25
8.876338163007653988e-09
8.962708435629621415e-32
9.998818002876326272e-01
6.917357970348815835e-07
1.503439200007968396e-26
9.999996067269328881e-01
1.973848215690312077e-31
5.493447361728095059e-31
9.999999996240762634e-01
5.103032018352627417e-31
7.368945910649723485e-01
2.384021194373396073e-31
1.217012742148733024e-31
1.901402629740928107e-01
7.348795517260444310e-04
8.809700740608680395e-27
9.929043879156745911e-01
9.999999999520581273e-01
9.999999999989708233e-01
9.999988385990726814e-01
1.574971367180165006e-15
9.774323437427429040e-05
2.078391756877486688e-29
9.998558949824765119e-01
1.897756890169885895e-28
7.221376746186324302e-01
9.999999974957081150e-01
3.075506259903485123e-06
9.938966922424626871e-01
9.999999990538714911e-01
9.999999995217743187e-01
9.999999965076025177e-01
2.282985265588752421e-28
9.999999704791766586e-01
2.825581477140596568e-31
8.194539291496560429e-26
9.999957722653208814e-01
9.999989934823297899e-01
2.773896868667738993e-25
9.999999889424940891e-01
9.999999751753918531e-01
9.996826846872535199e-01
4.754875089007814593e-30
5.466181183248326828e-05
1.248142460898220179e-30
2.772570849512811643e-09
7.660971586073706564e-32
