9.999999999999997780e-01
9.999999999994269029e-01
6.381837441626608820e-02
2.763955448105332373e-11
2.289207694917562398e-36
8.062855001999446458e-31
9.808375248201699794e-36
9.999999999874524814e-01
4.639463800134199800e-36
2.284116016782921888e-35
9.999999897369457047e-01
4.709507650786042217e-15
1.000000000000000000e+00
5.831251899717898249e-32
1.000000000000000000e+00
1.492841964108244919e-37
2.333561060043793596e-35
9.999999991570300839e-01
8.409500835827583473e-37
4.325077054142818749e-36
1.859179009078513816e-26
9.999999999981452614e-01
7.877814912763304078e-36
9.999999999999984457e-01
1.860429887668169045e-10
9.999999999987039256e-01
1.142146810497082359e-07
2.344158956445267492e-36
9.792118997885692035e-32
7.768114040159191679e-36
6.590555192575634907e-36
9.999999999999191758e-01
9.999999999999984457e-01
2.438175873833067284e-35
9.999999999511437476e-01
5.899188111352811256e-30
1.065878449490226579e-33
1.000000000000000000e+00
9.999999999980391241e-01
9.999999999999997780e-01
6.378351151291195058e-36
9.999999999998838707e-01
9.425619844781162491e-34
5.684916892203763042e-35
9.996645752288909614e-01
9.999999999981901144e-01
9.308819637255019153e-01
2.461876888545816312e-36
8.785004944770252233e-33
1.196873862333204929e-29
1.000000000000000000e+00
4.644902538461793801e-36
8.724584780157053930e-34
4.020107876361627758e-33
1.227504032670969450e-32
2.492815009005170922e-13
5.537308585449893701e-37
1.260653091758862131e-32
4.217872044856605133e-33
1.000000000000000000e+00
