1.000000000000000000e+00
1.000000000000000000e+00
8.103871734059999864e-65
5.867980653688371727e-54
1.000000000000000000e+00
5.538022689085338495e-66
1.000000000000000000e+00
1.000000000000000000e+00
1.000000000000000000e+00
1.000000000000000000e+00
1.000000000000000000e+00
7.577939314053447151e-59
1.000000000000000000e+00
1.000000000000000000e+00
1.000000000000000000e+00
1.654426163778586186e-67
2.516402374401867837e-61
8.756725909218260599e-58
1.000000000000000000e+00
8.016247261382775626e-61
3.512078815366557360e-61
1.000000000000000000e+00
1.000000000000000000e+00
1.285888567059041260e-64
1.811994404511228733e-37
6.872052772584454312e-65
1.000000000000000000e+00
7.487540408236406917e-67
1.000000000000000000e+00
1.000000000000000000e+00
1.000000000000000000e+00
1.000000000000000000e+00
2.040127127930847337e-57
4.790719217218298922e-54
1.000000000000000000e+00
9.999999999850091026e-01
5.514768477886314853e-37
1.000000000000000000e+00
1.000000000000000000e+00
1.000000000000000000e+00
4.766320165812993690e-65
1.000000000000000000e+00
2.836751752521505737e-62
3.116395330020978314e-60
2.384570801348018343e-53
1.810294262604661472e-61
1.485228750068761500e-65
1.000000000000000000e+00
1.000000000000000000e+00
5.585781381174043914e-49
3.056765612228804996e-54
2.121717465468527268e-65
6.846843021525996978e-59
2.443429650608405163e-65
2.157019973279037837e-57
1.000000000000000000e+00
9.390560994438547994e-65
1.291821008734577681e-55
2.833810960997117894e-44
1.000000000000000000e+00
1.219649018517537698e-17
1.000000000000000000e+00
7.356889185837408205e-46
1.315632038236910383e-32
4.709408173236453480e-47
1.000000000000000000e+00
1.000000000000000000e+00
8.362870315291416993e-46
1.798519615505256593e-42
1.000000000000000000e+00
6.809843434324056474e-46
8.126955641760482067e-48
1.000000000000000000e+00
4.605057532330268156e-42
1.000000000000000000e+00
1.000000000000000000e+00
3.782339170771530963e-46
4.008277340146541547e-45
1.000000000000000000e+00
3.921409967978274483e-43
1.000000000000000000e+00
3.678017405350933529e-46
5.782413539867979082e-44
6.075747911002676685e-34
1.103322172168626270e-45
9.999999999999737987e-01
1.000000000000000000e+00
1.160281580623578761e-44
1.000000000000000000e+00
1.000000000000000000e+00
3.703369984342209766e-45
1.000000000000000000e+00
6.069342193273952352e-37
7.906266959823029083e-44
4.046858817250856204e-47
4.589056554175172032e-44
1.000000000000000000e+00
1.000000000000000000e+00
5.731986500626561899e-41
3.521159624710231163e-41
1.000000000000000000e+00
1.000000000000000000e+00
1.055795447437505093e-45
4.995823020537654045e-44
1.000000000000000000e+00
5.987966752043921577e-46
7.279301430741726382e-11
9.658270099154464550e-01
1.000000000000000000e+00
1.528002362596644981e-44
1.913140083595851050e-21
5.604229550642546767e-45
1.000000000000000000e+00
9.698120417072345212e-46
4.654145791689983953e-35
2.391244107735050941e-45
1.219197626855870643e-40
1.000000000000000000e+00
1.961112615829565800e-46
1.000000000000000000e+00
1.000000000000000000e+00
2.188279738375126131e-41
1.566931214857218912e-38
1.598058481480046438e-38
3.056298369553385745e-44
1.000000000000000000e+00
1.000000000000000000e+00
1.000000000000000000e+00
1.000000000000000000e+00
1.000000000000000000e+00
1.000000000000000000e+00
9.725177650677862859e-42
1.000000000000000000e+00
6.508102833444470703e-34
4.597853506724711941e-43
9.999926780562976569e-01
1.000000000000000000e+00
1.032995630798713184e-38
9.303874027428050147e-25
4.888057984042050956e-35
1.758873983576622262e-40
3.146833245832284191e-43
7.486320870236290413e-35
3.904011524162872890e-43
8.211043761279530923e-33
5.173849486703546622e-43
1.000000000000000000e+00
4.931163534798259999e-41
1.000000000000000000e+00
1.000000000000000000e+00
1.000000000000000000e+00
1.000000000000000000e+00
1.000000000000000000e+00
1.000000000000000000e+00
1.000000000000000000e+00
1.757193567173177749e-22
3.968605859342420146e-43
1.000000000000000000e+00
4.421130477294149453e-25
1.000000000000000000e+00
1.817267725086215345e-36
1.000000000000000000e+00
5.930566703783910829e-32
2.519771752916012000e-43
1.000000000000000000e+00
8.676719146364976883e-33
3.520704155141703299e-40
1.000000000000000000e+00
7.036151197927133166e-40
4.303709918417400664e-42
7.627374593243547448e-43
8.068074235314651872e-37
1.000000000000000000e+00
1.000000000000000000e+00
1.530620008861924923e-44
3.325221022037121338e-39
2.838354852558199937e-21
1.000000000000000000e+00
9.999999999999997780e-01
8.180615705026182321e-42
1.000000000000000000e+00
3.570190100259829701e-41
1.000000000000000000e+00
9.023487926874441648e-41
1.000000000000000000e+00
2.101838391680042880e-41
1.909795441076269961e-41
1.879654847060807077e-44
1.000000000000000000e+00
1.196039664739633134e-43
4.928734394198730864e-37
1.437201169209255073e-45
1.419218974008976545e-43
1.947324160028980521e-22
1.000000000000000000e+00
5.084539409191576360e-44
1.294195101957240855e-38
9.999996608030747858e-01
9.999999999996638245e-01
1.000000000000000000e+00
1.005076077692464294e-42
1.000000000000000000e+00
1.000000000000000000e+00
1.000000000000000000e+00
1.000000000000000000e+00
1.282906288888960393e-44
5.577566275697121135e-44
1.000000000000000000e+00
5.813270397169114229e-34
5.209564484931295546e-43
1.000000000000000000e+00
1.732157298757296927e-46
2.569584783306095458e-28
1.216450897121521743e-41
1.000000000000000000e+00
9.446945582137142408e-45
1.000000000000000000e+00
1.000000000000000000e+00
9.999999999890281099e-01
1.000000000000000000e+00
1.717576576442073896e-42
1.143522715338450433e-44
1.512839418000784355e-45
9.999999999832389630e-01
1.000000000000000000e+00
1.000000000000000000e+00
6.570598179102135295e-45
1.000000000000000000e+00
2.234561616786334913e-43
1.000000000000000000e+00
2.776654815985888372e-25
9.999999999999926725e-01
4.816535095546332556e-46
1.000000000000000000e+00
5.367862381608426628e-42
1.000000000000000000e+00
4.836379453466254330e-45
4.483372130491798241e-28
7.826537024217193914e-44
1.000000000000000000e+00
3.258033496433592074e-42
1.000000000000000000e+00
5.509875206743390103e-45
7.648002042286672980e-41
9.212959381069933864e-20
1.000000000000000000e+00
1.725763759881529202e-42
2.257296117406708420e-46
2.444442543054078824e-30
1.000000000000000000e+00
3.226408407392781596e-46
1.000000000000000000e+00
1.000000000000000000e+00
1.000000000000000000e+00
1.000000000000000000e+00
5.293260745049753107e-45
6.013571311716280331e-40
6.594781021820617153e-45
7.254199404647099697e-45
1.000000000000000000e+00
9.999999989557126767e-01
9.999248680188859151e-01
1.000000000000000000e+00
9.999999999999940048e-01
1.000000000000000000e+00
1.735759250087275445e-45
1.000000000000000000e+00
3.960372994184904918e-33
1.000000000000000000e+00
1.000000000000000000e+00
2.888644336911817854e-46
1.211670746614338834e-40
5.976062356247579116e-45
1.000000000000000000e+00
2.842899501482928764e-37
9.999999999998880895e-01
4.607224577888185885e-24
9.391047307833412239e-01
9.999999999997792877e-01
1.000000000000000000e+00
1.025683272234846186e-34
1.000000000000000000e+00
1.000000000000000000e+00
1.000000000000000000e+00
1.264133050477601836e-42
1.043916322397162906e-42
1.000000000000000000e+00
2.314527804964273153e-42
1.709983810832528813e-43
5.861710062599952544e-44
1.000000000000000000e+00
1.100537913827365881e-45
1.086954049259718693e-38
7.789722992078966235e-45
9.999999995696959854e-01
1.000000000000000000e+00
1.000000000000000000e+00
1.000000000000000000e+00
1.000000000000000000e+00
1.000000000000000000e+00
1.000000000000000000e+00
5.150438487054605148e-44
5.218977862414831490e-33
3.333166400937728765e-38
3.305035954809333537e-46
1.277595300342859584e-36
1.465474035959098786e-42
1.000000000000000000e+00
2.508393188802292465e-44
1.000000000000000000e+00
8.470643254827674440e-01
2.287154968364228646e-29
1.000000000000000000e+00
4.686208694083457159e-46
3.263557958688592500e-17
1.000000000000000000e+00
4.907070818200287831e-46
1.274821602493505606e-06
8.280809302291375191e-47
1.000000000000000000e+00
1.000000000000000000e+00
3.227414284576211935e-32
8.534558894435721769e-33
2.607278640636708574e-24
7.954115350898599692e-37
1.261856966744417972e-39
2.762452628045947342e-26
9.663964458039154826e-01
1.901349497356946530e-30
9.997291726205765894e-01
5.210212733183837582e-41
3.866686053510540522e-47
1.000000000000000000e+00
9.999999999897881686e-01
1.000000000000000000e+00
1.000000000000000000e+00
1.000000000000000000e+00
1.000000000000000000e+00
9.816244561258191804e-44
6.114928372647429656e-36
8.821694309680080896e-46
3.875681348342787393e-31
3.962924423685461813e-20
4.602582893534640283e-32
1.000000000000000000e+00
5.571164106865572255e-34
1.527107044262978770e-44
3.577235596927134558e-46
5.193637457881006416e-36
1.000000000000000000e+00
1.000000000000000000e+00
2.350224393676651305e-43
1.000000000000000000e+00
1.859041585886373655e-20
1.000000000000000000e+00
1.000000000000000000e+00
8.766834239813836925e-42
1.355541307559394451e-45
1.000000000000000000e+00
9.999999999963695707e-01
8.562857072526865210e-39
6.026018771907520126e-38
1.000000000000000000e+00
1.000000000000000000e+00
9.999999988694101560e-01
7.882777894015961997e-38
1.000000000000000000e+00
9.451009962891736555e-39
1.000000000000000000e+00
3.440942217022917321e-37
3.839030847743949836e-36
8.231554408590449712e-37
1.000000000000000000e+00
1.000000000000000000e+00
1.000000000000000000e+00
1.000000000000000000e+00
1.979692481605904613e-32
1.000000000000000000e+00
1.000000000000000000e+00
1.000000000000000000e+00
4.639064401756594501e-29
5.339930729110390414e-39
1.000000000000000000e+00
1.719819154128390641e-36
1.000000000000000000e+00
1.000000000000000000e+00
9.999999999986621813e-01
1.000000000000000000e+00
4.281126322702985919e-40
1.000000000000000000e+00
1.292211609503900183e-03
6.117630932026355715e-37
1.000000000000000000e+00
1.000000000000000000e+00
1.388518226163211893e-39
1.000000000000000000e+00
9.999999995251667162e-01
2.816929018800796867e-38
1.010927107267942771e-38
9.999999999999868994e-01
4.383294563951150471e-38
2.087493347066134737e-37
1.246009207857141449e-24
6.565121606383982003e-37
1.910811418564360707e-36
1.000000000000000000e+00
1.468865776030191124e-36
1.000000000000000000e+00
2.742378541094191097e-38
3.776170846926315581e-38
2.075881063396477453e-31
1.421838434933724970e-04
6.697101415294623468e-40
1.000000000000000000e+00
3.554574971392345262e-32
3.284442171447270552e-29
5.286214091592985558e-34
1.000000000000000000e+00
9.999999999999569233e-01
1.000000000000000000e+00
1.524011094292595640e-39
1.000000000000000000e+00
1.000000000000000000e+00
1.000000000000000000e+00
1.000000000000000000e+00
1.480304792983981997e-45
2.207736304208352332e-02
2.712660498808897469e-47
7.230251203285288032e-47
9.999999997710835586e-01
1.000000000000000000e+00
1.000000000000000000e+00
3.922005077138209085e-43
1.000000000000000000e+00
2.883918227162023817e-45
1.000000000000000000e+00
1.000000000000000000e+00
1.000000000000000000e+00
1.000000000000000000e+00
9.999999999999997780e-01
3.138985042663865016e-44
3.233573048809226831e-49
1.000000000000000000e+00
1.000000000000000000e+00
1.000000000000000000e+00
3.313994399534497294e-48
5.331300184087613443e-40
1.000000000000000000e+00
1.000000000000000000e+00
1.000000000000000000e+00
1.000000000000000000e+00
2.689130265482407510e-49
2.331658529748772781e-40
1.000000000000000000e+00
4.333039372741715091e-36
1.000000000000000000e+00
1.000000000000000000e+00
2.149377150214637584e-42
3.497683221512322488e-38
5.335578294496389982e-42
1.050540296027713468e-47
4.860964446510060356e-42
3.561812553257856925e-46
6.324947304702229175e-37
3.475244906286643810e-49
1.000000000000000000e+00
1.000000000000000000e+00
1.000000000000000000e+00
1.731022169668107957e-47
4.357480741119762339e-42
3.581389459596885982e-47
5.389198218247497025e-40
1.000000000000000000e+00
1.000000000000000000e+00
3.666373651805709118e-44
1.452676115967351205e-45
1.740198972541548609e-41
9.999999961902181767e-01
1.532785451798274728e-44
7.938420734343331797e-30
1.761440222997898945e-28
8.776585872171639905e-29
9.726617711665993538e-01
9.999999997753892256e-01
9.999999450873188200e-01
9.370584632351356552e-03
9.990172777481804989e-01
9.999994525201143514e-01
1.268935528419630921e-04
9.999999142181845713e-01
5.184038134808638776e-32
1.411950138884183495e-30
1.666924669301387502e-25
8.876338163007653988e-09
8.962708435629621415e-32
9.998818002876326272e-01
6.917357970348815835e-07
1.503439200007968396e-26
9.999996067269328881e-01
1.973848215690312077e-31
5.493447361728095059e-31
9.999999996240762634e-01
5.103032018352627417e-31
7.368945910649723485e-01
2.384021194373396073e-31
1.217012742148733024e-31
1.901402629740928107e-01
7.348795517260444310e-04
8.809700740608680395e-27
9.929043879156745911e-01
9.999999999520581273e-01
9.999999999989708233e-01
9.999988385990726814e-01
1.574971367180165006e-15
9.774323437427429040e-05
2.078391756877486688e-29
9.998558949824765119e-01
1.897756890169885895e-28
7.221376746186324302e-01
9.999999974957081150e-01
3.075506259903485123e-06
9.938966922424626871e-01
9.999999990538714911e-01
9.999999995217743187e-01
9.999999965076025177e-01
2.282985265588752421e-28
9.999999704791766586e-01
2.825581477140596568e-31
8.194539291496560429e-26
9.999957722653208814e-01
9.999989934823297899e-01
2.773896868667738993e-25
9.999999889424940891e-01
9.999999751753918531e-01
9.996826846872535199e-01
4.754875089007814593e-30
5.466181183248326828e-05
1.248142460898220179e-30
2.772570849512811643e-09
7.660971586073706564e-32
9.999999999999997780e-01
9.999999999994269029e-01
6.381837441626608820e-02
2.763955448105332373e-11
2.289207694917562398e-36
8.062855001999446458e-31
9.808375248201699794e-36
9.999999999874524814e-01
4.639463800134199800e-36
2.284116016782921888e-35
9.999999897369457047e-01
4.709507650786042217e-15
1.000000000000000000e+00
5.831251899717898249e-32
1.000000000000000000e+00
1.492841964108244919e-37
2.333561060043793596e-35
9.999999991570300839e-01
8.409500835827583473e-37
4.325077054142818749e-36
1.859179009078513816e-26
9.999999999981452614e-01
7.877814912763304078e-36
9.999999999999984457e-01
1.860429887668169045e-10
9.999999999987039256e-01
1.142146810497082359e-07
2.344158956445267492e-36
9.792118997885692035e-32
7.768114040159191679e-36
6.590555192575634907e-36
9.999999999999191758e-01
9.999999999999984457e-01
2.438175873833067284e-35
9.999999999511437476e-01
5.899188111352811256e-30
1.065878449490226579e-33
1.000000000000000000e+00
9.999999999980391241e-01
9.999999999999997780e-01
6.378351151291195058e-36
9.999999999998838707e-01
9.425619844781162491e-34
5.684916892203763042e-35
9.996645752288909614e-01
9.999999999981901144e-01
9.308819637255019153e-01
2.461876888545816312e-36
8.785004944770252233e-33
1.196873862333204929e-29
1.000000000000000000e+00
4.644902538461793801e-36
8.724584780157053930e-34
4.020107876361627758e-33
1.227504032670969450e-32
2.492815009005170922e-13
5.537308585449893701e-37
1.260653091758862131e-32
4.217872044856605133e-33
1.000000000000000000e+00
