5.660389911645439254e-01
5.626204719556551215e-01
5.692604353125599870e-01
5.654859382359119779e-01
5.560977019861071957e-01
5.638168062471451414e-01
5.601774444116321972e-01
5.624682565442493676e-01
5.600169175022864376e-01
5.647728907819716815e-01
5.648946582788360038e-01
5.640400377003115251e-01
5.694425737492024853e-01
5.631776075434924422e-01
5.646641755214976133e-01
5.624015115794330777e-01
5.588331410520706033e-01
5.505813321752333067e-01
5.698063132434036948e-01
5.619048658312537636e-01
5.653643622380920553e-01
5.643905236783509638e-01
5.630102390862071760e-01
5.598196210326111810e-01
5.516327360058006501e-01
5.642315025199637901e-01
5.594588556007588087e-01
5.662401883575319816e-01
5.643579962513518566e-01
5.634609587807314357e-01
5.603007445460427283e-01
5.618034919600674026e-01
5.620002124147204237e-01
5.668013992172702409e-01
5.624936395327295724e-01
5.665907661375311211e-01
5.671106794412501539e-01
5.688212911024721485e-01
5.643974560353290926e-01
5.613966297230535973e-01
5.677251032494808891e-01
5.583261820016609533e-01
5.658731715020389741e-01
5.657548633891629208e-01
5.669576084681791084e-01
5.594092835991828494e-01
5.605637615031769938e-01
5.647195563987813527e-01
5.634728789152596562e-01
5.641010861964566026e-01
5.622563113888047193e-01
5.595940218891108930e-01
5.681913689529305422e-01
5.621061134414416793e-01
5.634993052131707092e-01
5.631131122862547134e-01
5.587033287867947395e-01
5.665527595091719437e-01
5.608745609357452810e-01
5.598024001713512998e-01
5.604846809871015800e-01
5.692206628866829377e-01
5.585151669024087662e-01
5.646531999329443829e-01
