5.722774526356304570e-01
5.671534899989246759e-01
5.703981902672854432e-01
5.718932173933862773e-01
5.703757394361038680e-01
5.678407218991989858e-01
5.708919385905393273e-01
5.682077999852859218e-01
5.693109809442415958e-01
5.765697858912814944e-01
5.646037272544730534e-01
5.725008407599965210e-01
5.745186142197363788e-01
5.635016151574642196e-01
5.664962318159557642e-01
5.618391821338543091e-01
5.669418931234215808e-01
5.631626766184635313e-01
5.728754319312777676e-01
5.764248287599290643e-01
5.690932114050518686e-01
5.613385592756030551e-01
5.639731161874156351e-01
5.740858398379834471e-01
5.555472075984260183e-01
5.693920325863378595e-01
5.696147163300300242e-01
5.618591148596727702e-01
5.656956813545318541e-01
5.631944559135977357e-01
5.699160440785557835e-01
5.598497071474716202e-01
5.719403368199085236e-01
5.771684111197420419e-01
5.648540894537451562e-01
5.677947001211990363e-01
5.670918460791455340e-01
5.755630052853205614e-01
5.701505006348185356e-01
5.700292133651906346e-01
5.600444881047108581e-01
5.735975554946898258e-01
5.680521563727118917e-01
5.704045544091953523e-01
5.716110052950879039e-01
5.770851217737182903e-01
5.742107329861717568e-01
5.778456856413038967e-01
5.647139033332432279e-01
5.747709838956459594e-01
5.662672013476138799e-01
5.650601287510303994e-01
5.734906418367142766e-01
5.665440643675755394e-01
5.689195531203647960e-01
5.762168301302629247e-01
5.692061169856990066e-01
5.674061067488318510e-01
5.687646139444239024e-01
5.662626485104581553e-01
5.724002512181098901e-01
5.685375255480794587e-01
5.650346311771812235e-01
5.659389356157944473e-01
