5.483506841126527531e-01
5.527557694422482459e-01
5.493549174024634496e-01
5.515824086629933509e-01
5.503491193783671687e-01
5.503038729232788695e-01
5.508813580975696622e-01
5.550080479971030156e-01
5.518873740538663419e-01
5.544564029759004864e-01
5.547783928689538069e-01
5.507023769557256587e-01
5.521253223356370476e-01
5.539673398319920894e-01
5.474585180959200548e-01
5.530418799670093755e-01
5.542305785709100707e-01
5.483766467645212472e-01
5.510877222718986168e-01
5.530770432802001313e-01
5.528871314093222189e-01
5.482287421755944745e-01
5.517751183871629772e-01
5.479407423378307440e-01
5.532467068309477876e-01
5.515244840764106371e-01
5.566612909600291426e-01
5.449016510504038902e-01
5.553184801862350861e-01
5.482600168717085554e-01
5.496481158078728724e-01
5.531187397255683535e-01
5.418941093053551983e-01
5.560116641428088924e-01
5.497925068903711798e-01
5.519542803414181353e-01
5.522003329903976132e-01
5.485525443331790152e-01
5.540313290996653484e-01
5.494078407440390333e-01
5.576617848533234056e-01
5.557967939411375680e-01
5.523677960516201191e-01
5.552246718292512817e-01
5.531569158901351591e-01
5.536936549287019282e-01
5.493727551349990579e-01
5.492922715265466937e-01
5.481219587382639702e-01
5.513194204051926617e-01
5.552527262547553022e-01
5.540046555207727152e-01
5.515568375103461207e-01
5.478318871999949824e-01
5.540400949019452792e-01
5.503208287056777781e-01
5.549562765858027102e-01
5.488744027891184762e-01
5.491214412851148641e-01
5.566206189818269090e-01
5.553940874973541941e-01
5.460987034802885498e-01
5.498618461074751274e-01
5.509874132634993149e-01
