5.509704939365671628e-01
5.521555607175089309e-01
5.507440329169888127e-01
5.518437818442832876e-01
5.502876915954323378e-01
5.527808550695280099e-01
5.518673003642877717e-01
5.528400414262363283e-01
5.550261225663039033e-01
5.522748490504081342e-01
5.541137429612856824e-01
5.508993985406450689e-01
5.529247506302176207e-01
5.480473381793612431e-01
5.542254720895052333e-01
5.502636423013893552e-01
5.541858455068708889e-01
5.526725535974675863e-01
5.561812952018291289e-01
5.536637285774557160e-01
5.613678903665982878e-01
5.583789128030686166e-01
5.546667067902156800e-01
5.493599278772347549e-01
5.574510214876963188e-01
5.470867280267338595e-01
5.515122160891454683e-01
5.544157943490146678e-01
5.549703907014843507e-01
5.532858972117172813e-01
5.587968797959869116e-01
5.533053176652783511e-01
5.429446533308536216e-01
5.543259796914943305e-01
5.556275904418845890e-01
5.533956799236869895e-01
5.515595028741825390e-01
5.572992729786689914e-01
5.512120116516405766e-01
5.541765986107387576e-01
5.489862684865326470e-01
5.590912235578264777e-01
5.566150940691817484e-01
5.542585828652636382e-01
5.542815490725172545e-01
5.537239329294311174e-01
5.560361033114535889e-01
5.487822782800059196e-01
5.541189716056474923e-01
5.548470456705887344e-01
5.496029951819798587e-01
5.528087632299348853e-01
5.539271470985261958e-01
5.508070475379013287e-01
5.563304626934708619e-01
5.588914639462951861e-01
5.532022964652818509e-01
5.538456492119661068e-01
5.564812200503861384e-01
5.502020114276745533e-01
5.574569590173761302e-01
5.524637733571595710e-01
5.567192907007209035e-01
5.554889251797205940e-01
