5.555628845128987026e-01
5.583424981223532590e-01
5.562720314454029369e-01
5.560699133515573100e-01
5.534786468511149193e-01
5.545528258306291480e-01
5.596088865324928552e-01
5.554232465119883777e-01
5.540599867549023116e-01
5.544152405672339023e-01
5.505568963714275732e-01
5.571021706237700988e-01
5.487837807805503454e-01
5.541611452083252676e-01
5.559868393977923651e-01
5.564325778659970911e-01
5.581474488212196938e-01
5.598086771795791616e-01
5.524820287964504750e-01
5.552128120486179430e-01
5.556685537036213374e-01
5.524754984091398979e-01
5.612107078665764526e-01
5.593864296169114292e-01
5.559511176533097343e-01
5.565545358266681397e-01
5.577643689822295858e-01
5.548164168636078308e-01
5.592337810102612217e-01
5.557168396704310620e-01
5.571350055563774051e-01
5.567368549267470712e-01
5.554700243088152023e-01
5.490023552165889109e-01
5.581405169850851555e-01
5.592200839876778629e-01
5.547175272734360396e-01
5.545274083893593220e-01
5.591706792940774884e-01
5.623135941167667351e-01
5.574460378801586735e-01
5.572185259021494863e-01
5.616209635201933059e-01
5.543000687068043719e-01
5.556806406701186862e-01
5.573149429519135278e-01
5.581241197598981740e-01
5.550168161166315617e-01
5.543575802699035604e-01
5.509033860706001873e-01
5.540441502717521338e-01
5.546301932826785963e-01
5.590421359868052997e-01
5.600931028605630191e-01
5.564342336711803894e-01
5.534787644957221975e-01
5.579193657055406819e-01
5.576370751995027852e-01
5.577305727493832022e-01
5.591284598455296129e-01
5.593781230968707385e-01
5.546260056152120255e-01
5.584527322466615873e-01
5.558482897038282688e-01
