5.648525315606083286e-01
5.636039592345070126e-01
5.603501995191750851e-01
5.643591706478153780e-01
5.625015246052503803e-01
5.716131710322556181e-01
5.673740841052620221e-01
5.664014509113231011e-01
5.582366060634459393e-01
5.584111112052961845e-01
5.651251321020671625e-01
5.628960438658453524e-01
5.589140046428457964e-01
5.656293516550873202e-01
5.564621126024537068e-01
5.607900919758281866e-01
5.677743826258718762e-01
5.663259635566945116e-01
5.596645327979304918e-01
5.600429933644857083e-01
5.707171486497146784e-01
5.629891060086824606e-01
5.576958938700629087e-01
5.633700998228075019e-01
5.574969591545753111e-01
5.719811573116895254e-01
5.601942351921540553e-01
5.558655804128198596e-01
5.652981933777945223e-01
5.582108889752633862e-01
5.538666743920912516e-01
5.666952314830646653e-01
5.649652368715190054e-01
5.644045845099776582e-01
5.688392267046437079e-01
5.660281724359732536e-01
5.655205528242298607e-01
5.626799958260035872e-01
5.586684113465151258e-01
5.624141671717038937e-01
5.627195992147709935e-01
5.670183129421469959e-01
5.597071097326828948e-01
5.603515708316249011e-01
5.701104514397207224e-01
5.678043809817745480e-01
5.646682926816147807e-01
5.611454799809237892e-01
5.650517242387917971e-01
5.707291662289224465e-01
5.690498568990595141e-01
5.684268822909769314e-01
5.588067650029510114e-01
5.636942938883798826e-01
5.659383728512843437e-01
5.690053977215763226e-01
5.589516986162007539e-01
5.700390214473044503e-01
5.637395552258926967e-01
5.516151252022434281e-01
5.679511102802193845e-01
5.649441310017291329e-01
5.703510923219151652e-01
5.587632027914054555e-01
