5.641170466433881314e-01
5.669608361997571233e-01
5.690478877126536883e-01
5.566542250479619147e-01
5.594004644969681195e-01
5.635286524379042872e-01
5.652638874679998260e-01
5.637296104645587169e-01
5.544610956529738566e-01
5.618469974906507014e-01
5.593878286749763840e-01
5.625317630136699165e-01
5.582214884298295487e-01
5.689100917237742694e-01
5.553538810932667769e-01
5.614919808868809037e-01
5.577175925331471218e-01
5.662951107291406272e-01
5.662803432386753766e-01
5.626841877149278970e-01
5.684832143418611095e-01
5.556594383400682569e-01
5.587486424095512438e-01
5.551244604178638964e-01
5.675196646851501381e-01
5.611301371912534863e-01
5.668633155270109691e-01
5.668481699521269457e-01
5.586665627731112194e-01
5.593591288487915758e-01
5.664941453759227974e-01
5.649150169672024768e-01
5.662574355916353275e-01
5.664228367462940117e-01
5.504010914796619858e-01
5.518969117520652334e-01
5.564991868432823674e-01
5.726746862567033691e-01
5.612372877597978649e-01
5.637606844102492909e-01
5.647404091832257667e-01
5.556735744302052638e-01
5.546474044759531763e-01
5.576138744443023265e-01
5.588951924138083616e-01
5.688133601886213864e-01
5.561062786417173553e-01
5.661053346966258282e-01
5.616314355442618700e-01
5.591779838461973240e-01
5.617303240700883826e-01
5.514304758942643048e-01
5.679523879285854893e-01
5.566806433076759708e-01
5.494692920035895156e-01
5.615355762864896461e-01
5.667172167808446348e-01
5.606343869737836494e-01
5.606289306668506001e-01
5.501063788026890888e-01
5.667971740654429436e-01
5.684053429279443126e-01
5.609304739714404686e-01
5.615352380217212280e-01
