5.536761953743873921e-01
5.581456972355585133e-01
5.587143162122630846e-01
5.617305363684695907e-01
5.585826485413241116e-01
5.623209355601302972e-01
5.578637174383501707e-01
5.529482685617996829e-01
5.585142292219237303e-01
5.512360305897778812e-01
5.611529436149398364e-01
5.615334074438230738e-01
5.635123012545073529e-01
5.565090732615436409e-01
5.527448105564495284e-01
5.543153387922687969e-01
5.621933329504582577e-01
5.530773927895076270e-01
5.652767629974259078e-01
5.575945547499594479e-01
5.635160299402300899e-01
5.600072564589010371e-01
5.528333030509445800e-01
5.550292592979937378e-01
5.625889543290891748e-01
5.612420170703166233e-01
5.549530109366037633e-01
5.525759046596816493e-01
5.631269443709265854e-01
5.541052980204238532e-01
5.624432493619607731e-01
5.584437520061833471e-01
5.529254069951404782e-01
5.593594277402792470e-01
5.585672117781277368e-01
5.573284513039999943e-01
5.620103795738581320e-01
5.648958604601076461e-01
5.482005539156207252e-01
5.574812508595512472e-01
5.659963849396769664e-01
5.666811219565063285e-01
5.654525707990000205e-01
5.506236939285112930e-01
5.543063028208372600e-01
5.532314428834360642e-01
5.604092044664908956e-01
5.510874839293959937e-01
5.600552935953552192e-01
5.569663141458767175e-01
5.602082578635443344e-01
5.645674679415058073e-01
5.649109752562467834e-01
5.612729804715009818e-01
5.558659919999671128e-01
5.599816569673903288e-01
5.565918559793623377e-01
5.594405839917393486e-01
5.527080648437325827e-01
5.608265519168051938e-01
5.510222618853436449e-01
5.620563008632429858e-01
5.579397729742234802e-01
5.515799857763915570e-01
