5.972167785137330043e-01
5.970922261491156124e-01
5.935380249608838144e-01
5.822444258787287108e-01
5.922638562831576969e-01
5.876505484932897927e-01
5.891260929884335473e-01
5.984966162942675361e-01
5.958127057019871886e-01
6.004833489932677182e-01
5.937434301607811271e-01
5.874876199069244409e-01
5.842403246797094329e-01
5.946645116303396206e-01
5.867621104518120356e-01
5.854369523024119948e-01
5.911216435011628079e-01
5.828967753507978689e-01
5.923100791159543466e-01
5.952065189204835960e-01
5.862223886974893272e-01
5.964204422895610369e-01
6.013964670495940412e-01
5.829381970344115205e-01
5.955327148383567915e-01
5.894001925348154591e-01
5.924337027035687653e-01
5.982459525210832574e-01
5.932992170226855100e-01
5.963612442167641747e-01
5.861700765002295643e-01
6.013516582193533244e-01
5.917002402290743035e-01
5.917917383880109128e-01
6.010315618998119946e-01
5.956229396612892080e-01
5.833666371182530952e-01
5.931577848690293697e-01
5.983519078810698444e-01
5.934167665958619553e-01
5.864238131301739987e-01
5.987634772782038928e-01
5.911295988705349558e-01
5.974164673523697511e-01
5.898994028322986916e-01
5.898572289918438960e-01
5.856647642405089504e-01
5.915629549755967442e-01
5.924184774186098679e-01
5.892345943643768624e-01
5.869604394301396466e-01
5.923812205249314733e-01
5.919866727947341589e-01
5.898454442076491722e-01
5.950607027969384566e-01
5.930926309452134726e-01
5.963016872195139317e-01
5.935783190625226746e-01
5.891348401175604543e-01
5.929067181537442943e-01
5.990805926283089278e-01
5.871565096406663464e-01
5.865481705354422814e-01
5.915265604570273394e-01
