9.982212049545436949e-01
9.975506470926013280e-01
9.969296220943710818e-01
9.971795574229378456e-01
9.933380397009472507e-01
9.974063225406791799e-01
9.972135960582824143e-01
9.979334416150503762e-01
9.960013118196167081e-01
9.961347226984014203e-01
9.898015049273518606e-01
9.955790934912284174e-01
9.950097683632829204e-01
9.963583163795790565e-01
9.967657894205718128e-01
9.944950924535390646e-01
9.955810439760368613e-01
9.950784864241848382e-01
9.947521191144891306e-01
9.977171637380779501e-01
9.960507140586226660e-01
9.975905734881677089e-01
9.923557435423574491e-01
9.974230348145880498e-01
9.914712411338992837e-01
9.959460497269914114e-01
9.945008260176799730e-01
9.962183142497399446e-01
9.968677321636794098e-01
9.974144829656371725e-01
9.954068427441578049e-01
9.973410640956925644e-01
9.962767495946233121e-01
9.950350329575484709e-01
9.965550562448818317e-01
9.972918604267458909e-01
9.974033434634002049e-01
9.980422181473260768e-01
9.972504844740625041e-01
9.975089392061142757e-01
9.976863685929275860e-01
9.940351697258117403e-01
9.965530745865311957e-01
9.946516157355355103e-01
9.966147272794404488e-01
9.969557035567006009e-01
9.924376563310554067e-01
9.935442179891991188e-01
9.974281241508646811e-01
9.966005020212894694e-01
9.954436524240750650e-01
9.930150578828690344e-01
9.966852303770626920e-01
9.980453365662560472e-01
9.930156015563080807e-01
9.942788116446052982e-01
9.949067606440663569e-01
9.982665045529787173e-01
9.977909949359609065e-01
9.956822222667796041e-01
9.959254992497983405e-01
9.939382103483851427e-01
9.965222755667467736e-01
9.978066071795541614e-01
