5.660389911645439254e-01
5.626204719556551215e-01
5.692604353125599870e-01
5.654859382359119779e-01
5.560977019861071957e-01
5.638168062471451414e-01
5.601774444116321972e-01
5.624682565442493676e-01
5.600169175022864376e-01
5.647728907819716815e-01
5.648946582788360038e-01
5.640400377003115251e-01
5.694425737492024853e-01
5.631776075434924422e-01
5.646641755214976133e-01
5.624015115794330777e-01
5.588331410520706033e-01
5.505813321752333067e-01
5.698063132434036948e-01
5.619048658312537636e-01
5.653643622380920553e-01
5.643905236783509638e-01
5.630102390862071760e-01
5.598196210326111810e-01
5.516327360058006501e-01
5.642315025199637901e-01
5.594588556007588087e-01
5.662401883575319816e-01
5.643579962513518566e-01
5.634609587807314357e-01
5.603007445460427283e-01
5.618034919600674026e-01
5.620002124147204237e-01
5.668013992172702409e-01
5.624936395327295724e-01
5.665907661375311211e-01
5.671106794412501539e-01
5.688212911024721485e-01
5.643974560353290926e-01
5.613966297230535973e-01
5.677251032494808891e-01
5.583261820016609533e-01
5.658731715020389741e-01
5.657548633891629208e-01
5.669576084681791084e-01
5.594092835991828494e-01
5.605637615031769938e-01
5.647195563987813527e-01
5.634728789152596562e-01
5.641010861964566026e-01
5.622563113888047193e-01
5.595940218891108930e-01
5.681913689529305422e-01
5.621061134414416793e-01
5.634993052131707092e-01
5.631131122862547134e-01
5.587033287867947395e-01
5.665527595091719437e-01
5.608745609357452810e-01
5.598024001713512998e-01
5.604846809871015800e-01
5.692206628866829377e-01
5.585151669024087662e-01
5.646531999329443829e-01
5.722774526356304570e-01
5.671534899989246759e-01
5.703981902672854432e-01
5.718932173933862773e-01
5.703757394361038680e-01
5.678407218991989858e-01
5.708919385905393273e-01
5.682077999852859218e-01
5.693109809442415958e-01
5.765697858912814944e-01
5.646037272544730534e-01
5.725008407599965210e-01
5.745186142197363788e-01
5.635016151574642196e-01
5.664962318159557642e-01
5.618391821338543091e-01
5.669418931234215808e-01
5.631626766184635313e-01
5.728754319312777676e-01
5.764248287599290643e-01
5.690932114050518686e-01
5.613385592756030551e-01
5.639731161874156351e-01
5.740858398379834471e-01
5.555472075984260183e-01
5.693920325863378595e-01
5.696147163300300242e-01
5.618591148596727702e-01
5.656956813545318541e-01
5.631944559135977357e-01
5.699160440785557835e-01
5.598497071474716202e-01
5.719403368199085236e-01
5.771684111197420419e-01
5.648540894537451562e-01
5.677947001211990363e-01
5.670918460791455340e-01
5.755630052853205614e-01
5.701505006348185356e-01
5.700292133651906346e-01
5.600444881047108581e-01
5.735975554946898258e-01
5.680521563727118917e-01
5.704045544091953523e-01
5.716110052950879039e-01
5.770851217737182903e-01
5.742107329861717568e-01
5.778456856413038967e-01
5.647139033332432279e-01
5.747709838956459594e-01
5.662672013476138799e-01
5.650601287510303994e-01
5.734906418367142766e-01
5.665440643675755394e-01
5.689195531203647960e-01
5.762168301302629247e-01
5.692061169856990066e-01
5.674061067488318510e-01
5.687646139444239024e-01
5.662626485104581553e-01
5.724002512181098901e-01
5.685375255480794587e-01
5.650346311771812235e-01
5.659389356157944473e-01
5.483506841126527531e-01
5.527557694422482459e-01
5.493549174024634496e-01
5.515824086629933509e-01
5.503491193783671687e-01
5.503038729232788695e-01
5.508813580975696622e-01
5.550080479971030156e-01
5.518873740538663419e-01
5.544564029759004864e-01
5.547783928689538069e-01
5.507023769557256587e-01
5.521253223356370476e-01
5.539673398319920894e-01
5.474585180959200548e-01
5.530418799670093755e-01
5.542305785709100707e-01
5.483766467645212472e-01
5.510877222718986168e-01
5.530770432802001313e-01
5.528871314093222189e-01
5.482287421755944745e-01
5.517751183871629772e-01
5.479407423378307440e-01
5.532467068309477876e-01
5.515244840764106371e-01
5.566612909600291426e-01
5.449016510504038902e-01
5.553184801862350861e-01
5.482600168717085554e-01
5.496481158078728724e-01
5.531187397255683535e-01
5.418941093053551983e-01
5.560116641428088924e-01
5.497925068903711798e-01
5.519542803414181353e-01
5.522003329903976132e-01
5.485525443331790152e-01
5.540313290996653484e-01
5.494078407440390333e-01
5.576617848533234056e-01
5.557967939411375680e-01
5.523677960516201191e-01
5.552246718292512817e-01
5.531569158901351591e-01
5.536936549287019282e-01
5.493727551349990579e-01
5.492922715265466937e-01
5.481219587382639702e-01
5.513194204051926617e-01
5.552527262547553022e-01
5.540046555207727152e-01
5.515568375103461207e-01
5.478318871999949824e-01
5.540400949019452792e-01
5.503208287056777781e-01
5.549562765858027102e-01
5.488744027891184762e-01
5.491214412851148641e-01
5.566206189818269090e-01
5.553940874973541941e-01
5.460987034802885498e-01
5.498618461074751274e-01
5.509874132634993149e-01
5.509704939365671628e-01
5.521555607175089309e-01
5.507440329169888127e-01
5.518437818442832876e-01
5.502876915954323378e-01
5.527808550695280099e-01
5.518673003642877717e-01
5.528400414262363283e-01
5.550261225663039033e-01
5.522748490504081342e-01
5.541137429612856824e-01
5.508993985406450689e-01
5.529247506302176207e-01
5.480473381793612431e-01
5.542254720895052333e-01
5.502636423013893552e-01
5.541858455068708889e-01
5.526725535974675863e-01
5.561812952018291289e-01
5.536637285774557160e-01
5.613678903665982878e-01
5.583789128030686166e-01
5.546667067902156800e-01
5.493599278772347549e-01
5.574510214876963188e-01
5.470867280267338595e-01
5.515122160891454683e-01
5.544157943490146678e-01
5.549703907014843507e-01
5.532858972117172813e-01
5.587968797959869116e-01
5.533053176652783511e-01
5.429446533308536216e-01
5.543259796914943305e-01
5.556275904418845890e-01
5.533956799236869895e-01
5.515595028741825390e-01
5.572992729786689914e-01
5.512120116516405766e-01
5.541765986107387576e-01
5.489862684865326470e-01
5.590912235578264777e-01
5.566150940691817484e-01
5.542585828652636382e-01
5.542815490725172545e-01
5.537239329294311174e-01
5.560361033114535889e-01
5.487822782800059196e-01
5.541189716056474923e-01
5.548470456705887344e-01
5.496029951819798587e-01
5.528087632299348853e-01
5.539271470985261958e-01
5.508070475379013287e-01
5.563304626934708619e-01
5.588914639462951861e-01
5.532022964652818509e-01
5.538456492119661068e-01
5.564812200503861384e-01
5.502020114276745533e-01
5.574569590173761302e-01
5.524637733571595710e-01
5.567192907007209035e-01
5.554889251797205940e-01
5.555628845128987026e-01
5.583424981223532590e-01
5.562720314454029369e-01
5.560699133515573100e-01
5.534786468511149193e-01
5.545528258306291480e-01
5.596088865324928552e-01
5.554232465119883777e-01
5.540599867549023116e-01
5.544152405672339023e-01
5.505568963714275732e-01
5.571021706237700988e-01
5.487837807805503454e-01
5.541611452083252676e-01
5.559868393977923651e-01
5.564325778659970911e-01
5.581474488212196938e-01
5.598086771795791616e-01
5.524820287964504750e-01
5.552128120486179430e-01
5.556685537036213374e-01
5.524754984091398979e-01
5.612107078665764526e-01
5.593864296169114292e-01
5.559511176533097343e-01
5.565545358266681397e-01
5.577643689822295858e-01
5.548164168636078308e-01
5.592337810102612217e-01
5.557168396704310620e-01
5.571350055563774051e-01
5.567368549267470712e-01
5.554700243088152023e-01
5.490023552165889109e-01
5.581405169850851555e-01
5.592200839876778629e-01
5.547175272734360396e-01
5.545274083893593220e-01
5.591706792940774884e-01
5.623135941167667351e-01
5.574460378801586735e-01
5.572185259021494863e-01
5.616209635201933059e-01
5.543000687068043719e-01
5.556806406701186862e-01
5.573149429519135278e-01
5.581241197598981740e-01
5.550168161166315617e-01
5.543575802699035604e-01
5.509033860706001873e-01
5.540441502717521338e-01
5.546301932826785963e-01
5.590421359868052997e-01
5.600931028605630191e-01
5.564342336711803894e-01
5.534787644957221975e-01
5.579193657055406819e-01
5.576370751995027852e-01
5.577305727493832022e-01
5.591284598455296129e-01
5.593781230968707385e-01
5.546260056152120255e-01
5.584527322466615873e-01
5.558482897038282688e-01
5.648525315606083286e-01
5.636039592345070126e-01
5.603501995191750851e-01
5.643591706478153780e-01
5.625015246052503803e-01
5.716131710322556181e-01
5.673740841052620221e-01
5.664014509113231011e-01
5.582366060634459393e-01
5.584111112052961845e-01
5.651251321020671625e-01
5.628960438658453524e-01
5.589140046428457964e-01
5.656293516550873202e-01
5.564621126024537068e-01
5.607900919758281866e-01
5.677743826258718762e-01
5.663259635566945116e-01
5.596645327979304918e-01
5.600429933644857083e-01
5.707171486497146784e-01
5.629891060086824606e-01
5.576958938700629087e-01
5.633700998228075019e-01
5.574969591545753111e-01
5.719811573116895254e-01
5.601942351921540553e-01
5.558655804128198596e-01
5.652981933777945223e-01
5.582108889752633862e-01
5.538666743920912516e-01
5.666952314830646653e-01
5.649652368715190054e-01
5.644045845099776582e-01
5.688392267046437079e-01
5.660281724359732536e-01
5.655205528242298607e-01
5.626799958260035872e-01
5.586684113465151258e-01
5.624141671717038937e-01
5.627195992147709935e-01
5.670183129421469959e-01
5.597071097326828948e-01
5.603515708316249011e-01
5.701104514397207224e-01
5.678043809817745480e-01
5.646682926816147807e-01
5.611454799809237892e-01
5.650517242387917971e-01
5.707291662289224465e-01
5.690498568990595141e-01
5.684268822909769314e-01
5.588067650029510114e-01
5.636942938883798826e-01
5.659383728512843437e-01
5.690053977215763226e-01
5.589516986162007539e-01
5.700390214473044503e-01
5.637395552258926967e-01
5.516151252022434281e-01
5.679511102802193845e-01
5.649441310017291329e-01
5.703510923219151652e-01
5.587632027914054555e-01
5.641170466433881314e-01
5.669608361997571233e-01
5.690478877126536883e-01
5.566542250479619147e-01
5.594004644969681195e-01
5.635286524379042872e-01
5.652638874679998260e-01
5.637296104645587169e-01
5.544610956529738566e-01
5.618469974906507014e-01
5.593878286749763840e-01
5.625317630136699165e-01
5.582214884298295487e-01
5.689100917237742694e-01
5.553538810932667769e-01
5.614919808868809037e-01
5.577175925331471218e-01
5.662951107291406272e-01
5.662803432386753766e-01
5.626841877149278970e-01
5.684832143418611095e-01
5.556594383400682569e-01
5.587486424095512438e-01
5.551244604178638964e-01
5.675196646851501381e-01
5.611301371912534863e-01
5.668633155270109691e-01
5.668481699521269457e-01
5.586665627731112194e-01
5.593591288487915758e-01
5.664941453759227974e-01
5.649150169672024768e-01
5.662574355916353275e-01
5.664228367462940117e-01
5.504010914796619858e-01
5.518969117520652334e-01
5.564991868432823674e-01
5.726746862567033691e-01
5.612372877597978649e-01
5.637606844102492909e-01
5.647404091832257667e-01
5.556735744302052638e-01
5.546474044759531763e-01
5.576138744443023265e-01
5.588951924138083616e-01
5.688133601886213864e-01
5.561062786417173553e-01
5.661053346966258282e-01
5.616314355442618700e-01
5.591779838461973240e-01
5.617303240700883826e-01
5.514304758942643048e-01
5.679523879285854893e-01
5.566806433076759708e-01
5.494692920035895156e-01
5.615355762864896461e-01
5.667172167808446348e-01
5.606343869737836494e-01
5.606289306668506001e-01
5.501063788026890888e-01
5.667971740654429436e-01
5.684053429279443126e-01
5.609304739714404686e-01
5.615352380217212280e-01
5.536761953743873921e-01
5.581456972355585133e-01
5.587143162122630846e-01
5.617305363684695907e-01
5.585826485413241116e-01
5.623209355601302972e-01
5.578637174383501707e-01
5.529482685617996829e-01
5.585142292219237303e-01
5.512360305897778812e-01
5.611529436149398364e-01
5.615334074438230738e-01
5.635123012545073529e-01
5.565090732615436409e-01
5.527448105564495284e-01
5.543153387922687969e-01
5.621933329504582577e-01
5.530773927895076270e-01
5.652767629974259078e-01
5.575945547499594479e-01
5.635160299402300899e-01
5.600072564589010371e-01
5.528333030509445800e-01
5.550292592979937378e-01
5.625889543290891748e-01
5.612420170703166233e-01
5.549530109366037633e-01
5.525759046596816493e-01
5.631269443709265854e-01
5.541052980204238532e-01
5.624432493619607731e-01
5.584437520061833471e-01
5.529254069951404782e-01
5.593594277402792470e-01
5.585672117781277368e-01
5.573284513039999943e-01
5.620103795738581320e-01
5.648958604601076461e-01
5.482005539156207252e-01
5.574812508595512472e-01
5.659963849396769664e-01
5.666811219565063285e-01
5.654525707990000205e-01
5.506236939285112930e-01
5.543063028208372600e-01
5.532314428834360642e-01
5.604092044664908956e-01
5.510874839293959937e-01
5.600552935953552192e-01
5.569663141458767175e-01
5.602082578635443344e-01
5.645674679415058073e-01
5.649109752562467834e-01
5.612729804715009818e-01
5.558659919999671128e-01
5.599816569673903288e-01
5.565918559793623377e-01
5.594405839917393486e-01
5.527080648437325827e-01
5.608265519168051938e-01
5.510222618853436449e-01
5.620563008632429858e-01
5.579397729742234802e-01
5.515799857763915570e-01
5.972167785137330043e-01
5.970922261491156124e-01
5.935380249608838144e-01
5.822444258787287108e-01
5.922638562831576969e-01
5.876505484932897927e-01
5.891260929884335473e-01
5.984966162942675361e-01
5.958127057019871886e-01
6.004833489932677182e-01
5.937434301607811271e-01
5.874876199069244409e-01
5.842403246797094329e-01
5.946645116303396206e-01
5.867621104518120356e-01
5.854369523024119948e-01
5.911216435011628079e-01
5.828967753507978689e-01
5.923100791159543466e-01
5.952065189204835960e-01
5.862223886974893272e-01
5.964204422895610369e-01
6.013964670495940412e-01
5.829381970344115205e-01
5.955327148383567915e-01
5.894001925348154591e-01
5.924337027035687653e-01
5.982459525210832574e-01
5.932992170226855100e-01
5.963612442167641747e-01
5.861700765002295643e-01
6.013516582193533244e-01
5.917002402290743035e-01
5.917917383880109128e-01
6.010315618998119946e-01
5.956229396612892080e-01
5.833666371182530952e-01
5.931577848690293697e-01
5.983519078810698444e-01
5.934167665958619553e-01
5.864238131301739987e-01
5.987634772782038928e-01
5.911295988705349558e-01
5.974164673523697511e-01
5.898994028322986916e-01
5.898572289918438960e-01
5.856647642405089504e-01
5.915629549755967442e-01
5.924184774186098679e-01
5.892345943643768624e-01
5.869604394301396466e-01
5.923812205249314733e-01
5.919866727947341589e-01
5.898454442076491722e-01
5.950607027969384566e-01
5.930926309452134726e-01
5.963016872195139317e-01
5.935783190625226746e-01
5.891348401175604543e-01
5.929067181537442943e-01
5.990805926283089278e-01
5.871565096406663464e-01
5.865481705354422814e-01
5.915265604570273394e-01
9.982212049545436949e-01
9.975506470926013280e-01
9.969296220943710818e-01
9.971795574229378456e-01
9.933380397009472507e-01
9.974063225406791799e-01
9.972135960582824143e-01
9.979334416150503762e-01
9.960013118196167081e-01
9.961347226984014203e-01
9.898015049273518606e-01
9.955790934912284174e-01
9.950097683632829204e-01
9.963583163795790565e-01
9.967657894205718128e-01
9.944950924535390646e-01
9.955810439760368613e-01
9.950784864241848382e-01
9.947521191144891306e-01
9.977171637380779501e-01
9.960507140586226660e-01
9.975905734881677089e-01
9.923557435423574491e-01
9.974230348145880498e-01
9.914712411338992837e-01
9.959460497269914114e-01
9.945008260176799730e-01
9.962183142497399446e-01
9.968677321636794098e-01
9.974144829656371725e-01
9.954068427441578049e-01
9.973410640956925644e-01
9.962767495946233121e-01
9.950350329575484709e-01
9.965550562448818317e-01
9.972918604267458909e-01
9.974033434634002049e-01
9.980422181473260768e-01
9.972504844740625041e-01
9.975089392061142757e-01
9.976863685929275860e-01
9.940351697258117403e-01
9.965530745865311957e-01
9.946516157355355103e-01
9.966147272794404488e-01
9.969557035567006009e-01
9.924376563310554067e-01
9.935442179891991188e-01
9.974281241508646811e-01
9.966005020212894694e-01
9.954436524240750650e-01
9.930150578828690344e-01
9.966852303770626920e-01
9.980453365662560472e-01
9.930156015563080807e-01
9.942788116446052982e-01
9.949067606440663569e-01
9.982665045529787173e-01
9.977909949359609065e-01
9.956822222667796041e-01
9.959254992497983405e-01
9.939382103483851427e-01
9.965222755667467736e-01
9.978066071795541614e-01
