5.616105114948140020e-01
5.478000928197741537e-01
5.446106571697673093e-01
6.952215511813204518e-01
5.521743342677669641e-01
5.547796425281211752e-01
5.308300589020017446e-01
5.430910312955187225e-01
5.544180099945831275e-01
5.531266976555623271e-01
6.920567379781477069e-01
5.497219991946699080e-01
6.695108709165704663e-01
5.981324369444530609e-01
5.888737324898180026e-01
6.155891535865316566e-01
5.769303666065380698e-01
5.521760422739792062e-01
6.602685573407880426e-01
6.782167349680835455e-01
5.444155297512246472e-01
5.495540329622745634e-01
5.675648316444825703e-01
5.468411916751589885e-01
5.532222020871033763e-01
5.554561984659868168e-01
6.056513573614515922e-01
5.467767863334356271e-01
5.515819382474628219e-01
7.193672582847803199e-01
5.488406687847855459e-01
6.041646576239146915e-01
5.521525222869904104e-01
5.516685021672046441e-01
5.836370439415889955e-01
5.580013360105575693e-01
5.519899891768432765e-01
5.484019131454566098e-01
6.451990427002748385e-01
7.109619261657732503e-01
5.677723851603423411e-01
5.495540331039717730e-01
7.006586386061146587e-01
6.700436147654240671e-01
5.453864727237439647e-01
5.482654451751115543e-01
5.591341031566283704e-01
7.496506690522333205e-01
6.450895690739987254e-01
5.486165961413439485e-01
5.577353108472991039e-01
5.524992367751453415e-01
6.263558010660926767e-01
5.908982074211072133e-01
5.464487804960437289e-01
5.492375362407263539e-01
5.522782264205591263e-01
5.562417970315507443e-01
5.503831204315197123e-01
5.395833347572476235e-01
5.653336277025253764e-01
7.195006928531207935e-01
5.531781961714724583e-01
5.667209849196861438e-01
