5.993783287557027384e-01
6.841070908840339859e-01
5.483128597693739392e-01
5.415799114138130088e-01
5.513319002727011808e-01
5.498053030537235486e-01
5.673557410616096863e-01
6.357026334876020313e-01
5.382409779948513773e-01
5.512825613081344667e-01
5.458762814405563324e-01
6.588385224252052419e-01
5.488374287037215415e-01
5.448839261041387161e-01
5.457177853391707023e-01
5.442388320287250281e-01
5.550902921403386703e-01
5.557776895588498745e-01
5.780482804062532232e-01
5.488351828835756896e-01
5.501725056313260254e-01
5.503152873696920411e-01
5.412511369834078767e-01
7.107368131968962999e-01
5.501731001465991477e-01
5.484058469556695181e-01
6.344330059987165482e-01
5.585543312736866994e-01
5.548216100161577069e-01
5.850019704876139315e-01
6.000318550508252358e-01
5.464905678616197582e-01
6.966345514225730229e-01
7.124060858222944770e-01
5.468888066452868291e-01
5.484507748576599173e-01
5.382996731298521631e-01
6.142040423397643334e-01
5.386656671676556263e-01
5.487329397435039002e-01
5.803467570093874262e-01
7.245883648645807806e-01
5.474674574858705567e-01
5.664022482194264185e-01
5.536466473551237000e-01
7.055230364748606986e-01
6.216799786554588758e-01
5.513236703963517726e-01
5.479818218871630453e-01
6.969688343268996000e-01
6.764180999553177642e-01
5.490163756626285085e-01
6.850808397131533667e-01
5.508261548467943136e-01
5.490602937446440457e-01
6.867843056132105772e-01
5.458762813256847757e-01
5.463063456375394367e-01
5.484507718195359427e-01
5.472305445613061536e-01
5.600630290443867620e-01
5.529095748141078515e-01
5.499635827439118829e-01
5.544101752691523721e-01
