5.447851022716521108e-01
5.544203651385153364e-01
5.578036641204452417e-01
6.397734454862483711e-01
5.630856595435970169e-01
5.454474512473649339e-01
5.482850792901703407e-01
5.470526608690327031e-01
5.411751473714252469e-01
5.473715501872520317e-01
5.867069109853705333e-01
5.941612819866561868e-01
5.446185255037163664e-01
5.484034265647766970e-01
5.454474452365273285e-01
5.497868215425349980e-01
5.867979372027740670e-01
5.471162348411943155e-01
5.438846393349650032e-01
7.318295679373296725e-01
5.457031067388007362e-01
5.504731127353184039e-01
5.426964241393297250e-01
5.347157914742535212e-01
5.448454437335680245e-01
5.436116104379622449e-01
5.477669727804646005e-01
6.215979837927667617e-01
5.367593919431180582e-01
5.940713525532718142e-01
7.506353676903804173e-01
5.491768752729078162e-01
5.309493016643482832e-01
5.491752504159563841e-01
7.263441370939602848e-01
6.825554717124979742e-01
6.339504850375766720e-01
6.275036668081445113e-01
7.237428596480204313e-01
5.454474452364304060e-01
5.534181859866117437e-01
5.474092709416047420e-01
5.885493638197322186e-01
5.473849048247471094e-01
5.476863699035888766e-01
5.458401739600416969e-01
5.447303532340204146e-01
5.430038729392382413e-01
5.540905549227012061e-01
5.869962984149417196e-01
5.707569136314107894e-01
5.553049381207264545e-01
5.454745517090049400e-01
5.435660065204758196e-01
7.467161916284676959e-01
5.707306227060466863e-01
7.310429150572255175e-01
5.475939201008446222e-01
5.436000976675327001e-01
5.940642928288332181e-01
7.047340780493525081e-01
5.445021633017232965e-01
5.430399702348124302e-01
6.402921299596473492e-01
