7.047274277380412011e-01
5.526604380396500371e-01
5.542059934673346788e-01
6.798550869220056914e-01
5.510926905244206697e-01
5.511077884147723704e-01
5.555573353322473817e-01
6.205976193930589080e-01
5.501716210358703618e-01
5.542088732844699939e-01
5.511516045388937801e-01
5.705859456076066705e-01
5.549793510827210063e-01
5.490414457454401154e-01
5.643004224818644055e-01
5.554868890768085432e-01
7.095748184680116255e-01
7.312521194122439949e-01
6.188741718875684361e-01
5.638236635185939205e-01
5.345028811660159640e-01
6.139580905428492219e-01
6.255867138722702725e-01
5.940070685325524735e-01
7.085320321970264290e-01
5.577428126308692224e-01
5.449067100781541662e-01
6.882679372938231843e-01
5.447874889457235970e-01
6.087408851109459285e-01
5.541917760846675201e-01
5.568389888060911730e-01
5.501385494308398405e-01
5.509098410833643822e-01
5.738866093104766364e-01
6.805945675208838752e-01
5.541886095375146981e-01
6.814424395581208938e-01
5.535560422287677529e-01
5.494990111155497736e-01
5.594858930550676845e-01
7.194188357380838506e-01
6.948178098480346510e-01
5.601993858911149538e-01
5.516313017781169226e-01
7.124195564026345462e-01
5.538054968326414640e-01
5.666910878950698338e-01
5.507192428679359431e-01
5.448143637505292736e-01
5.520117992125982420e-01
5.597322765040874115e-01
5.335510872257515080e-01
5.520147496344166571e-01
7.150153301853069410e-01
6.284913445803630427e-01
5.995227184134397369e-01
5.499441629319270497e-01
5.520043309269124787e-01
5.567704400369840601e-01
5.490362373263139029e-01
5.445326475457803461e-01
7.061164826392377636e-01
6.424165642624368733e-01
