5.542511613556403427e-01
5.432260351777550289e-01
5.376344542341414678e-01
5.973110265334680147e-01
5.319800126970885001e-01
5.359680693485144864e-01
7.414121424846603636e-01
5.402338229572185568e-01
5.493123088616888028e-01
6.965057829450337357e-01
5.401428719703579295e-01
7.442751172007263660e-01
5.455044901176808736e-01
5.487489115525878702e-01
6.946865254516588761e-01
5.384828637643267468e-01
7.570489815772174502e-01
7.393227130359485422e-01
5.373709293395790842e-01
5.402012762757023578e-01
6.975517421110688510e-01
5.403248555855347801e-01
5.270454071270319618e-01
6.847507155007932500e-01
5.371394599336986042e-01
5.512621329549952653e-01
5.388506122739182835e-01
5.404614033736928613e-01
5.397519465630985502e-01
5.431429757117363089e-01
6.027024833869026876e-01
7.246515445327322835e-01
5.495786126314596842e-01
6.414168982609033121e-01
5.539679598938817007e-01
7.334476642865179752e-01
5.405937645677686421e-01
6.047399173867653577e-01
5.430569296191952722e-01
5.654982601371015827e-01
6.638587250363540138e-01
5.845649713601385189e-01
6.692415395253032973e-01
5.420209854583011300e-01
5.525224234442605020e-01
6.020037878511046436e-01
6.789593152198926118e-01
6.102912892377271303e-01
5.399560059557938496e-01
5.459122729021238518e-01
5.920279405122278460e-01
5.410022292830015678e-01
5.360650542444130862e-01
5.893386228799333271e-01
7.532310086094570201e-01
5.828727819899073292e-01
6.969967450169530787e-01
5.402225075334782245e-01
6.070374670198770417e-01
5.376806898937491752e-01
6.485310234198607970e-01
7.030456872076134012e-01
5.663183183375426477e-01
5.324810848132004448e-01
