6.901462441121981595e-01
5.447693882590877168e-01
5.662983366255902595e-01
5.511802311687351574e-01
5.456320755089504315e-01
6.466130284715518872e-01
6.901189049495504158e-01
7.353558362025914841e-01
5.968057660404521014e-01
5.487480540573403953e-01
5.530333088588132995e-01
5.430606508294943957e-01
5.487588611356812862e-01
6.063652846431529797e-01
5.487747729641597738e-01
5.437435247980060282e-01
6.887104179482551602e-01
5.333297155498237796e-01
5.511741323570817919e-01
5.537013307067331080e-01
5.484346295191576681e-01
5.839190596994529026e-01
5.509411749699610894e-01
5.445905474107637367e-01
6.342875646036253423e-01
7.191114631988112516e-01
5.588507565950806555e-01
5.471074381716742874e-01
5.702986808874841440e-01
5.737039578605995782e-01
5.487627909565508944e-01
7.205608328734741663e-01
5.831548783793097934e-01
5.406644176659874956e-01
6.432126613696732553e-01
5.772454626973615444e-01
6.766341013210934729e-01
6.660302134564891618e-01
7.043603109987617295e-01
5.492654907440324141e-01
5.487588608383776601e-01
7.208992240728354650e-01
5.955212195694733479e-01
5.487324011345310337e-01
6.428977175354629869e-01
5.542659408265161458e-01
6.734409970303890658e-01
5.530022248810696484e-01
5.458346823839156370e-01
6.605201902859670904e-01
6.354742189934201591e-01
5.861544229323379929e-01
5.491867566233616937e-01
5.371345096753921133e-01
5.448613037979798124e-01
7.253142312813462000e-01
5.426664401996125209e-01
6.755754735606263051e-01
5.484666985579521592e-01
5.467624732783147312e-01
5.988352110380621429e-01
6.048925863133635117e-01
7.286756017400949359e-01
5.508105102516396290e-01
