6.547787618789459030e-01
5.878711037839333686e-01
5.853879556814931551e-01
6.239675361865512082e-01
6.217332576163944191e-01
6.541713021913569959e-01
5.682767747971074757e-01
5.553979716397139388e-01
5.470367224726190303e-01
6.879807275385997345e-01
5.538693987452735223e-01
7.036863476153285557e-01
6.697115530669354166e-01
6.777581358124015187e-01
5.508963763113606804e-01
5.508963758311723469e-01
5.228744132742147999e-01
5.633280068341760538e-01
5.921556834636497735e-01
5.572282136632094041e-01
6.609220834142993661e-01
5.508943563314339098e-01
5.530523544149766879e-01
5.509060417773313789e-01
7.186751287016733825e-01
5.530527041268018529e-01
5.508962841823724643e-01
6.868093563741345386e-01
5.526190346257616737e-01
5.507419177299798241e-01
6.489733668125274857e-01
5.938028140309068448e-01
5.549429745606427877e-01
7.176784436796329603e-01
5.508963758416396406e-01
5.456245817220490846e-01
5.477986684819221574e-01
6.983914467607823529e-01
5.497347965740071452e-01
5.512572867876969207e-01
5.416141740235499435e-01
6.556566362105447077e-01
6.588358712038452358e-01
5.883613240040970194e-01
6.258834007590835524e-01
7.116106403815305459e-01
5.541993173548442897e-01
5.452955531844927428e-01
6.886362611490854935e-01
6.379357802776629560e-01
6.488222023382943515e-01
5.490161178692365418e-01
6.816711110080504454e-01
5.491353711944102489e-01
5.493587452544652638e-01
7.255298854147547161e-01
6.454013892124160767e-01
5.528095568902824386e-01
5.477985120549054843e-01
5.530775260420015549e-01
7.014355704962659255e-01
5.375597541299627080e-01
5.476585720511737421e-01
6.273621572106534705e-01
