5.525988589309283050e-01
5.595001863894987215e-01
5.857758637558783121e-01
6.021030096520956221e-01
5.537284769080205171e-01
6.905323240233603999e-01
6.064787148980369524e-01
5.633445164867200150e-01
5.573852621720888356e-01
5.508258212027657974e-01
7.056763511712480508e-01
6.748366575414473933e-01
5.534317876121475077e-01
5.494354940317699443e-01
5.612735758952915877e-01
5.544639209971625737e-01
6.038869778254347676e-01
6.495094577018383220e-01
6.805260350357023036e-01
5.566159236378046549e-01
5.574521684505751029e-01
5.587194632113021697e-01
5.563481515855485116e-01
5.499664240151955763e-01
5.587075917441278738e-01
7.138548235800630248e-01
5.607934740308282429e-01
5.583347301724830292e-01
6.808646847884843867e-01
7.101217219617576015e-01
5.571814623585149562e-01
5.566166804219223607e-01
5.530354355108672015e-01
6.151566097969591862e-01
5.554902463775730492e-01
5.444369218905404928e-01
6.950675069095397784e-01
5.463737776019872427e-01
5.629292083816478387e-01
5.541023672204993256e-01
6.228714648644444463e-01
6.551270421584219905e-01
5.547006802078320309e-01
5.544718699926939331e-01
6.657143258753503989e-01
6.386600646097102540e-01
5.521536852196814449e-01
5.761677012099605255e-01
5.588403889670398028e-01
5.715286704897811765e-01
5.703404299148722156e-01
6.141374014911563650e-01
5.541023683518442322e-01
5.487323889043181913e-01
5.522607930392021691e-01
5.679370295120219625e-01
7.144442641026211849e-01
7.095510975584266022e-01
5.544866852062589890e-01
7.139111999780761719e-01
5.522761938832148054e-01
5.582824789141181965e-01
7.273480894984473144e-01
5.552980838458536628e-01
