7.338064943729015743e-01
8.333599014609933686e-01
8.482541205133988793e-01
8.002061056339547784e-01
8.744564820488216483e-01
7.989308357114393022e-01
7.699391829716688562e-01
8.928831197001234621e-01
7.806393729826297534e-01
8.712965187067345241e-01
7.411121510768787779e-01
7.329106972759596994e-01
7.359543036016503725e-01
7.334496015421249071e-01
7.406023150437877067e-01
7.294473116410375990e-01
8.159007858742540753e-01
7.554802922463556003e-01
7.419494255182367271e-01
8.439837463352756197e-01
7.406827397410222780e-01
7.388836201829150907e-01
7.676397858090737714e-01
7.445872385673417693e-01
7.362812502218656352e-01
7.359543036348619172e-01
7.403350000897812588e-01
7.458979920946050557e-01
7.610884530909349799e-01
7.428166649208499672e-01
7.344123061352656467e-01
7.613751871560907603e-01
7.354436072942298619e-01
7.417707714175750811e-01
7.658598403582841385e-01
7.506350587077870173e-01
7.327877211331609297e-01
7.776103140384078571e-01
7.453436984022708822e-01
8.379437007679632066e-01
7.483915516547681168e-01
7.376504362532896319e-01
8.270551912126817840e-01
8.211123386041454530e-01
7.452159110279501508e-01
7.411452583306813446e-01
8.281605002406283722e-01
8.535995165084508951e-01
7.424489852045127458e-01
7.325609850569996251e-01
7.663083248385340607e-01
7.244263771658254747e-01
7.379207251729513750e-01
7.440577798581929914e-01
7.471261745685224831e-01
7.395683675690543080e-01
7.402872666508869548e-01
7.370280606046502037e-01
7.368553994600793855e-01
7.404184252554710799e-01
7.836744587792344729e-01
7.371493268242473862e-01
7.402778238792173671e-01
7.346673677467061570e-01
