8.116559388907010897e-01
6.762333176783019706e-01
6.657450352153069240e-01
7.843833293031220455e-01
7.021820627894069800e-01
6.631127888575228946e-01
6.399200225016401511e-01
8.416685467771416462e-01
6.627249073083628650e-01
7.131105827913304385e-01
6.526188205455358826e-01
6.906416744606279634e-01
6.604102635442400393e-01
6.587967183255984960e-01
6.621811872485597883e-01
6.615984990472820737e-01
6.622902681959399462e-01
7.094541350745500186e-01
6.651884140360407871e-01
6.778236597233461280e-01
6.680239704898827124e-01
6.654662597099402221e-01
6.614475959841610297e-01
7.211504539417019632e-01
6.615832138575948873e-01
6.620035812556994692e-01
6.718318022467112405e-01
7.774385240919429174e-01
6.323359699674261369e-01
6.627395635187328660e-01
6.709600843216647625e-01
7.050840945016112471e-01
7.703956351983721751e-01
6.573433473965923923e-01
6.712023508757258838e-01
6.727385878144517273e-01
7.117782964113077426e-01
7.768505917107865200e-01
6.654759260028552115e-01
6.653671712552580164e-01
8.311776949909027712e-01
6.615984990089989193e-01
6.644365796548818981e-01
6.584117128202453539e-01
7.328238273735886432e-01
6.557703237575083222e-01
6.617345411224306861e-01
6.653566746320167535e-01
6.870613856549078191e-01
7.761851112407428532e-01
6.586660702070600282e-01
6.632777844944838241e-01
7.088966250703456762e-01
7.223888224297960736e-01
6.577418472723182141e-01
6.640104622633978826e-01
6.653079352401670699e-01
7.507002053014226739e-01
7.142737196438585512e-01
6.590204687190692745e-01
6.687005167111997883e-01
6.508803037016436255e-01
6.663532270493585097e-01
7.238924522732090860e-01
8.211565720374843780e-01
