5.616105114948140020e-01
5.478000928197741537e-01
5.446106571697673093e-01
6.952215511813204518e-01
5.521743342677669641e-01
5.547796425281211752e-01
5.308300589020017446e-01
5.430910312955187225e-01
5.544180099945831275e-01
5.531266976555623271e-01
6.920567379781477069e-01
5.497219991946699080e-01
6.695108709165704663e-01
5.981324369444530609e-01
5.888737324898180026e-01
6.155891535865316566e-01
5.769303666065380698e-01
5.521760422739792062e-01
6.602685573407880426e-01
6.782167349680835455e-01
5.444155297512246472e-01
5.495540329622745634e-01
5.675648316444825703e-01
5.468411916751589885e-01
5.532222020871033763e-01
5.554561984659868168e-01
6.056513573614515922e-01
5.467767863334356271e-01
5.515819382474628219e-01
7.193672582847803199e-01
5.488406687847855459e-01
6.041646576239146915e-01
5.521525222869904104e-01
5.516685021672046441e-01
5.836370439415889955e-01
5.580013360105575693e-01
5.519899891768432765e-01
5.484019131454566098e-01
6.451990427002748385e-01
7.109619261657732503e-01
5.677723851603423411e-01
5.495540331039717730e-01
7.006586386061146587e-01
6.700436147654240671e-01
5.453864727237439647e-01
5.482654451751115543e-01
5.591341031566283704e-01
7.496506690522333205e-01
6.450895690739987254e-01
5.486165961413439485e-01
5.577353108472991039e-01
5.524992367751453415e-01
6.263558010660926767e-01
5.908982074211072133e-01
5.464487804960437289e-01
5.492375362407263539e-01
5.522782264205591263e-01
5.562417970315507443e-01
5.503831204315197123e-01
5.395833347572476235e-01
5.653336277025253764e-01
7.195006928531207935e-01
5.531781961714724583e-01
5.667209849196861438e-01
5.993783287557027384e-01
6.841070908840339859e-01
5.483128597693739392e-01
5.415799114138130088e-01
5.513319002727011808e-01
5.498053030537235486e-01
5.673557410616096863e-01
6.357026334876020313e-01
5.382409779948513773e-01
5.512825613081344667e-01
5.458762814405563324e-01
6.588385224252052419e-01
5.488374287037215415e-01
5.448839261041387161e-01
5.457177853391707023e-01
5.442388320287250281e-01
5.550902921403386703e-01
5.557776895588498745e-01
5.780482804062532232e-01
5.488351828835756896e-01
5.501725056313260254e-01
5.503152873696920411e-01
5.412511369834078767e-01
7.107368131968962999e-01
5.501731001465991477e-01
5.484058469556695181e-01
6.344330059987165482e-01
5.585543312736866994e-01
5.548216100161577069e-01
5.850019704876139315e-01
6.000318550508252358e-01
5.464905678616197582e-01
6.966345514225730229e-01
7.124060858222944770e-01
5.468888066452868291e-01
5.484507748576599173e-01
5.382996731298521631e-01
6.142040423397643334e-01
5.386656671676556263e-01
5.487329397435039002e-01
5.803467570093874262e-01
7.245883648645807806e-01
5.474674574858705567e-01
5.664022482194264185e-01
5.536466473551237000e-01
7.055230364748606986e-01
6.216799786554588758e-01
5.513236703963517726e-01
5.479818218871630453e-01
6.969688343268996000e-01
6.764180999553177642e-01
5.490163756626285085e-01
6.850808397131533667e-01
5.508261548467943136e-01
5.490602937446440457e-01
6.867843056132105772e-01
5.458762813256847757e-01
5.463063456375394367e-01
5.484507718195359427e-01
5.472305445613061536e-01
5.600630290443867620e-01
5.529095748141078515e-01
5.499635827439118829e-01
5.544101752691523721e-01
5.447851022716521108e-01
5.544203651385153364e-01
5.578036641204452417e-01
6.397734454862483711e-01
5.630856595435970169e-01
5.454474512473649339e-01
5.482850792901703407e-01
5.470526608690327031e-01
5.411751473714252469e-01
5.473715501872520317e-01
5.867069109853705333e-01
5.941612819866561868e-01
5.446185255037163664e-01
5.484034265647766970e-01
5.454474452365273285e-01
5.497868215425349980e-01
5.867979372027740670e-01
5.471162348411943155e-01
5.438846393349650032e-01
7.318295679373296725e-01
5.457031067388007362e-01
5.504731127353184039e-01
5.426964241393297250e-01
5.347157914742535212e-01
5.448454437335680245e-01
5.436116104379622449e-01
5.477669727804646005e-01
6.215979837927667617e-01
5.367593919431180582e-01
5.940713525532718142e-01
7.506353676903804173e-01
5.491768752729078162e-01
5.309493016643482832e-01
5.491752504159563841e-01
7.263441370939602848e-01
6.825554717124979742e-01
6.339504850375766720e-01
6.275036668081445113e-01
7.237428596480204313e-01
5.454474452364304060e-01
5.534181859866117437e-01
5.474092709416047420e-01
5.885493638197322186e-01
5.473849048247471094e-01
5.476863699035888766e-01
5.458401739600416969e-01
5.447303532340204146e-01
5.430038729392382413e-01
5.540905549227012061e-01
5.869962984149417196e-01
5.707569136314107894e-01
5.553049381207264545e-01
5.454745517090049400e-01
5.435660065204758196e-01
7.467161916284676959e-01
5.707306227060466863e-01
7.310429150572255175e-01
5.475939201008446222e-01
5.436000976675327001e-01
5.940642928288332181e-01
7.047340780493525081e-01
5.445021633017232965e-01
5.430399702348124302e-01
6.402921299596473492e-01
7.047274277380412011e-01
5.526604380396500371e-01
5.542059934673346788e-01
6.798550869220056914e-01
5.510926905244206697e-01
5.511077884147723704e-01
5.555573353322473817e-01
6.205976193930589080e-01
5.501716210358703618e-01
5.542088732844699939e-01
5.511516045388937801e-01
5.705859456076066705e-01
5.549793510827210063e-01
5.490414457454401154e-01
5.643004224818644055e-01
5.554868890768085432e-01
7.095748184680116255e-01
7.312521194122439949e-01
6.188741718875684361e-01
5.638236635185939205e-01
5.345028811660159640e-01
6.139580905428492219e-01
6.255867138722702725e-01
5.940070685325524735e-01
7.085320321970264290e-01
5.577428126308692224e-01
5.449067100781541662e-01
6.882679372938231843e-01
5.447874889457235970e-01
6.087408851109459285e-01
5.541917760846675201e-01
5.568389888060911730e-01
5.501385494308398405e-01
5.509098410833643822e-01
5.738866093104766364e-01
6.805945675208838752e-01
5.541886095375146981e-01
6.814424395581208938e-01
5.535560422287677529e-01
5.494990111155497736e-01
5.594858930550676845e-01
7.194188357380838506e-01
6.948178098480346510e-01
5.601993858911149538e-01
5.516313017781169226e-01
7.124195564026345462e-01
5.538054968326414640e-01
5.666910878950698338e-01
5.507192428679359431e-01
5.448143637505292736e-01
5.520117992125982420e-01
5.597322765040874115e-01
5.335510872257515080e-01
5.520147496344166571e-01
7.150153301853069410e-01
6.284913445803630427e-01
5.995227184134397369e-01
5.499441629319270497e-01
5.520043309269124787e-01
5.567704400369840601e-01
5.490362373263139029e-01
5.445326475457803461e-01
7.061164826392377636e-01
6.424165642624368733e-01
5.542511613556403427e-01
5.432260351777550289e-01
5.376344542341414678e-01
5.973110265334680147e-01
5.319800126970885001e-01
5.359680693485144864e-01
7.414121424846603636e-01
5.402338229572185568e-01
5.493123088616888028e-01
6.965057829450337357e-01
5.401428719703579295e-01
7.442751172007263660e-01
5.455044901176808736e-01
5.487489115525878702e-01
6.946865254516588761e-01
5.384828637643267468e-01
7.570489815772174502e-01
7.393227130359485422e-01
5.373709293395790842e-01
5.402012762757023578e-01
6.975517421110688510e-01
5.403248555855347801e-01
5.270454071270319618e-01
6.847507155007932500e-01
5.371394599336986042e-01
5.512621329549952653e-01
5.388506122739182835e-01
5.404614033736928613e-01
5.397519465630985502e-01
5.431429757117363089e-01
6.027024833869026876e-01
7.246515445327322835e-01
5.495786126314596842e-01
6.414168982609033121e-01
5.539679598938817007e-01
7.334476642865179752e-01
5.405937645677686421e-01
6.047399173867653577e-01
5.430569296191952722e-01
5.654982601371015827e-01
6.638587250363540138e-01
5.845649713601385189e-01
6.692415395253032973e-01
5.420209854583011300e-01
5.525224234442605020e-01
6.020037878511046436e-01
6.789593152198926118e-01
6.102912892377271303e-01
5.399560059557938496e-01
5.459122729021238518e-01
5.920279405122278460e-01
5.410022292830015678e-01
5.360650542444130862e-01
5.893386228799333271e-01
7.532310086094570201e-01
5.828727819899073292e-01
6.969967450169530787e-01
5.402225075334782245e-01
6.070374670198770417e-01
5.376806898937491752e-01
6.485310234198607970e-01
7.030456872076134012e-01
5.663183183375426477e-01
5.324810848132004448e-01
6.901462441121981595e-01
5.447693882590877168e-01
5.662983366255902595e-01
5.511802311687351574e-01
5.456320755089504315e-01
6.466130284715518872e-01
6.901189049495504158e-01
7.353558362025914841e-01
5.968057660404521014e-01
5.487480540573403953e-01
5.530333088588132995e-01
5.430606508294943957e-01
5.487588611356812862e-01
6.063652846431529797e-01
5.487747729641597738e-01
5.437435247980060282e-01
6.887104179482551602e-01
5.333297155498237796e-01
5.511741323570817919e-01
5.537013307067331080e-01
5.484346295191576681e-01
5.839190596994529026e-01
5.509411749699610894e-01
5.445905474107637367e-01
6.342875646036253423e-01
7.191114631988112516e-01
5.588507565950806555e-01
5.471074381716742874e-01
5.702986808874841440e-01
5.737039578605995782e-01
5.487627909565508944e-01
7.205608328734741663e-01
5.831548783793097934e-01
5.406644176659874956e-01
6.432126613696732553e-01
5.772454626973615444e-01
6.766341013210934729e-01
6.660302134564891618e-01
7.043603109987617295e-01
5.492654907440324141e-01
5.487588608383776601e-01
7.208992240728354650e-01
5.955212195694733479e-01
5.487324011345310337e-01
6.428977175354629869e-01
5.542659408265161458e-01
6.734409970303890658e-01
5.530022248810696484e-01
5.458346823839156370e-01
6.605201902859670904e-01
6.354742189934201591e-01
5.861544229323379929e-01
5.491867566233616937e-01
5.371345096753921133e-01
5.448613037979798124e-01
7.253142312813462000e-01
5.426664401996125209e-01
6.755754735606263051e-01
5.484666985579521592e-01
5.467624732783147312e-01
5.988352110380621429e-01
6.048925863133635117e-01
7.286756017400949359e-01
5.508105102516396290e-01
6.547787618789459030e-01
5.878711037839333686e-01
5.853879556814931551e-01
6.239675361865512082e-01
6.217332576163944191e-01
6.541713021913569959e-01
5.682767747971074757e-01
5.553979716397139388e-01
5.470367224726190303e-01
6.879807275385997345e-01
5.538693987452735223e-01
7.036863476153285557e-01
6.697115530669354166e-01
6.777581358124015187e-01
5.508963763113606804e-01
5.508963758311723469e-01
5.228744132742147999e-01
5.633280068341760538e-01
5.921556834636497735e-01
5.572282136632094041e-01
6.609220834142993661e-01
5.508943563314339098e-01
5.530523544149766879e-01
5.509060417773313789e-01
7.186751287016733825e-01
5.530527041268018529e-01
5.508962841823724643e-01
6.868093563741345386e-01
5.526190346257616737e-01
5.507419177299798241e-01
6.489733668125274857e-01
5.938028140309068448e-01
5.549429745606427877e-01
7.176784436796329603e-01
5.508963758416396406e-01
5.456245817220490846e-01
5.477986684819221574e-01
6.983914467607823529e-01
5.497347965740071452e-01
5.512572867876969207e-01
5.416141740235499435e-01
6.556566362105447077e-01
6.588358712038452358e-01
5.883613240040970194e-01
6.258834007590835524e-01
7.116106403815305459e-01
5.541993173548442897e-01
5.452955531844927428e-01
6.886362611490854935e-01
6.379357802776629560e-01
6.488222023382943515e-01
5.490161178692365418e-01
6.816711110080504454e-01
5.491353711944102489e-01
5.493587452544652638e-01
7.255298854147547161e-01
6.454013892124160767e-01
5.528095568902824386e-01
5.477985120549054843e-01
5.530775260420015549e-01
7.014355704962659255e-01
5.375597541299627080e-01
5.476585720511737421e-01
6.273621572106534705e-01
5.525988589309283050e-01
5.595001863894987215e-01
5.857758637558783121e-01
6.021030096520956221e-01
5.537284769080205171e-01
6.905323240233603999e-01
6.064787148980369524e-01
5.633445164867200150e-01
5.573852621720888356e-01
5.508258212027657974e-01
7.056763511712480508e-01
6.748366575414473933e-01
5.534317876121475077e-01
5.494354940317699443e-01
5.612735758952915877e-01
5.544639209971625737e-01
6.038869778254347676e-01
6.495094577018383220e-01
6.805260350357023036e-01
5.566159236378046549e-01
5.574521684505751029e-01
5.587194632113021697e-01
5.563481515855485116e-01
5.499664240151955763e-01
5.587075917441278738e-01
7.138548235800630248e-01
5.607934740308282429e-01
5.583347301724830292e-01
6.808646847884843867e-01
7.101217219617576015e-01
5.571814623585149562e-01
5.566166804219223607e-01
5.530354355108672015e-01
6.151566097969591862e-01
5.554902463775730492e-01
5.444369218905404928e-01
6.950675069095397784e-01
5.463737776019872427e-01
5.629292083816478387e-01
5.541023672204993256e-01
6.228714648644444463e-01
6.551270421584219905e-01
5.547006802078320309e-01
5.544718699926939331e-01
6.657143258753503989e-01
6.386600646097102540e-01
5.521536852196814449e-01
5.761677012099605255e-01
5.588403889670398028e-01
5.715286704897811765e-01
5.703404299148722156e-01
6.141374014911563650e-01
5.541023683518442322e-01
5.487323889043181913e-01
5.522607930392021691e-01
5.679370295120219625e-01
7.144442641026211849e-01
7.095510975584266022e-01
5.544866852062589890e-01
7.139111999780761719e-01
5.522761938832148054e-01
5.582824789141181965e-01
7.273480894984473144e-01
5.552980838458536628e-01
7.338064943729015743e-01
8.333599014609933686e-01
8.482541205133988793e-01
8.002061056339547784e-01
8.744564820488216483e-01
7.989308357114393022e-01
7.699391829716688562e-01
8.928831197001234621e-01
7.806393729826297534e-01
8.712965187067345241e-01
7.411121510768787779e-01
7.329106972759596994e-01
7.359543036016503725e-01
7.334496015421249071e-01
7.406023150437877067e-01
7.294473116410375990e-01
8.159007858742540753e-01
7.554802922463556003e-01
7.419494255182367271e-01
8.439837463352756197e-01
7.406827397410222780e-01
7.388836201829150907e-01
7.676397858090737714e-01
7.445872385673417693e-01
7.362812502218656352e-01
7.359543036348619172e-01
7.403350000897812588e-01
7.458979920946050557e-01
7.610884530909349799e-01
7.428166649208499672e-01
7.344123061352656467e-01
7.613751871560907603e-01
7.354436072942298619e-01
7.417707714175750811e-01
7.658598403582841385e-01
7.506350587077870173e-01
7.327877211331609297e-01
7.776103140384078571e-01
7.453436984022708822e-01
8.379437007679632066e-01
7.483915516547681168e-01
7.376504362532896319e-01
8.270551912126817840e-01
8.211123386041454530e-01
7.452159110279501508e-01
7.411452583306813446e-01
8.281605002406283722e-01
8.535995165084508951e-01
7.424489852045127458e-01
7.325609850569996251e-01
7.663083248385340607e-01
7.244263771658254747e-01
7.379207251729513750e-01
7.440577798581929914e-01
7.471261745685224831e-01
7.395683675690543080e-01
7.402872666508869548e-01
7.370280606046502037e-01
7.368553994600793855e-01
7.404184252554710799e-01
7.836744587792344729e-01
7.371493268242473862e-01
7.402778238792173671e-01
7.346673677467061570e-01
8.116559388907010897e-01
6.762333176783019706e-01
6.657450352153069240e-01
7.843833293031220455e-01
7.021820627894069800e-01
6.631127888575228946e-01
6.399200225016401511e-01
8.416685467771416462e-01
6.627249073083628650e-01
7.131105827913304385e-01
6.526188205455358826e-01
6.906416744606279634e-01
6.604102635442400393e-01
6.587967183255984960e-01
6.621811872485597883e-01
6.615984990472820737e-01
6.622902681959399462e-01
7.094541350745500186e-01
6.651884140360407871e-01
6.778236597233461280e-01
6.680239704898827124e-01
6.654662597099402221e-01
6.614475959841610297e-01
7.211504539417019632e-01
6.615832138575948873e-01
6.620035812556994692e-01
6.718318022467112405e-01
7.774385240919429174e-01
6.323359699674261369e-01
6.627395635187328660e-01
6.709600843216647625e-01
7.050840945016112471e-01
7.703956351983721751e-01
6.573433473965923923e-01
6.712023508757258838e-01
6.727385878144517273e-01
7.117782964113077426e-01
7.768505917107865200e-01
6.654759260028552115e-01
6.653671712552580164e-01
8.311776949909027712e-01
6.615984990089989193e-01
6.644365796548818981e-01
6.584117128202453539e-01
7.328238273735886432e-01
6.557703237575083222e-01
6.617345411224306861e-01
6.653566746320167535e-01
6.870613856549078191e-01
7.761851112407428532e-01
6.586660702070600282e-01
6.632777844944838241e-01
7.088966250703456762e-01
7.223888224297960736e-01
6.577418472723182141e-01
6.640104622633978826e-01
6.653079352401670699e-01
7.507002053014226739e-01
7.142737196438585512e-01
6.590204687190692745e-01
6.687005167111997883e-01
6.508803037016436255e-01
6.663532270493585097e-01
7.238924522732090860e-01
8.211565720374843780e-01
