4.924182552732897291e-12
4.924182552732897291e-12
4.378234990544889738e-01
4.378234990544889738e-01
4.924182552732897291e-12
4.378234990544889738e-01
4.378234990544889738e-01
4.378234990544889738e-01
4.924182552732897291e-12
4.378234990544889738e-01
4.378234990544889738e-01
4.378234990544889738e-01
4.378234990544889738e-01
4.378234990544889738e-01
4.378234990544889738e-01
4.378234990544889738e-01
4.378234990544889738e-01
4.378234990544889738e-01
4.924182552732897291e-12
6.356812362660405994e-12
4.378234990544889738e-01
5.875495970494697397e-11
4.924182552732897291e-12
4.378234990544889738e-01
4.378234990544889738e-01
4.378234990544889738e-01
4.378234990544889738e-01
4.924182552732897291e-12
4.378234990544889738e-01
5.909315020834366187e-04
4.378234990544889738e-01
4.378234990544889738e-01
4.924182552732897291e-12
4.378234990544889738e-01
4.924182552732897291e-12
4.375420549689532090e-01
4.924182552732897291e-12
2.177861068776730247e-01
2.045758935090967458e-08
