4.378234990512921421e-01
1.512412555525627333e-07
4.378234990512921421e-01
4.378234990512921421e-01
4.378234990512921421e-01
4.988004693586450716e-12
4.378234990512921421e-01
4.378234990512921421e-01
4.378234990512921421e-01
4.378234990512921421e-01
4.988004693586450716e-12
4.378234990512921421e-01
4.988004693586450716e-12
4.988004693586450716e-12
4.378234990512921421e-01
4.988004693586450716e-12
1.117823081932894022e-10
4.988004693586450716e-12
4.378234990512921421e-01
4.378234990512921421e-01
4.378234990512921421e-01
4.378234990512921421e-01
4.988004693586450716e-12
4.988004693586450716e-12
4.378234990512921421e-01
4.378234990512921421e-01
4.988004693586450716e-12
4.988004693586450716e-12
4.378234990512921421e-01
4.988004693586450716e-12
4.378234990512921421e-01
4.378234990512921421e-01
4.378234990512921421e-01
4.378234990512921421e-01
4.378234990512921421e-01
4.378234990512921421e-01
1.810204400960487045e-10
4.378234990512921421e-01
2.122892220364478020e-10
