4.355011972128029762e-04
4.378234989528907994e-01
4.378234989528907994e-01
4.378234989528907994e-01
4.378234989528907994e-01
4.378234989528907994e-01
8.139469737050020311e-12
4.378234989528907994e-01
4.378234989528907994e-01
4.378234989528907994e-01
4.378234989528907994e-01
4.378234989528907994e-01
8.139469737050020311e-12
1.800913693136526328e-01
4.378234989528907994e-01
8.139469737050020311e-12
8.139469737050020311e-12
3.753785438212956516e-01
4.378234989528907994e-01
4.378234989528907994e-01
3.268795771644263272e-07
8.139469737050020311e-12
8.139469737050020311e-12
4.378234989528907994e-01
4.378234989528907994e-01
4.378234989528907994e-01
4.378234989528907994e-01
4.378234989528907994e-01
8.139469737050020311e-12
4.378234989528907994e-01
8.139469737050020311e-12
4.378234989528907994e-01
8.139469737050020311e-12
8.139469737050020311e-12
8.139469737050020311e-12
8.139469737050020311e-12
4.378234989528907994e-01
8.862899544516332994e-06
8.139469737050020311e-12
