5.780201081287147565e-12
4.378234990018311512e-01
5.780201081287147565e-12
5.780201081287147565e-12
5.780201081287147565e-12
4.378234990018311512e-01
4.378234990018311512e-01
5.780201081287147565e-12
4.378234990018311512e-01
1.206904927795890148e-01
4.378234990018311512e-01
4.378234990018311512e-01
4.378234990018311512e-01
5.780201081287147565e-12
4.378234990018311512e-01
4.378234990018311512e-01
4.378234990018311512e-01
5.780201081287147565e-12
4.378234990018311512e-01
4.378234990018311512e-01
4.378234990018311512e-01
4.378234990018311512e-01
2.188830256501624050e-01
4.378234990018311512e-01
4.378234990018311512e-01
4.378234990018311512e-01
4.378234990018311512e-01
4.378234990018311512e-01
5.780201081287147565e-12
5.780201081287147565e-12
4.378234990018311512e-01
5.780201081287147565e-12
4.378234990018311512e-01
5.780201081287147565e-12
4.378234990018311512e-01
5.780201081287147565e-12
4.378234990018311512e-01
5.780201081287147565e-12
1.057628242668694294e-03
7.462378250962947038e-12
