5.114090790942848214e-12
5.114090790942848214e-12
4.378234990338285004e-01
4.458136873693278879e-03
5.114090790942848214e-12
4.378234990338285004e-01
5.114090790942848214e-12
4.378234990338285004e-01
5.114090790942848214e-12
4.378234990338285004e-01
4.378234990338285004e-01
5.114090790942848214e-12
4.378234990338285004e-01
4.378234990338285004e-01
4.378234990338285004e-01
4.378234990338285004e-01
4.378234990338285004e-01
4.378234990338285004e-01
4.378234990338285004e-01
4.378234990338285004e-01
4.378234990338285004e-01
5.114090790942848214e-12
4.378234990338285004e-01
8.536299288417931656e-12
5.114090790942848214e-12
4.378234990338285004e-01
1.438639442993294508e-11
3.161419814440670772e-01
5.114090790942848214e-12
5.114090790942848214e-12
4.378234990338285004e-01
5.114090790942848214e-12
5.114090790942848214e-12
8.535011577488009538e-12
3.257379286095999955e-08
5.114090790942848214e-12
1.000613964871378825e-02
4.378234990338285004e-01
4.378234990338285004e-01
