4.378234990265895688e-01
4.378234990265895688e-01
5.024934076719268252e-12
4.378234990265895688e-01
5.024934076719268252e-12
5.024934076719268252e-12
5.024934076719268252e-12
5.024934076719268252e-12
4.378234990265895688e-01
4.378234990265895688e-01
4.378234990265895688e-01
4.378234990265895688e-01
4.378234990265895688e-01
4.378234990265895688e-01
4.378234990265895688e-01
5.024934076719268252e-12
4.378234990265895688e-01
4.378234990265895688e-01
4.378234990265895688e-01
4.378234990265895688e-01
4.378234990265895688e-01
4.378234990265895688e-01
5.024934076719268252e-12
4.378234990265895688e-01
4.378234990265895688e-01
3.730441738408200036e-01
4.378234990265895688e-01
5.024934076719268252e-12
4.378234990265895688e-01
4.378234990265895688e-01
5.024934076719268252e-12
5.024934076719268252e-12
4.378234990265895688e-01
5.024934076719268252e-12
4.378234990265895688e-01
4.378234990265895688e-01
4.378234990265895688e-01
4.003676421554102239e-04
5.024934076719268252e-12
