6.887157942967754559e-45
9.865460822564479273e-118
6.016338939739923502e-112
9.999996766506964452e-01
6.016338939739923502e-112
6.016338939739923502e-112
9.999996766506964452e-01
9.999996766506964452e-01
9.999996766506964452e-01
6.016338939739923502e-112
9.999999951133338172e-01
9.999999951133338172e-01
9.059792686341762435e-02
9.999996766506964452e-01
2.173614577506047157e-24
6.016338939739923502e-112
9.999996766506964452e-01
9.999996766506964452e-01
9.999996766506964452e-01
9.999996766506964452e-01
2.048274961766710678e-105
9.999996766506964452e-01
9.999996766506964452e-01
9.999996766506964452e-01
2.145742854400036054e-10
9.092281849693454775e-114
3.753089020106578748e-102
9.999996766506964452e-01
9.999996766506964452e-01
8.742798597208194099e-35
8.802784506945195891e-71
9.999996766506964452e-01
9.999996766506964452e-01
9.999996766506964452e-01
2.492740470132799361e-74
9.999996766506964452e-01
9.999996766506964452e-01
6.016338939739923502e-112
7.598343019348851035e-01
8.037013646367018688e-17
