4.378234990278407901e-01
4.378234990278407901e-01
1.117398596390858749e-02
4.378234990278407901e-01
4.378234990278407901e-01
4.378234990278407901e-01
5.243357287748520149e-12
4.378234990278407901e-01
4.378234990278407901e-01
5.243357352868014989e-12
4.378234990278407901e-01
5.243357287748520149e-12
4.378234990278407901e-01
5.243357287748520149e-12
4.378234990278407901e-01
4.378234990278407901e-01
4.378234990278407901e-01
4.378234990278407901e-01
5.243357287748520149e-12
5.243357287748520149e-12
5.243357287748520149e-12
4.378234990278407901e-01
4.378234990278407901e-01
5.243357287748520149e-12
4.378234990278407901e-01
4.378234990278407901e-01
4.378234990278407901e-01
4.378234990278407901e-01
4.378234990278407901e-01
3.148034538837498120e-11
4.378234990278407901e-01
4.378234990278407901e-01
4.378234990278407901e-01
4.378234990278407901e-01
4.378234990278407901e-01
4.378234990278407901e-01
4.378234990278407901e-01
4.378234990278407901e-01
4.378234990278407901e-01
