8.730019588507218486e-01
3.219224167796768440e-36
7.160653416200123411e-01
7.160653416200123411e-01
7.160653416200123411e-01
7.160653416200123411e-01
7.160653416200123411e-01
3.219224167796768440e-36
7.160653416200123411e-01
7.160653416200123411e-01
3.219224167796768440e-36
3.219224167796768440e-36
3.219224167796768440e-36
7.160653416200123411e-01
7.160653416200123411e-01
1.081015913247878899e-27
3.219224167796768440e-36
7.160653416200123411e-01
5.187190080956679262e-39
3.219224167796768440e-36
7.160653416200123411e-01
3.219224167796768440e-36
3.219224167796768440e-36
4.018953928257136406e-20
3.219224167796768440e-36
7.160653416200123411e-01
3.219224167796768440e-36
7.160653416200123411e-01
5.772336409126967360e-34
7.160653416200123411e-01
3.219224167796768440e-36
3.219224167796768440e-36
3.343935707334058733e-46
1.221895087663141516e-31
7.160457694357201140e-04
4.132195280240636684e-30
7.160653416200123411e-01
3.219224167796768440e-36
3.219224167796768440e-36
