2.434217018252183007e-01
6.399020748264200104e-33
7.015870411937833451e-01
7.990317024213079433e-01
7.015870411937833451e-01
7.015870411937833451e-01
7.015870411937833451e-01
2.359277774902911217e-36
2.359277774902911217e-36
2.359277774902911217e-36
2.359277774902911217e-36
1.181645472721632286e-03
7.015870411937833451e-01
2.359277774902911217e-36
2.359277774902911217e-36
2.359277774902911217e-36
7.015870411937833451e-01
2.643500066056237864e-15
3.393572699526226089e-02
2.359277774902911217e-36
7.015870411937833451e-01
7.015870411937833451e-01
2.359277774902911217e-36
7.015870411937833451e-01
1.768757390401495147e-37
7.015870411937833451e-01
7.015870411937833451e-01
2.359277774902911217e-36
2.359277774902911217e-36
2.359277774902911217e-36
7.015870411937833451e-01
7.015870411937833451e-01
7.015870411937833451e-01
3.606151618926994873e-01
2.359277774902911217e-36
7.015870411937833451e-01
7.015870411937833451e-01
7.015870411937833451e-01
7.015870411937833451e-01
7.015870411937833451e-01
