4.924182552732897291e-12
4.924182552732897291e-12
4.378234990544889738e-01
4.378234990544889738e-01
4.924182552732897291e-12
4.378234990544889738e-01
4.378234990544889738e-01
4.378234990544889738e-01
4.924182552732897291e-12
4.378234990544889738e-01
4.378234990544889738e-01
4.378234990544889738e-01
4.378234990544889738e-01
4.378234990544889738e-01
4.378234990544889738e-01
4.378234990544889738e-01
4.378234990544889738e-01
4.378234990544889738e-01
4.924182552732897291e-12
6.356812362660405994e-12
4.378234990544889738e-01
5.875495970494697397e-11
4.924182552732897291e-12
4.378234990544889738e-01
4.378234990544889738e-01
4.378234990544889738e-01
4.378234990544889738e-01
4.924182552732897291e-12
4.378234990544889738e-01
5.909315020834366187e-04
4.378234990544889738e-01
4.378234990544889738e-01
4.924182552732897291e-12
4.378234990544889738e-01
4.924182552732897291e-12
4.375420549689532090e-01
4.924182552732897291e-12
2.177861068776730247e-01
2.045758935090967458e-08
4.378234990512921421e-01
1.512412555525627333e-07
4.378234990512921421e-01
4.378234990512921421e-01
4.378234990512921421e-01
4.988004693586450716e-12
4.378234990512921421e-01
4.378234990512921421e-01
4.378234990512921421e-01
4.378234990512921421e-01
4.988004693586450716e-12
4.378234990512921421e-01
4.988004693586450716e-12
4.988004693586450716e-12
4.378234990512921421e-01
4.988004693586450716e-12
1.117823081932894022e-10
4.988004693586450716e-12
4.378234990512921421e-01
4.378234990512921421e-01
4.378234990512921421e-01
4.378234990512921421e-01
4.988004693586450716e-12
4.988004693586450716e-12
4.378234990512921421e-01
4.378234990512921421e-01
4.988004693586450716e-12
4.988004693586450716e-12
4.378234990512921421e-01
4.988004693586450716e-12
4.378234990512921421e-01
4.378234990512921421e-01
4.378234990512921421e-01
4.378234990512921421e-01
4.378234990512921421e-01
4.378234990512921421e-01
1.810204400960487045e-10
4.378234990512921421e-01
2.122892220364478020e-10
4.355011972128029762e-04
4.378234989528907994e-01
4.378234989528907994e-01
4.378234989528907994e-01
4.378234989528907994e-01
4.378234989528907994e-01
8.139469737050020311e-12
4.378234989528907994e-01
4.378234989528907994e-01
4.378234989528907994e-01
4.378234989528907994e-01
4.378234989528907994e-01
8.139469737050020311e-12
1.800913693136526328e-01
4.378234989528907994e-01
8.139469737050020311e-12
8.139469737050020311e-12
3.753785438212956516e-01
4.378234989528907994e-01
4.378234989528907994e-01
3.268795771644263272e-07
8.139469737050020311e-12
8.139469737050020311e-12
4.378234989528907994e-01
4.378234989528907994e-01
4.378234989528907994e-01
4.378234989528907994e-01
4.378234989528907994e-01
8.139469737050020311e-12
4.378234989528907994e-01
8.139469737050020311e-12
4.378234989528907994e-01
8.139469737050020311e-12
8.139469737050020311e-12
8.139469737050020311e-12
8.139469737050020311e-12
4.378234989528907994e-01
8.862899544516332994e-06
8.139469737050020311e-12
5.780201081287147565e-12
4.378234990018311512e-01
5.780201081287147565e-12
5.780201081287147565e-12
5.780201081287147565e-12
4.378234990018311512e-01
4.378234990018311512e-01
5.780201081287147565e-12
4.378234990018311512e-01
1.206904927795890148e-01
4.378234990018311512e-01
4.378234990018311512e-01
4.378234990018311512e-01
5.780201081287147565e-12
4.378234990018311512e-01
4.378234990018311512e-01
4.378234990018311512e-01
5.780201081287147565e-12
4.378234990018311512e-01
4.378234990018311512e-01
4.378234990018311512e-01
4.378234990018311512e-01
2.188830256501624050e-01
4.378234990018311512e-01
4.378234990018311512e-01
4.378234990018311512e-01
4.378234990018311512e-01
4.378234990018311512e-01
5.780201081287147565e-12
5.780201081287147565e-12
4.378234990018311512e-01
5.780201081287147565e-12
4.378234990018311512e-01
5.780201081287147565e-12
4.378234990018311512e-01
5.780201081287147565e-12
4.378234990018311512e-01
5.780201081287147565e-12
1.057628242668694294e-03
7.462378250962947038e-12
5.114090790942848214e-12
5.114090790942848214e-12
4.378234990338285004e-01
4.458136873693278879e-03
5.114090790942848214e-12
4.378234990338285004e-01
5.114090790942848214e-12
4.378234990338285004e-01
5.114090790942848214e-12
4.378234990338285004e-01
4.378234990338285004e-01
5.114090790942848214e-12
4.378234990338285004e-01
4.378234990338285004e-01
4.378234990338285004e-01
4.378234990338285004e-01
4.378234990338285004e-01
4.378234990338285004e-01
4.378234990338285004e-01
4.378234990338285004e-01
4.378234990338285004e-01
5.114090790942848214e-12
4.378234990338285004e-01
8.536299288417931656e-12
5.114090790942848214e-12
4.378234990338285004e-01
1.438639442993294508e-11
3.161419814440670772e-01
5.114090790942848214e-12
5.114090790942848214e-12
4.378234990338285004e-01
5.114090790942848214e-12
5.114090790942848214e-12
8.535011577488009538e-12
3.257379286095999955e-08
5.114090790942848214e-12
1.000613964871378825e-02
4.378234990338285004e-01
4.378234990338285004e-01
4.378234990265895688e-01
4.378234990265895688e-01
5.024934076719268252e-12
4.378234990265895688e-01
5.024934076719268252e-12
5.024934076719268252e-12
5.024934076719268252e-12
5.024934076719268252e-12
4.378234990265895688e-01
4.378234990265895688e-01
4.378234990265895688e-01
4.378234990265895688e-01
4.378234990265895688e-01
4.378234990265895688e-01
4.378234990265895688e-01
5.024934076719268252e-12
4.378234990265895688e-01
4.378234990265895688e-01
4.378234990265895688e-01
4.378234990265895688e-01
4.378234990265895688e-01
4.378234990265895688e-01
5.024934076719268252e-12
4.378234990265895688e-01
4.378234990265895688e-01
3.730441738408200036e-01
4.378234990265895688e-01
5.024934076719268252e-12
4.378234990265895688e-01
4.378234990265895688e-01
5.024934076719268252e-12
5.024934076719268252e-12
4.378234990265895688e-01
5.024934076719268252e-12
4.378234990265895688e-01
4.378234990265895688e-01
4.378234990265895688e-01
4.003676421554102239e-04
5.024934076719268252e-12
6.887157942967754559e-45
9.865460822564479273e-118
6.016338939739923502e-112
9.999996766506964452e-01
6.016338939739923502e-112
6.016338939739923502e-112
9.999996766506964452e-01
9.999996766506964452e-01
9.999996766506964452e-01
6.016338939739923502e-112
9.999999951133338172e-01
9.999999951133338172e-01
9.059792686341762435e-02
9.999996766506964452e-01
2.173614577506047157e-24
6.016338939739923502e-112
9.999996766506964452e-01
9.999996766506964452e-01
9.999996766506964452e-01
9.999996766506964452e-01
2.048274961766710678e-105
9.999996766506964452e-01
9.999996766506964452e-01
9.999996766506964452e-01
2.145742854400036054e-10
9.092281849693454775e-114
3.753089020106578748e-102
9.999996766506964452e-01
9.999996766506964452e-01
8.742798597208194099e-35
8.802784506945195891e-71
9.999996766506964452e-01
9.999996766506964452e-01
9.999996766506964452e-01
2.492740470132799361e-74
9.999996766506964452e-01
9.999996766506964452e-01
6.016338939739923502e-112
7.598343019348851035e-01
8.037013646367018688e-17
4.378234990278407901e-01
4.378234990278407901e-01
1.117398596390858749e-02
4.378234990278407901e-01
4.378234990278407901e-01
4.378234990278407901e-01
5.243357287748520149e-12
4.378234990278407901e-01
4.378234990278407901e-01
5.243357352868014989e-12
4.378234990278407901e-01
5.243357287748520149e-12
4.378234990278407901e-01
5.243357287748520149e-12
4.378234990278407901e-01
4.378234990278407901e-01
4.378234990278407901e-01
4.378234990278407901e-01
5.243357287748520149e-12
5.243357287748520149e-12
5.243357287748520149e-12
4.378234990278407901e-01
4.378234990278407901e-01
5.243357287748520149e-12
4.378234990278407901e-01
4.378234990278407901e-01
4.378234990278407901e-01
4.378234990278407901e-01
4.378234990278407901e-01
3.148034538837498120e-11
4.378234990278407901e-01
4.378234990278407901e-01
4.378234990278407901e-01
4.378234990278407901e-01
4.378234990278407901e-01
4.378234990278407901e-01
4.378234990278407901e-01
4.378234990278407901e-01
4.378234990278407901e-01
8.730019588507218486e-01
3.219224167796768440e-36
7.160653416200123411e-01
7.160653416200123411e-01
7.160653416200123411e-01
7.160653416200123411e-01
7.160653416200123411e-01
3.219224167796768440e-36
7.160653416200123411e-01
7.160653416200123411e-01
3.219224167796768440e-36
3.219224167796768440e-36
3.219224167796768440e-36
7.160653416200123411e-01
7.160653416200123411e-01
1.081015913247878899e-27
3.219224167796768440e-36
7.160653416200123411e-01
5.187190080956679262e-39
3.219224167796768440e-36
7.160653416200123411e-01
3.219224167796768440e-36
3.219224167796768440e-36
4.018953928257136406e-20
3.219224167796768440e-36
7.160653416200123411e-01
3.219224167796768440e-36
7.160653416200123411e-01
5.772336409126967360e-34
7.160653416200123411e-01
3.219224167796768440e-36
3.219224167796768440e-36
3.343935707334058733e-46
1.221895087663141516e-31
7.160457694357201140e-04
4.132195280240636684e-30
7.160653416200123411e-01
3.219224167796768440e-36
3.219224167796768440e-36
2.434217018252183007e-01
6.399020748264200104e-33
7.015870411937833451e-01
7.990317024213079433e-01
7.015870411937833451e-01
7.015870411937833451e-01
7.015870411937833451e-01
2.359277774902911217e-36
2.359277774902911217e-36
2.359277774902911217e-36
2.359277774902911217e-36
1.181645472721632286e-03
7.015870411937833451e-01
2.359277774902911217e-36
2.359277774902911217e-36
2.359277774902911217e-36
7.015870411937833451e-01
2.643500066056237864e-15
3.393572699526226089e-02
2.359277774902911217e-36
7.015870411937833451e-01
7.015870411937833451e-01
2.359277774902911217e-36
7.015870411937833451e-01
1.768757390401495147e-37
7.015870411937833451e-01
7.015870411937833451e-01
2.359277774902911217e-36
2.359277774902911217e-36
2.359277774902911217e-36
7.015870411937833451e-01
7.015870411937833451e-01
7.015870411937833451e-01
3.606151618926994873e-01
2.359277774902911217e-36
7.015870411937833451e-01
7.015870411937833451e-01
7.015870411937833451e-01
7.015870411937833451e-01
7.015870411937833451e-01
