5.498339971454035968e-01
5.498339971454035968e-01
5.498339971454035968e-01
9.999999983124701064e-01
5.498339971454035968e-01
5.498339971454035968e-01
5.498339971454035968e-01
5.498339971454035968e-01
5.498339971454035968e-01
5.498339971454035968e-01
9.999999983124701064e-01
5.498339971454035968e-01
5.498339971454035968e-01
5.498339971454035968e-01
5.498339971454035968e-01
5.498339971454035968e-01
5.498339971454035968e-01
5.498339971454035968e-01
9.999999983124701064e-01
5.498339971454035968e-01
5.498339971454035968e-01
5.498339971454035968e-01
5.498339971454035968e-01
5.498339971454035968e-01
5.498339971454035968e-01
5.498339971454035968e-01
5.498339971454035968e-01
5.498339971454035968e-01
5.498339971454035968e-01
9.999999983124701064e-01
5.498339971454035968e-01
5.498339971454035968e-01
5.498339971454035968e-01
5.498339971454035968e-01
5.498339971454035968e-01
5.498339971454035968e-01
5.498339971454035968e-01
5.498339971454035968e-01
9.999999983124701064e-01
5.498339971454035968e-01
5.498339971454035968e-01
5.498339971454035968e-01
9.999999983124701064e-01
5.498339971454035968e-01
5.498339971454035968e-01
5.498339971454035968e-01
5.498339971454035968e-01
5.498339971454035968e-01
5.498339971454035968e-01
5.498339971454035968e-01
5.498339971454035968e-01
5.498339971454035968e-01
5.498339971454035968e-01
5.498339971454035968e-01
5.498339971454035968e-01
5.498339971454035968e-01
5.498339971454035968e-01
5.498339971454035968e-01
5.498339971454035968e-01
5.498339971454035968e-01
5.498339971454035968e-01
9.999999983124701064e-01
5.498339971454035968e-01
5.498339971454035968e-01
