5.498339991502616542e-01
5.498339991502616542e-01
5.498339991502616542e-01
5.498339991502616542e-01
5.498339991502616542e-01
5.498339991502616542e-01
9.999999983124714387e-01
5.498339991502616542e-01
5.498339991502616542e-01
5.498339991502616542e-01
5.498339991502616542e-01
9.999999983124714387e-01
5.498339991502616542e-01
5.498339991502616542e-01
5.498339991502616542e-01
5.498339991502616542e-01
5.498339991502616542e-01
5.498339991502616542e-01
5.498339991502616542e-01
5.498339991502616542e-01
5.498339991502616542e-01
5.498339991502616542e-01
5.498339991502616542e-01
9.999999983124714387e-01
5.498339991502616542e-01
5.498339991502616542e-01
9.999999983124714387e-01
9.999999983124714387e-01
5.498339991502616542e-01
5.498339991502616542e-01
9.999999983124714387e-01
5.498339991502616542e-01
5.498339991502616542e-01
9.999999983124714387e-01
5.498339991502616542e-01
5.498339991502616542e-01
9.999999983124714387e-01
9.999999983124714387e-01
5.498339991502616542e-01
5.498339991502616542e-01
5.498339991502616542e-01
9.999999983124714387e-01
5.498339991502616542e-01
5.498339991502616542e-01
5.498339991502616542e-01
9.999999983124714387e-01
9.999999983124714387e-01
5.498339991502616542e-01
5.498339991502616542e-01
9.999999983124714387e-01
5.498339991502616542e-01
5.498339991502616542e-01
5.498339991502616542e-01
5.498339991502616542e-01
5.498339991502616542e-01
9.999999983124714387e-01
5.498339991502616542e-01
5.498339991502616542e-01
5.498339991502616542e-01
5.498339991502616542e-01
5.498339991502616542e-01
5.498339991502616542e-01
5.498339991502616542e-01
5.498339991502616542e-01
