5.498339974795395380e-01
5.498339974795395380e-01
5.498339974795395380e-01
9.999999983124703284e-01
5.498339974795395380e-01
5.498339974795395380e-01
5.498339974795395380e-01
5.498339974795395380e-01
5.498339974795395380e-01
5.498339974795395380e-01
9.999999983124703284e-01
5.498339974795395380e-01
5.498339974795395380e-01
5.498339974795395380e-01
5.498339974795395380e-01
5.498339974795395380e-01
9.999999983124703284e-01
5.498339974795395380e-01
5.498339974795395380e-01
9.999999983124703284e-01
5.498339974795395380e-01
5.498339974795395380e-01
5.498339974795395380e-01
5.498339974795395380e-01
5.498339974795395380e-01
5.498339974795395380e-01
5.498339974795395380e-01
9.999999983124703284e-01
5.498339974795395380e-01
9.999999983124703284e-01
5.498339974795395380e-01
5.498339974795395380e-01
9.999999983124703284e-01
5.498339974795395380e-01
9.999999983124703284e-01
9.999999983124703284e-01
5.498339974795395380e-01
9.999999983124703284e-01
5.498339974795395380e-01
5.498339974795395380e-01
5.498339974795395380e-01
5.498339974795395380e-01
5.498339974795395380e-01
5.498339974795395380e-01
5.498339974795395380e-01
5.498339974795395380e-01
5.498339974795395380e-01
5.498339974795395380e-01
5.498339974795395380e-01
9.999999983124703284e-01
5.498339974795395380e-01
5.498339974795395380e-01
5.498339974795395380e-01
5.498339974795395380e-01
9.999999983124703284e-01
5.498339974795395380e-01
9.999999983124703284e-01
5.498339974795395380e-01
9.999999983124703284e-01
5.498339974795395380e-01
9.999999983124703284e-01
5.498339974795395380e-01
5.498339974795395380e-01
9.999999983124703284e-01
