5.498339971453856112e-01
5.498339971453856112e-01
5.498339971453856112e-01
9.999999983124701064e-01
5.498339971453856112e-01
5.498339971453856112e-01
9.999999983124701064e-01
5.498339971453856112e-01
5.498339971453856112e-01
9.999999983124701064e-01
5.498339971453856112e-01
9.999999983124701064e-01
5.498339971453856112e-01
5.498339971453856112e-01
5.498339971453856112e-01
5.498339971453856112e-01
9.999999983124701064e-01
5.498339971453856112e-01
5.498339971453856112e-01
5.498339971453856112e-01
9.999999983124701064e-01
5.498339971453856112e-01
5.498339971453856112e-01
5.498339971453856112e-01
5.498339971453856112e-01
5.498339971453856112e-01
5.498339971453856112e-01
5.498339971453856112e-01
5.498339971453856112e-01
5.498339971453856112e-01
9.999999983124701064e-01
9.999999983124701064e-01
5.498339971453856112e-01
9.999999983124701064e-01
9.999999983124701064e-01
9.999999983124701064e-01
5.498339971453856112e-01
5.498339971453856112e-01
5.498339971453856112e-01
5.498339971453856112e-01
9.999999983124701064e-01
5.498339971453856112e-01
9.999999983124701064e-01
5.498339971453856112e-01
5.498339971453856112e-01
5.498339971453856112e-01
9.999999983124701064e-01
9.999999983124701064e-01
5.498339971453856112e-01
5.498339971453856112e-01
5.498339971453856112e-01
5.498339971453856112e-01
5.498339971453856112e-01
5.498339971453856112e-01
9.999999983124701064e-01
5.498339971453856112e-01
5.498339971453856112e-01
5.498339971453856112e-01
9.999999983124701064e-01
5.498339971453856112e-01
5.498339971453856112e-01
5.498339971453856112e-01
5.498339971453856112e-01
5.498339971453856112e-01
