9.999999983124716607e-01
5.498339994844257950e-01
5.498339994844257950e-01
5.498339994844257950e-01
5.498339994844257950e-01
5.498339994844257950e-01
9.999999983124716607e-01
9.999999983124716607e-01
5.498339994844257950e-01
5.498339994844257950e-01
5.498339994844257950e-01
5.498339994844257950e-01
5.498339994844257950e-01
5.498339994844257950e-01
5.498339994844257950e-01
5.498339994844257950e-01
5.498339994844257950e-01
5.498339994844257950e-01
5.498339994844257950e-01
5.498339994844257950e-01
5.498339994844257950e-01
5.498339994844257950e-01
5.498339994844257950e-01
5.498339994844257950e-01
5.498339994844257950e-01
5.498339994844257950e-01
5.498339994844257950e-01
5.498339994844257950e-01
5.498339994844257950e-01
5.498339994844257950e-01
5.498339994844257950e-01
9.999999983124716607e-01
9.999999983124716607e-01
5.498339994844257950e-01
5.498339994844257950e-01
5.498339994844257950e-01
9.999999983124716607e-01
9.999999983124716607e-01
9.999999983124716607e-01
5.498339994844257950e-01
5.498339994844257950e-01
9.999999983124716607e-01
9.999999983124716607e-01
5.498339994844257950e-01
9.999999983124716607e-01
5.498339994844257950e-01
9.999999983124716607e-01
5.498339994844257950e-01
5.498339994844257950e-01
9.999999983124716607e-01
9.999999983124716607e-01
5.498339994844257950e-01
5.498339994844257950e-01
5.498339994844257950e-01
5.498339994844257950e-01
5.498339994844257950e-01
5.498339994844257950e-01
5.498339994844257950e-01
5.498339994844257950e-01
5.498339994844257950e-01
5.498339994844257950e-01
9.999999983124716607e-01
9.999999983124716607e-01
5.498339994844257950e-01
