9.999999983124707725e-01
9.999999983124707725e-01
5.498339981478274074e-01
9.999999983124707725e-01
9.999999983124707725e-01
9.999999983124707725e-01
5.498339981478274074e-01
9.999999983124707725e-01
5.498339981478274074e-01
9.999999983124707725e-01
5.498339981478274074e-01
5.498339981478274074e-01
9.999999983124707725e-01
5.498339981478274074e-01
5.498339981478274074e-01
5.498339981478274074e-01
5.498339981478274074e-01
5.498339981478274074e-01
9.999999983124707725e-01
5.498339981478274074e-01
5.498339981478274074e-01
5.498339981478274074e-01
5.498339981478274074e-01
5.498339981478274074e-01
9.999999983124707725e-01
5.498339981478274074e-01
5.498339981478274074e-01
5.498339981478274074e-01
5.498339981478274074e-01
5.498339981478274074e-01
5.498339981478274074e-01
5.498339981478274074e-01
5.498339981478274074e-01
9.999999983124707725e-01
5.498339981478274074e-01
5.498339981478274074e-01
5.498339981478274074e-01
9.999999983124707725e-01
5.498339981478274074e-01
5.498339981478274074e-01
5.498339981478274074e-01
5.498339981478274074e-01
9.999999983124707725e-01
9.999999983124707725e-01
5.498339981478274074e-01
9.999999983124707725e-01
5.498339981478274074e-01
5.498339981478274074e-01
5.498339981478274074e-01
5.498339981478274074e-01
9.999999983124707725e-01
5.498339981478274074e-01
9.999999983124707725e-01
5.498339981478274074e-01
5.498339981478274074e-01
9.999999983124707725e-01
5.498339981478274074e-01
5.498339981478274074e-01
5.498339981478274074e-01
5.498339981478274074e-01
9.999999983124707725e-01
5.498339981478274074e-01
5.498339981478274074e-01
9.999999983124707725e-01
