5.498339998185827193e-01
5.498339998185827193e-01
9.999999943982385009e-01
9.999999983124718828e-01
5.498339998185827193e-01
5.498339998185827193e-01
9.999999983124718828e-01
5.498339998185827193e-01
5.498339998185827193e-01
5.498339998185827193e-01
9.999999983124718828e-01
5.498339998185827193e-01
5.498339998185827193e-01
5.498339998185827193e-01
5.498339998185827193e-01
5.498339998185827193e-01
9.999999983124718828e-01
5.498339998185827193e-01
9.999999983124718828e-01
5.498339998185827193e-01
5.498339998185827193e-01
5.498339998185827193e-01
5.498339998185827193e-01
5.498339998185827193e-01
5.498339998185827193e-01
9.999999983124718828e-01
5.498339998185827193e-01
5.498339998185827193e-01
5.498339998185827193e-01
9.999999983124718828e-01
5.498339998185827193e-01
5.498339998185827193e-01
5.498339998185827193e-01
9.999999983124718828e-01
5.498339998185827193e-01
5.498339998185827193e-01
9.999999983124718828e-01
5.498339998185827193e-01
5.498339998185827193e-01
5.498339998185827193e-01
9.999999983124718828e-01
5.498339998185827193e-01
9.999999983124718828e-01
5.498339998185827193e-01
9.999999983124718828e-01
5.498339998185827193e-01
5.498339998185827193e-01
5.498339998185827193e-01
5.498339998185827193e-01
9.999999983124718828e-01
5.498339998185827193e-01
5.498339998185827193e-01
5.498339998185827193e-01
5.498339998185827193e-01
5.498339998185827193e-01
5.498339998185827193e-01
5.498339998185827193e-01
9.999999983124718828e-01
5.498339998185827193e-01
9.999999983124718828e-01
5.498339998185827193e-01
5.498339998185827193e-01
9.999999983124718828e-01
5.498339998185827193e-01
