5.498339981478215233e-01
9.999999983124707725e-01
9.999999983124707725e-01
9.999999983124707725e-01
9.999999983124707725e-01
5.498339981478215233e-01
5.498339981478215233e-01
9.999999983124707725e-01
5.498339981478215233e-01
9.999999983124707725e-01
5.498339981478215233e-01
5.498339981478215233e-01
5.498339981478215233e-01
5.498339981478215233e-01
5.498339981478215233e-01
5.498339981478215233e-01
9.999999983124707725e-01
9.999999983124707725e-01
5.498339981478215233e-01
9.999999983124707725e-01
5.498339981478215233e-01
5.498339981478215233e-01
5.498339981478215233e-01
5.498339981478215233e-01
5.498339981478215233e-01
5.498339981478215233e-01
5.498339981478215233e-01
5.498339981478215233e-01
5.498339981478215233e-01
5.498339981478215233e-01
5.498339981478215233e-01
9.999999983124707725e-01
5.498339981478215233e-01
5.498339981478215233e-01
5.498339981478215233e-01
9.999445509178549463e-01
5.498339981478215233e-01
9.999999983124707725e-01
5.498339981478215233e-01
5.498339981478215233e-01
5.498339981478215233e-01
5.498339981478215233e-01
5.498339981478215233e-01
9.999999983124707725e-01
5.498339981478215233e-01
5.498339981478215233e-01
5.498339981478215233e-01
9.999999983124707725e-01
5.498339981478215233e-01
5.498339981478215233e-01
5.498339981478215233e-01
5.498339981478215233e-01
5.498339981478215233e-01
5.498339981478215233e-01
9.999999983124707725e-01
5.498339981478215233e-01
5.498339981478215233e-01
5.498339981478215233e-01
5.498339981478215233e-01
5.498339981478215233e-01
9.999999983124707725e-01
5.498339981478215233e-01
5.498339981478215233e-01
5.498339981478215233e-01
