9.999999983124705505e-01
5.498339979807449485e-01
5.498339979807449485e-01
9.999999983124705505e-01
5.498339979807449485e-01
5.498339979807449485e-01
9.999999983124705505e-01
9.999999983124705505e-01
5.498339979807449485e-01
5.498339979807449485e-01
5.498339979807449485e-01
5.498339979807449485e-01
5.498339979807449485e-01
5.498339979807449485e-01
5.498339979807449485e-01
5.498339979807449485e-01
5.498339979807449485e-01
5.498339979807449485e-01
5.498339979807449485e-01
5.498339979807449485e-01
5.498339979807449485e-01
5.498339979807449485e-01
5.498339979807449485e-01
9.999999983124705505e-01
5.498339979807449485e-01
5.498339979807449485e-01
5.498339979807449485e-01
9.999999983124705505e-01
5.498339979807449485e-01
5.498339979807449485e-01
5.498339979807449485e-01
5.498339979807449485e-01
9.999999983124705505e-01
5.498339979807449485e-01
5.498339979807449485e-01
5.498339979807449485e-01
5.498339979807449485e-01
9.999999983124705505e-01
5.498339979807449485e-01
5.498339979807449485e-01
9.999999983124705505e-01
5.498339979807449485e-01
5.498339979807449485e-01
5.498339979807449485e-01
9.999999983124705505e-01
5.498339979807449485e-01
5.498339979807449485e-01
5.498339979807449485e-01
5.498339979807449485e-01
9.999999983124705505e-01
5.498339979807449485e-01
5.498339979807449485e-01
5.498339979807449485e-01
5.498339979807449485e-01
5.498339979807449485e-01
5.498339979807449485e-01
5.498339979807449485e-01
5.498339979807449485e-01
9.999999983124705505e-01
5.498339979807449485e-01
5.498339979807449485e-01
5.498339979807449485e-01
5.498339979807449485e-01
5.498339979807449485e-01
9.999999983124705505e-01
