5.498339971454035968e-01
5.498339971454035968e-01
5.498339971454035968e-01
9.999999983124701064e-01
5.498339971454035968e-01
5.498339971454035968e-01
5.498339971454035968e-01
5.498339971454035968e-01
5.498339971454035968e-01
5.498339971454035968e-01
9.999999983124701064e-01
5.498339971454035968e-01
5.498339971454035968e-01
5.498339971454035968e-01
5.498339971454035968e-01
5.498339971454035968e-01
5.498339971454035968e-01
5.498339971454035968e-01
9.999999983124701064e-01
5.498339971454035968e-01
5.498339971454035968e-01
5.498339971454035968e-01
5.498339971454035968e-01
5.498339971454035968e-01
5.498339971454035968e-01
5.498339971454035968e-01
5.498339971454035968e-01
5.498339971454035968e-01
5.498339971454035968e-01
9.999999983124701064e-01
5.498339971454035968e-01
5.498339971454035968e-01
5.498339971454035968e-01
5.498339971454035968e-01
5.498339971454035968e-01
5.498339971454035968e-01
5.498339971454035968e-01
5.498339971454035968e-01
9.999999983124701064e-01
5.498339971454035968e-01
5.498339971454035968e-01
5.498339971454035968e-01
9.999999983124701064e-01
5.498339971454035968e-01
5.498339971454035968e-01
5.498339971454035968e-01
5.498339971454035968e-01
5.498339971454035968e-01
5.498339971454035968e-01
5.498339971454035968e-01
5.498339971454035968e-01
5.498339971454035968e-01
5.498339971454035968e-01
5.498339971454035968e-01
5.498339971454035968e-01
5.498339971454035968e-01
5.498339971454035968e-01
5.498339971454035968e-01
5.498339971454035968e-01
5.498339971454035968e-01
5.498339971454035968e-01
9.999999983124701064e-01
5.498339971454035968e-01
5.498339971454035968e-01
5.498339991502616542e-01
5.498339991502616542e-01
5.498339991502616542e-01
5.498339991502616542e-01
5.498339991502616542e-01
5.498339991502616542e-01
9.999999983124714387e-01
5.498339991502616542e-01
5.498339991502616542e-01
5.498339991502616542e-01
5.498339991502616542e-01
9.999999983124714387e-01
5.498339991502616542e-01
5.498339991502616542e-01
5.498339991502616542e-01
5.498339991502616542e-01
5.498339991502616542e-01
5.498339991502616542e-01
5.498339991502616542e-01
5.498339991502616542e-01
5.498339991502616542e-01
5.498339991502616542e-01
5.498339991502616542e-01
9.999999983124714387e-01
5.498339991502616542e-01
5.498339991502616542e-01
9.999999983124714387e-01
9.999999983124714387e-01
5.498339991502616542e-01
5.498339991502616542e-01
9.999999983124714387e-01
5.498339991502616542e-01
5.498339991502616542e-01
9.999999983124714387e-01
5.498339991502616542e-01
5.498339991502616542e-01
9.999999983124714387e-01
9.999999983124714387e-01
5.498339991502616542e-01
5.498339991502616542e-01
5.498339991502616542e-01
9.999999983124714387e-01
5.498339991502616542e-01
5.498339991502616542e-01
5.498339991502616542e-01
9.999999983124714387e-01
9.999999983124714387e-01
5.498339991502616542e-01
5.498339991502616542e-01
9.999999983124714387e-01
5.498339991502616542e-01
5.498339991502616542e-01
5.498339991502616542e-01
5.498339991502616542e-01
5.498339991502616542e-01
9.999999983124714387e-01
5.498339991502616542e-01
5.498339991502616542e-01
5.498339991502616542e-01
5.498339991502616542e-01
5.498339991502616542e-01
5.498339991502616542e-01
5.498339991502616542e-01
5.498339991502616542e-01
5.498339974795395380e-01
5.498339974795395380e-01
5.498339974795395380e-01
9.999999983124703284e-01
5.498339974795395380e-01
5.498339974795395380e-01
5.498339974795395380e-01
5.498339974795395380e-01
5.498339974795395380e-01
5.498339974795395380e-01
9.999999983124703284e-01
5.498339974795395380e-01
5.498339974795395380e-01
5.498339974795395380e-01
5.498339974795395380e-01
5.498339974795395380e-01
9.999999983124703284e-01
5.498339974795395380e-01
5.498339974795395380e-01
9.999999983124703284e-01
5.498339974795395380e-01
5.498339974795395380e-01
5.498339974795395380e-01
5.498339974795395380e-01
5.498339974795395380e-01
5.498339974795395380e-01
5.498339974795395380e-01
9.999999983124703284e-01
5.498339974795395380e-01
9.999999983124703284e-01
5.498339974795395380e-01
5.498339974795395380e-01
9.999999983124703284e-01
5.498339974795395380e-01
9.999999983124703284e-01
9.999999983124703284e-01
5.498339974795395380e-01
9.999999983124703284e-01
5.498339974795395380e-01
5.498339974795395380e-01
5.498339974795395380e-01
5.498339974795395380e-01
5.498339974795395380e-01
5.498339974795395380e-01
5.498339974795395380e-01
5.498339974795395380e-01
5.498339974795395380e-01
5.498339974795395380e-01
5.498339974795395380e-01
9.999999983124703284e-01
5.498339974795395380e-01
5.498339974795395380e-01
5.498339974795395380e-01
5.498339974795395380e-01
9.999999983124703284e-01
5.498339974795395380e-01
9.999999983124703284e-01
5.498339974795395380e-01
9.999999983124703284e-01
5.498339974795395380e-01
9.999999983124703284e-01
5.498339974795395380e-01
5.498339974795395380e-01
9.999999983124703284e-01
9.999999983124714387e-01
5.498339991502718682e-01
5.498339991502718682e-01
9.999999983124714387e-01
5.498339991502718682e-01
5.498339991502718682e-01
5.498339991502718682e-01
9.999999983124714387e-01
5.498339991502718682e-01
5.498339991502718682e-01
5.498339991502718682e-01
9.999999983124714387e-01
5.498339991502718682e-01
5.498339991502718682e-01
5.498339991502718682e-01
5.498339991502718682e-01
9.999999983124714387e-01
9.999999983124714387e-01
5.498339991502718682e-01
5.498339991502718682e-01
5.498339991502718682e-01
5.498339991502718682e-01
9.999999983124714387e-01
5.498339991502718682e-01
9.999999983124714387e-01
5.498339991502718682e-01
5.498339991502718682e-01
9.999999983124714387e-01
5.498339991502718682e-01
9.999999983124714387e-01
5.498339991502718682e-01
5.498339991502718682e-01
5.498339991502718682e-01
5.498339991502718682e-01
5.498339991502718682e-01
5.498339991502718682e-01
5.498339991502718682e-01
9.999999983124714387e-01
5.498339991502718682e-01
5.498339991502718682e-01
5.498339991502718682e-01
9.999999983124714387e-01
5.498339991502718682e-01
5.498339991502718682e-01
5.498339991502718682e-01
9.999999983124714387e-01
5.498339991502718682e-01
5.498339991502718682e-01
5.498339991502718682e-01
5.498339991502718682e-01
5.498339991502718682e-01
5.498339991502718682e-01
9.999999983124714387e-01
5.498339991502718682e-01
9.999999983124714387e-01
9.999999983124714387e-01
5.498339991502718682e-01
5.498339991502718682e-01
5.498339991502718682e-01
5.498339991502718682e-01
5.498339991502718682e-01
5.498339991502718682e-01
5.498339991502718682e-01
9.999999983124714387e-01
5.498339971453856112e-01
5.498339971453856112e-01
5.498339971453856112e-01
9.999999983124701064e-01
5.498339971453856112e-01
5.498339971453856112e-01
9.999999983124701064e-01
5.498339971453856112e-01
5.498339971453856112e-01
9.999999983124701064e-01
5.498339971453856112e-01
9.999999983124701064e-01
5.498339971453856112e-01
5.498339971453856112e-01
5.498339971453856112e-01
5.498339971453856112e-01
9.999999983124701064e-01
5.498339971453856112e-01
5.498339971453856112e-01
5.498339971453856112e-01
9.999999983124701064e-01
5.498339971453856112e-01
5.498339971453856112e-01
5.498339971453856112e-01
5.498339971453856112e-01
5.498339971453856112e-01
5.498339971453856112e-01
5.498339971453856112e-01
5.498339971453856112e-01
5.498339971453856112e-01
9.999999983124701064e-01
9.999999983124701064e-01
5.498339971453856112e-01
9.999999983124701064e-01
9.999999983124701064e-01
9.999999983124701064e-01
5.498339971453856112e-01
5.498339971453856112e-01
5.498339971453856112e-01
5.498339971453856112e-01
9.999999983124701064e-01
5.498339971453856112e-01
9.999999983124701064e-01
5.498339971453856112e-01
5.498339971453856112e-01
5.498339971453856112e-01
9.999999983124701064e-01
9.999999983124701064e-01
5.498339971453856112e-01
5.498339971453856112e-01
5.498339971453856112e-01
5.498339971453856112e-01
5.498339971453856112e-01
5.498339971453856112e-01
9.999999983124701064e-01
5.498339971453856112e-01
5.498339971453856112e-01
5.498339971453856112e-01
9.999999983124701064e-01
5.498339971453856112e-01
5.498339971453856112e-01
5.498339971453856112e-01
5.498339971453856112e-01
5.498339971453856112e-01
9.999999983124716607e-01
5.498339994844257950e-01
5.498339994844257950e-01
5.498339994844257950e-01
5.498339994844257950e-01
5.498339994844257950e-01
9.999999983124716607e-01
9.999999983124716607e-01
5.498339994844257950e-01
5.498339994844257950e-01
5.498339994844257950e-01
5.498339994844257950e-01
5.498339994844257950e-01
5.498339994844257950e-01
5.498339994844257950e-01
5.498339994844257950e-01
5.498339994844257950e-01
5.498339994844257950e-01
5.498339994844257950e-01
5.498339994844257950e-01
5.498339994844257950e-01
5.498339994844257950e-01
5.498339994844257950e-01
5.498339994844257950e-01
5.498339994844257950e-01
5.498339994844257950e-01
5.498339994844257950e-01
5.498339994844257950e-01
5.498339994844257950e-01
5.498339994844257950e-01
5.498339994844257950e-01
9.999999983124716607e-01
9.999999983124716607e-01
5.498339994844257950e-01
5.498339994844257950e-01
5.498339994844257950e-01
9.999999983124716607e-01
9.999999983124716607e-01
9.999999983124716607e-01
5.498339994844257950e-01
5.498339994844257950e-01
9.999999983124716607e-01
9.999999983124716607e-01
5.498339994844257950e-01
9.999999983124716607e-01
5.498339994844257950e-01
9.999999983124716607e-01
5.498339994844257950e-01
5.498339994844257950e-01
9.999999983124716607e-01
9.999999983124716607e-01
5.498339994844257950e-01
5.498339994844257950e-01
5.498339994844257950e-01
5.498339994844257950e-01
5.498339994844257950e-01
5.498339994844257950e-01
5.498339994844257950e-01
5.498339994844257950e-01
5.498339994844257950e-01
5.498339994844257950e-01
9.999999983124716607e-01
9.999999983124716607e-01
5.498339994844257950e-01
9.999999983124707725e-01
9.999999983124707725e-01
5.498339981478274074e-01
9.999999983124707725e-01
9.999999983124707725e-01
9.999999983124707725e-01
5.498339981478274074e-01
9.999999983124707725e-01
5.498339981478274074e-01
9.999999983124707725e-01
5.498339981478274074e-01
5.498339981478274074e-01
9.999999983124707725e-01
5.498339981478274074e-01
5.498339981478274074e-01
5.498339981478274074e-01
5.498339981478274074e-01
5.498339981478274074e-01
9.999999983124707725e-01
5.498339981478274074e-01
5.498339981478274074e-01
5.498339981478274074e-01
5.498339981478274074e-01
5.498339981478274074e-01
9.999999983124707725e-01
5.498339981478274074e-01
5.498339981478274074e-01
5.498339981478274074e-01
5.498339981478274074e-01
5.498339981478274074e-01
5.498339981478274074e-01
5.498339981478274074e-01
5.498339981478274074e-01
9.999999983124707725e-01
5.498339981478274074e-01
5.498339981478274074e-01
5.498339981478274074e-01
9.999999983124707725e-01
5.498339981478274074e-01
5.498339981478274074e-01
5.498339981478274074e-01
5.498339981478274074e-01
9.999999983124707725e-01
9.999999983124707725e-01
5.498339981478274074e-01
9.999999983124707725e-01
5.498339981478274074e-01
5.498339981478274074e-01
5.498339981478274074e-01
5.498339981478274074e-01
9.999999983124707725e-01
5.498339981478274074e-01
9.999999983124707725e-01
5.498339981478274074e-01
5.498339981478274074e-01
9.999999983124707725e-01
5.498339981478274074e-01
5.498339981478274074e-01
5.498339981478274074e-01
5.498339981478274074e-01
9.999999983124707725e-01
5.498339981478274074e-01
5.498339981478274074e-01
9.999999983124707725e-01
5.498339998185827193e-01
5.498339998185827193e-01
9.999999943982385009e-01
9.999999983124718828e-01
5.498339998185827193e-01
5.498339998185827193e-01
9.999999983124718828e-01
5.498339998185827193e-01
5.498339998185827193e-01
5.498339998185827193e-01
9.999999983124718828e-01
5.498339998185827193e-01
5.498339998185827193e-01
5.498339998185827193e-01
5.498339998185827193e-01
5.498339998185827193e-01
9.999999983124718828e-01
5.498339998185827193e-01
9.999999983124718828e-01
5.498339998185827193e-01
5.498339998185827193e-01
5.498339998185827193e-01
5.498339998185827193e-01
5.498339998185827193e-01
5.498339998185827193e-01
9.999999983124718828e-01
5.498339998185827193e-01
5.498339998185827193e-01
5.498339998185827193e-01
9.999999983124718828e-01
5.498339998185827193e-01
5.498339998185827193e-01
5.498339998185827193e-01
9.999999983124718828e-01
5.498339998185827193e-01
5.498339998185827193e-01
9.999999983124718828e-01
5.498339998185827193e-01
5.498339998185827193e-01
5.498339998185827193e-01
9.999999983124718828e-01
5.498339998185827193e-01
9.999999983124718828e-01
5.498339998185827193e-01
9.999999983124718828e-01
5.498339998185827193e-01
5.498339998185827193e-01
5.498339998185827193e-01
5.498339998185827193e-01
9.999999983124718828e-01
5.498339998185827193e-01
5.498339998185827193e-01
5.498339998185827193e-01
5.498339998185827193e-01
5.498339998185827193e-01
5.498339998185827193e-01
5.498339998185827193e-01
9.999999983124718828e-01
5.498339998185827193e-01
9.999999983124718828e-01
5.498339998185827193e-01
5.498339998185827193e-01
9.999999983124718828e-01
5.498339998185827193e-01
5.498339981478215233e-01
9.999999983124707725e-01
9.999999983124707725e-01
9.999999983124707725e-01
9.999999983124707725e-01
5.498339981478215233e-01
5.498339981478215233e-01
9.999999983124707725e-01
5.498339981478215233e-01
9.999999983124707725e-01
5.498339981478215233e-01
5.498339981478215233e-01
5.498339981478215233e-01
5.498339981478215233e-01
5.498339981478215233e-01
5.498339981478215233e-01
9.999999983124707725e-01
9.999999983124707725e-01
5.498339981478215233e-01
9.999999983124707725e-01
5.498339981478215233e-01
5.498339981478215233e-01
5.498339981478215233e-01
5.498339981478215233e-01
5.498339981478215233e-01
5.498339981478215233e-01
5.498339981478215233e-01
5.498339981478215233e-01
5.498339981478215233e-01
5.498339981478215233e-01
5.498339981478215233e-01
9.999999983124707725e-01
5.498339981478215233e-01
5.498339981478215233e-01
5.498339981478215233e-01
9.999445509178549463e-01
5.498339981478215233e-01
9.999999983124707725e-01
5.498339981478215233e-01
5.498339981478215233e-01
5.498339981478215233e-01
5.498339981478215233e-01
5.498339981478215233e-01
9.999999983124707725e-01
5.498339981478215233e-01
5.498339981478215233e-01
5.498339981478215233e-01
9.999999983124707725e-01
5.498339981478215233e-01
5.498339981478215233e-01
5.498339981478215233e-01
5.498339981478215233e-01
5.498339981478215233e-01
5.498339981478215233e-01
9.999999983124707725e-01
5.498339981478215233e-01
5.498339981478215233e-01
5.498339981478215233e-01
5.498339981478215233e-01
5.498339981478215233e-01
9.999999983124707725e-01
5.498339981478215233e-01
5.498339981478215233e-01
5.498339981478215233e-01
9.999999983124705505e-01
5.498339979807449485e-01
5.498339979807449485e-01
9.999999983124705505e-01
5.498339979807449485e-01
5.498339979807449485e-01
9.999999983124705505e-01
9.999999983124705505e-01
5.498339979807449485e-01
5.498339979807449485e-01
5.498339979807449485e-01
5.498339979807449485e-01
5.498339979807449485e-01
5.498339979807449485e-01
5.498339979807449485e-01
5.498339979807449485e-01
5.498339979807449485e-01
5.498339979807449485e-01
5.498339979807449485e-01
5.498339979807449485e-01
5.498339979807449485e-01
5.498339979807449485e-01
5.498339979807449485e-01
9.999999983124705505e-01
5.498339979807449485e-01
5.498339979807449485e-01
5.498339979807449485e-01
9.999999983124705505e-01
5.498339979807449485e-01
5.498339979807449485e-01
5.498339979807449485e-01
5.498339979807449485e-01
9.999999983124705505e-01
5.498339979807449485e-01
5.498339979807449485e-01
5.498339979807449485e-01
5.498339979807449485e-01
9.999999983124705505e-01
5.498339979807449485e-01
5.498339979807449485e-01
9.999999983124705505e-01
5.498339979807449485e-01
5.498339979807449485e-01
5.498339979807449485e-01
9.999999983124705505e-01
5.498339979807449485e-01
5.498339979807449485e-01
5.498339979807449485e-01
5.498339979807449485e-01
9.999999983124705505e-01
5.498339979807449485e-01
5.498339979807449485e-01
5.498339979807449485e-01
5.498339979807449485e-01
5.498339979807449485e-01
5.498339979807449485e-01
5.498339979807449485e-01
5.498339979807449485e-01
9.999999983124705505e-01
5.498339979807449485e-01
5.498339979807449485e-01
5.498339979807449485e-01
5.498339979807449485e-01
5.498339979807449485e-01
9.999999983124705505e-01
