9.999999999514814775e-01
9.999999999514814775e-01
9.999999999514563864e-01
9.999999999514814775e-01
9.999999999514814775e-01
9.999999999514814775e-01
9.999999999514814775e-01
9.999999999514814775e-01
9.999999999514814775e-01
9.999999999514814775e-01
9.999999999514668225e-01
9.999999999514814775e-01
9.999999999514814775e-01
9.999999999514812554e-01
9.999999999514814775e-01
9.999999999514814775e-01
9.999999999514814775e-01
9.999999999514814775e-01
9.999999999514810334e-01
9.999999999514814775e-01
9.999999999514814775e-01
9.999999999514814775e-01
9.999999999514814775e-01
9.999999999514814775e-01
9.999999999514814775e-01
9.999999999514814775e-01
9.999999999514810334e-01
9.999999999514814775e-01
9.999999999514819216e-01
9.999999999514814775e-01
9.999999999514814775e-01
9.999999999514814775e-01
9.999999999514814775e-01
9.999999999514810334e-01
9.999999999514814775e-01
9.999999999514814775e-01
9.999999999514814775e-01
9.999999999514814775e-01
9.999999999514814775e-01
