9.999999999514925797e-01
9.999999999514925797e-01
9.999999999514925797e-01
9.999999999514925797e-01
9.999999999514925797e-01
9.999999999514925797e-01
9.999999999514919136e-01
9.999999999514925797e-01
9.999999999514925797e-01
9.999999999514925797e-01
9.999999999514925797e-01
9.999999999514668225e-01
9.999999999514925797e-01
9.999999999514925797e-01
9.999999999514925797e-01
9.999999999514925797e-01
9.999999999514925797e-01
9.999999999514925797e-01
9.999999999514934679e-01
9.999999999514925797e-01
9.999999999514925797e-01
9.999999999514925797e-01
9.999999999514925797e-01
9.999999999514925797e-01
9.999999999514932458e-01
9.999999999514925797e-01
9.999999999514925797e-01
9.999999999514925797e-01
9.999999999514925797e-01
9.999999999514925797e-01
9.999999999514925797e-01
9.999999999514925797e-01
9.999999999514925797e-01
9.999999999514925797e-01
9.999999999514925797e-01
9.999999999514925797e-01
9.999999999514870286e-01
9.999999999514925797e-01
9.999999999514925797e-01
