9.999999999514925797e-01
9.999999999514925797e-01
9.999999999514925797e-01
9.999999999514925797e-01
9.999999999514925797e-01
9.999999999514925797e-01
9.999999999514925797e-01
9.999999999514925797e-01
9.999999999514925797e-01
9.999999999514925797e-01
9.999999999514925797e-01
9.999999999514925797e-01
9.999999999514925797e-01
9.999999999514925797e-01
9.999999999514943561e-01
9.999999999514925797e-01
9.999999999514925797e-01
9.999999999514694871e-01
9.999999999514925797e-01
9.999999999514925797e-01
9.999999999514925797e-01
9.999999999514925797e-01
9.999999999514925797e-01
9.999999999514925797e-01
9.999999999514925797e-01
9.999999999514925797e-01
9.999999999514925797e-01
9.999999999514925797e-01
9.999999999514925797e-01
9.999999999514925797e-01
9.999999999514925797e-01
9.999999999514925797e-01
9.999999999514925797e-01
9.999999999514925797e-01
9.999999999514925797e-01
9.999999999514925797e-01
9.999999999514925797e-01
9.999999999514912474e-01
9.999999999514925797e-01
