9.999999999515043481e-01
9.999999999515056803e-01
9.999999999515043481e-01
9.999999999515043481e-01
9.999999999515043481e-01
9.999999999515043481e-01
9.999999999515043481e-01
9.999999999515043481e-01
9.999999999515043481e-01
9.999999999515043481e-01
9.999999999515043481e-01
9.999999999515043481e-01
9.999999999512076965e-01
9.999999999515043481e-01
9.999999999515043481e-01
9.999999999515043481e-01
9.999999999515043481e-01
9.999999999515043481e-01
9.999999999515043481e-01
9.999999999515043481e-01
9.999999999515043481e-01
9.999999999515043481e-01
9.999999999515043481e-01
9.999999999515043481e-01
9.999999999515043481e-01
9.999999999515043481e-01
9.999999999515043481e-01
9.999999999515043481e-01
9.999999999515043481e-01
9.999999999515043481e-01
9.999999999515043481e-01
9.999999999515043481e-01
9.999999999515043481e-01
9.999999999515043481e-01
9.999999999515043481e-01
9.999999999515043481e-01
9.999999999515043481e-01
9.999999999515043481e-01
9.999999999515043481e-01
9.999999999515043481e-01
