9.999999999515043481e-01
9.999999999515043481e-01
9.999999999515043481e-01
9.999999999515043481e-01
9.999999999515043481e-01
9.999999999515043481e-01
9.999999999515043481e-01
9.999999999515043481e-01
9.999999999515043481e-01
9.999999999515043481e-01
9.999999999515043481e-01
9.999999999515052362e-01
9.999999999515043481e-01
9.999999999515043481e-01
9.999999999515043481e-01
9.999999999515043481e-01
9.999999999515043481e-01
9.999999999515043481e-01
9.999999999515043481e-01
9.999999999515043481e-01
9.999999999515043481e-01
9.999999999514657123e-01
9.999999999515043481e-01
9.999999999515056803e-01
9.999999999515043481e-01
9.999999999515043481e-01
9.999999999515043481e-01
9.999999999515043481e-01
9.999999999515043481e-01
9.999999999515043481e-01
9.999999999515043481e-01
9.999999999515043481e-01
9.999999999515043481e-01
9.999999999515043481e-01
9.999999999515045701e-01
9.999999999515043481e-01
9.999999999515043481e-01
9.999999999515043481e-01
9.999999999515043481e-01
