9.999999999514814775e-01
9.999999999514814775e-01
9.999999999514814775e-01
9.999999999514814775e-01
9.999999999514814775e-01
9.999999999514814775e-01
9.999999999514814775e-01
9.999999999514814775e-01
9.999999999514814775e-01
9.999999999514814775e-01
9.999999999514814775e-01
9.999999999514814775e-01
9.999999999514816995e-01
9.999999999514814775e-01
9.999999999514814775e-01
9.999999999514814775e-01
9.999999999514814775e-01
9.999999999514814775e-01
9.999999999514814775e-01
9.999999999514814775e-01
9.999999999514814775e-01
9.999999999514814775e-01
9.999999999514752602e-01
9.999999999514814775e-01
9.999999999514814775e-01
9.999999999514814775e-01
9.999999999514814775e-01
9.999999999514814775e-01
9.999999999514814775e-01
9.999999999514814775e-01
9.999999999514814775e-01
9.999999999514814775e-01
9.999999999514797011e-01
9.999999999514792570e-01
9.999999999514814775e-01
9.999999999514814775e-01
9.999999999514810334e-01
9.999999999514814775e-01
9.999999999514814775e-01
9.999999999514814775e-01
