9.999999999515043481e-01
9.999999999515043481e-01
9.999999999515043481e-01
9.999999999515043481e-01
9.999999999515043481e-01
9.999999999515043481e-01
9.999999999515043481e-01
9.999999999515043481e-01
9.999999999515043481e-01
9.999999999515043481e-01
9.999999999515043481e-01
9.999999999515043481e-01
9.999999999515043481e-01
9.999999999515043481e-01
9.999999999515043481e-01
9.999999999515043481e-01
9.999999999515043481e-01
9.999999999515043481e-01
9.999999999515043481e-01
9.999999999515043481e-01
9.999999999515056803e-01
9.999999999515043481e-01
9.999999999515043481e-01
9.999999999515043481e-01
9.999999999515043481e-01
9.999999999515043481e-01
9.999999999515043481e-01
9.999999999515043481e-01
9.999999999515043481e-01
9.999999999515047922e-01
9.999999999515043481e-01
9.999999999515043481e-01
9.999999999515043481e-01
9.999999999515043481e-01
9.999999999515043481e-01
9.999999999515043481e-01
9.999999999515043481e-01
9.999999999515043481e-01
9.999999999515043481e-01
