9.999999999514814775e-01
9.999999999514814775e-01
9.999999999514814775e-01
9.999999999514814775e-01
9.999999999514819216e-01
9.999999999514814775e-01
9.999999999514814775e-01
9.999999999514814775e-01
9.999999999514814775e-01
9.999999999514814775e-01
9.999999999514814775e-01
9.999999999514814775e-01
9.999999999514814775e-01
9.999999999514814775e-01
9.999999999514814775e-01
9.999999999514814775e-01
9.999999999514814775e-01
9.999999999514814775e-01
9.999999999514814775e-01
9.999999999514814775e-01
9.999999999514814775e-01
9.999999999514814775e-01
9.999999999514814775e-01
9.999999999514814775e-01
9.999999999514814775e-01
9.999999999514814775e-01
9.999999999514814775e-01
9.999999999514814775e-01
9.999999999514814775e-01
9.999999999514814775e-01
9.999999999514814775e-01
9.999999999514814775e-01
9.999999999514814775e-01
9.999999999514814775e-01
9.999999999514814775e-01
9.999999999514814775e-01
9.999999999514814775e-01
9.999999999514814775e-01
9.999999999514814775e-01
