9.999999999514814775e-01
9.999999999514814775e-01
9.999999999514814775e-01
9.999999999514814775e-01
9.999999999514814775e-01
9.999999999514814775e-01
9.999999999514814775e-01
9.999999999514810334e-01
9.999999999514814775e-01
9.999999999514814775e-01
9.999999999514821436e-01
9.999999999514814775e-01
9.999999999514814775e-01
9.999999999514814775e-01
9.999999999514814775e-01
9.999999999514814775e-01
9.999999999514814775e-01
9.999999999514814775e-01
9.999999999514814775e-01
9.999999999514814775e-01
9.999999999514814775e-01
9.999999999514814775e-01
9.999999999514814775e-01
9.999999999514814775e-01
9.999999999514814775e-01
9.999999999514814775e-01
9.999999999514814775e-01
9.999999999514814775e-01
9.999999999514814775e-01
9.999999999514814775e-01
9.999999999514814775e-01
9.999999999514814775e-01
9.999999999514814775e-01
9.999999999514814775e-01
9.999999999514814775e-01
9.999999999514814775e-01
9.999999999514814775e-01
9.999999999514814775e-01
9.999999999514814775e-01
9.999999999514814775e-01
