9.999999999514814775e-01
9.999999999514814775e-01
9.999999999514563864e-01
9.999999999514814775e-01
9.999999999514814775e-01
9.999999999514814775e-01
9.999999999514814775e-01
9.999999999514814775e-01
9.999999999514814775e-01
9.999999999514814775e-01
9.999999999514668225e-01
9.999999999514814775e-01
9.999999999514814775e-01
9.999999999514812554e-01
9.999999999514814775e-01
9.999999999514814775e-01
9.999999999514814775e-01
9.999999999514814775e-01
9.999999999514810334e-01
9.999999999514814775e-01
9.999999999514814775e-01
9.999999999514814775e-01
9.999999999514814775e-01
9.999999999514814775e-01
9.999999999514814775e-01
9.999999999514814775e-01
9.999999999514810334e-01
9.999999999514814775e-01
9.999999999514819216e-01
9.999999999514814775e-01
9.999999999514814775e-01
9.999999999514814775e-01
9.999999999514814775e-01
9.999999999514810334e-01
9.999999999514814775e-01
9.999999999514814775e-01
9.999999999514814775e-01
9.999999999514814775e-01
9.999999999514814775e-01
9.999999999514925797e-01
9.999999999514925797e-01
9.999999999514925797e-01
9.999999999514925797e-01
9.999999999514925797e-01
9.999999999514925797e-01
9.999999999514919136e-01
9.999999999514925797e-01
9.999999999514925797e-01
9.999999999514925797e-01
9.999999999514925797e-01
9.999999999514668225e-01
9.999999999514925797e-01
9.999999999514925797e-01
9.999999999514925797e-01
9.999999999514925797e-01
9.999999999514925797e-01
9.999999999514925797e-01
9.999999999514934679e-01
9.999999999514925797e-01
9.999999999514925797e-01
9.999999999514925797e-01
9.999999999514925797e-01
9.999999999514925797e-01
9.999999999514932458e-01
9.999999999514925797e-01
9.999999999514925797e-01
9.999999999514925797e-01
9.999999999514925797e-01
9.999999999514925797e-01
9.999999999514925797e-01
9.999999999514925797e-01
9.999999999514925797e-01
9.999999999514925797e-01
9.999999999514925797e-01
9.999999999514925797e-01
9.999999999514870286e-01
9.999999999514925797e-01
9.999999999514925797e-01
9.999999999514925797e-01
9.999999999514925797e-01
9.999999999514925797e-01
9.999999999514925797e-01
9.999999999514925797e-01
9.999999999514925797e-01
9.999999999514925797e-01
9.999999999514925797e-01
9.999999999514925797e-01
9.999999999514925797e-01
9.999999999514925797e-01
9.999999999514925797e-01
9.999999999514925797e-01
9.999999999514925797e-01
9.999999999514943561e-01
9.999999999514925797e-01
9.999999999514925797e-01
9.999999999514694871e-01
9.999999999514925797e-01
9.999999999514925797e-01
9.999999999514925797e-01
9.999999999514925797e-01
9.999999999514925797e-01
9.999999999514925797e-01
9.999999999514925797e-01
9.999999999514925797e-01
9.999999999514925797e-01
9.999999999514925797e-01
9.999999999514925797e-01
9.999999999514925797e-01
9.999999999514925797e-01
9.999999999514925797e-01
9.999999999514925797e-01
9.999999999514925797e-01
9.999999999514925797e-01
9.999999999514925797e-01
9.999999999514925797e-01
9.999999999514912474e-01
9.999999999514925797e-01
9.999999999515043481e-01
9.999999999515056803e-01
9.999999999515043481e-01
9.999999999515043481e-01
9.999999999515043481e-01
9.999999999515043481e-01
9.999999999515043481e-01
9.999999999515043481e-01
9.999999999515043481e-01
9.999999999515043481e-01
9.999999999515043481e-01
9.999999999515043481e-01
9.999999999512076965e-01
9.999999999515043481e-01
9.999999999515043481e-01
9.999999999515043481e-01
9.999999999515043481e-01
9.999999999515043481e-01
9.999999999515043481e-01
9.999999999515043481e-01
9.999999999515043481e-01
9.999999999515043481e-01
9.999999999515043481e-01
9.999999999515043481e-01
9.999999999515043481e-01
9.999999999515043481e-01
9.999999999515043481e-01
9.999999999515043481e-01
9.999999999515043481e-01
9.999999999515043481e-01
9.999999999515043481e-01
9.999999999515043481e-01
9.999999999515043481e-01
9.999999999515043481e-01
9.999999999515043481e-01
9.999999999515043481e-01
9.999999999515043481e-01
9.999999999515043481e-01
9.999999999515043481e-01
9.999999999515043481e-01
9.999999999514814775e-01
9.999999999514814775e-01
9.999999999514814775e-01
9.999999999514814775e-01
9.999999999514814775e-01
9.999999999514814775e-01
9.999999999514814775e-01
9.999999999514814775e-01
9.999999999514814775e-01
9.999999999514814775e-01
9.999999999514814775e-01
9.999999999514814775e-01
9.999999999514816995e-01
9.999999999514774807e-01
9.999999999514814775e-01
9.999999999514814775e-01
9.999999999514814775e-01
9.999999999514814775e-01
9.999999999514814775e-01
9.999999999514814775e-01
9.999999999514814775e-01
9.999999999514814775e-01
9.999999999514814775e-01
9.999999999514814775e-01
9.999999999514814775e-01
9.999999999514814775e-01
9.999999999514814775e-01
9.999999999514814775e-01
9.999999999514814775e-01
9.999999999514814775e-01
9.999999999514814775e-01
9.999999999514814775e-01
9.999999999514814775e-01
9.999999999514814775e-01
9.999999999514814775e-01
9.999999999514814775e-01
9.999999999514814775e-01
9.999999999514814775e-01
9.999999999514814775e-01
9.999999999515043481e-01
9.999999999515043481e-01
9.999999999515043481e-01
9.999999999515043481e-01
9.999999999515043481e-01
9.999999999515043481e-01
9.999999999515043481e-01
9.999999999515043481e-01
9.999999999515043481e-01
9.999999999515043481e-01
9.999999999515043481e-01
9.999999999515052362e-01
9.999999999515043481e-01
9.999999999515043481e-01
9.999999999515043481e-01
9.999999999515043481e-01
9.999999999515043481e-01
9.999999999515043481e-01
9.999999999515043481e-01
9.999999999515043481e-01
9.999999999515043481e-01
9.999999999514657123e-01
9.999999999515043481e-01
9.999999999515056803e-01
9.999999999515043481e-01
9.999999999515043481e-01
9.999999999515043481e-01
9.999999999515043481e-01
9.999999999515043481e-01
9.999999999515043481e-01
9.999999999515043481e-01
9.999999999515043481e-01
9.999999999515043481e-01
9.999999999515043481e-01
9.999999999515045701e-01
9.999999999515043481e-01
9.999999999515043481e-01
9.999999999515043481e-01
9.999999999515043481e-01
9.999999999514814775e-01
9.999999999514814775e-01
9.999999999514814775e-01
9.999999999514814775e-01
9.999999999514814775e-01
9.999999999514814775e-01
9.999999999514814775e-01
9.999999999514814775e-01
9.999999999514814775e-01
9.999999999514814775e-01
9.999999999514814775e-01
9.999999999514814775e-01
9.999999999514816995e-01
9.999999999514814775e-01
9.999999999514814775e-01
9.999999999514814775e-01
9.999999999514814775e-01
9.999999999514814775e-01
9.999999999514814775e-01
9.999999999514814775e-01
9.999999999514814775e-01
9.999999999514814775e-01
9.999999999514752602e-01
9.999999999514814775e-01
9.999999999514814775e-01
9.999999999514814775e-01
9.999999999514814775e-01
9.999999999514814775e-01
9.999999999514814775e-01
9.999999999514814775e-01
9.999999999514814775e-01
9.999999999514814775e-01
9.999999999514797011e-01
9.999999999514792570e-01
9.999999999514814775e-01
9.999999999514814775e-01
9.999999999514810334e-01
9.999999999514814775e-01
9.999999999514814775e-01
9.999999999514814775e-01
9.999999999515043481e-01
9.999999999515043481e-01
9.999999999515043481e-01
9.999999999515043481e-01
9.999999999515043481e-01
9.999999999515043481e-01
9.999999999515043481e-01
9.999999999515043481e-01
9.999999999515043481e-01
9.999999999515043481e-01
9.999999999515043481e-01
9.999999999515043481e-01
9.999999999515043481e-01
9.999999999515043481e-01
9.999999999515043481e-01
9.999999999515043481e-01
9.999999999515043481e-01
9.999999999515043481e-01
9.999999999515043481e-01
9.999999999515043481e-01
9.999999999515056803e-01
9.999999999515043481e-01
9.999999999515043481e-01
9.999999999515043481e-01
9.999999999515043481e-01
9.999999999515043481e-01
9.999999999515043481e-01
9.999999999515043481e-01
9.999999999515043481e-01
9.999999999515047922e-01
9.999999999515043481e-01
9.999999999515043481e-01
9.999999999515043481e-01
9.999999999515043481e-01
9.999999999515043481e-01
9.999999999515043481e-01
9.999999999515043481e-01
9.999999999515043481e-01
9.999999999515043481e-01
9.999999999514814775e-01
9.999999999514814775e-01
9.999999999514814775e-01
9.999999999514814775e-01
9.999999999514819216e-01
9.999999999514814775e-01
9.999999999514814775e-01
9.999999999514814775e-01
9.999999999514814775e-01
9.999999999514814775e-01
9.999999999514814775e-01
9.999999999514814775e-01
9.999999999514814775e-01
9.999999999514814775e-01
9.999999999514814775e-01
9.999999999514814775e-01
9.999999999514814775e-01
9.999999999514814775e-01
9.999999999514814775e-01
9.999999999514814775e-01
9.999999999514814775e-01
9.999999999514814775e-01
9.999999999514814775e-01
9.999999999514814775e-01
9.999999999514814775e-01
9.999999999514814775e-01
9.999999999514814775e-01
9.999999999514814775e-01
9.999999999514814775e-01
9.999999999514814775e-01
9.999999999514814775e-01
9.999999999514814775e-01
9.999999999514814775e-01
9.999999999514814775e-01
9.999999999514814775e-01
9.999999999514814775e-01
9.999999999514814775e-01
9.999999999514814775e-01
9.999999999514814775e-01
9.999999999514814775e-01
9.999999999514814775e-01
9.999999999514814775e-01
9.999999999514814775e-01
9.999999999514814775e-01
9.999999999514814775e-01
9.999999999514814775e-01
9.999999999514810334e-01
9.999999999514814775e-01
9.999999999514814775e-01
9.999999999514821436e-01
9.999999999514814775e-01
9.999999999514814775e-01
9.999999999514814775e-01
9.999999999514814775e-01
9.999999999514814775e-01
9.999999999514814775e-01
9.999999999514814775e-01
9.999999999514814775e-01
9.999999999514814775e-01
9.999999999514814775e-01
9.999999999514814775e-01
9.999999999514814775e-01
9.999999999514814775e-01
9.999999999514814775e-01
9.999999999514814775e-01
9.999999999514814775e-01
9.999999999514814775e-01
9.999999999514814775e-01
9.999999999514814775e-01
9.999999999514814775e-01
9.999999999514814775e-01
9.999999999514814775e-01
9.999999999514814775e-01
9.999999999514814775e-01
9.999999999514814775e-01
9.999999999514814775e-01
9.999999999514814775e-01
9.999999999514814775e-01
9.999999999514814775e-01
